0001_0068_0027_0052_0075.jpg 1 68 27 52 75
0002_0065_0003_0051_0073.jpg 1 65 3 51 73
0003_0081_0008_0038_0055.jpg 1 81 8 38 55
0004_0066_0030_0048_0069.jpg 1 66 30 48 69
0005_0087_0005_0046_0066.jpg 1 87 5 46 66
0006_0135_0015_0035_0050.jpg 1 135 15 35 50
0007_0035_0006_0042_0061.jpg 1 35 6 42 61
0008_0029_0025_0046_0065.jpg 1 29 25 46 65
0009_0083_0012_0049_0070.jpg 1 83 12 49 70
0010_0103_0008_0039_0056.jpg 1 103 8 39 56
0011_0076_0019_0046_0066.jpg 1 76 19 46 66
0012_0101_0036_0046_0066.jpg 1 101 36 46 66
0013_0129_0040_0039_0056.jpg 1 129 40 39 56
0014_0039_0032_0035_0051.jpg 1 39 32 35 51
0015_0124_0015_0038_0055.jpg 1 124 15 38 55
0016_0038_0032_0038_0055.jpg 1 38 32 38 55
0017_0105_0030_0051_0073.jpg 1 105 30 51 73
0018_0083_0027_0037_0054.jpg 1 83 27 37 54
0019_0021_0032_0041_0059.jpg 1 21 32 41 59
0020_0128_0033_0048_0069.jpg 1 128 33 48 69
0021_0087_0024_0040_0057.jpg 1 87 24 40 57
0022_0070_0006_0045_0065.jpg 1 70 6 45 65
0023_0030_0012_0037_0053.jpg 1 30 12 37 53
0024_0072_0014_0050_0072.jpg 1 72 14 50 72
0025_0040_0017_0052_0075.jpg 1 40 17 52 75
0026_0064_0035_0044_0064.jpg 1 64 35 44 64
0027_0066_0009_0051_0073.jpg 1 66 9 51 73
0028_0046_0019_0036_0051.jpg 1 46 19 36 51
0029_0108_0004_0047_0067.jpg 1 108 4 47 67
0030_0068_0013_0051_0073.jpg 1 68 13 51 73
0031_0077_0007_0037_0053.jpg 1 77 7 37 53
0032_0072_0016_0038_0055.jpg 1 72 16 38 55
0033_0108_0032_0041_0059.jpg 1 108 32 41 59
0034_0101_0041_0039_0056.jpg 1 101 41 39 56
0035_0025_0024_0035_0051.jpg 1 25 24 35 51
0036_0021_0028_0040_0057.jpg 1 21 28 40 57
0037_0019_0034_0038_0055.jpg 1 19 34 38 55
0038_0110_0017_0041_0058.jpg 1 110 17 41 58
0039_0079_0020_0048_0068.jpg 1 79 20 48 68
0040_0097_0029_0044_0063.jpg 1 97 29 44 63
0041_0071_0029_0043_0061.jpg 1 71 29 43 61
0042_0100_0013_0041_0059.jpg 1 100 13 41 59
0043_0102_0014_0042_0060.jpg 1 102 14 42 60
0044_0118_0004_0049_0070.jpg 1 118 4 49 70
0045_0065_0006_0043_0062.jpg 1 65 6 43 62
0046_0101_0017_0049_0070.jpg 1 101 17 49 70
0047_0031_0012_0047_0067.jpg 1 31 12 47 67
0048_0032_0009_0036_0051.jpg 1 32 9 36 51
0049_0040_0021_0048_0069.jpg 1 40 21 48 69
0050_0086_0023_0044_0063.jpg 1 86 23 44 63
0051_0054_0013_0036_0051.jpg 1 54 13 36 51
0052_0076_0006_0040_0057.jpg 1 76 6 40 57
0053_0126_0015_0042_0060.jpg 1 126 15 42 60
0054_0052_0029_0051_0073.jpg 1 52 29 51 73
0055_0057_0044_0038_0055.jpg 1 57 44 38 55
0056_0044_0013_0049_0071.jpg 1 44 13 49 71
0057_0059_0030_0035_0051.jpg 1 59 30 35 51
0058_0050_0021_0036_0052.jpg 1 50 21 36 52
0059_0092_0011_0049_0070.jpg 1 92 11 49 70
0060_0020_0006_0048_0069.jpg 1 20 6 48 69
0061_0065_0015_0044_0062.jpg 1 65 15 44 62
0062_0079_0019_0049_0071.jpg 1 79 19 49 71
0063_0058_0017_0046_0067.jpg 1 58 17 46 67
0064_0047_0037_0042_0060.jpg 1 47 37 42 60
0065_0023_0020_0036_0052.jpg 1 23 20 36 52
0066_0025_0010_0046_0066.jpg 1 25 10 46 66
0067_0088_0026_0047_0067.jpg 1 88 26 47 67
0068_0078_0033_0041_0058.jpg 1 78 33 41 58
0069_0095_0031_0046_0066.jpg 1 95 31 46 66
0070_0101_0009_0051_0074.jpg 1 101 9 51 74
0071_0052_0020_0043_0062.jpg 1 52 20 43 62
0072_0133_0017_0043_0062.jpg 1 133 17 43 62
0073_0086_0036_0044_0063.jpg 1 86 36 44 63
0074_0027_0016_0038_0055.jpg 1 27 16 38 55
0075_0052_0005_0046_0067.jpg 1 52 5 46 67
0076_0121_0010_0036_0052.jpg 1 121 10 36 52
0077_0111_0022_0045_0064.jpg 1 111 22 45 64
0078_0106_0043_0039_0056.jpg 1 106 43 39 56
0079_0112_0030_0048_0069.jpg 1 112 30 48 69
0080_0110_0009_0044_0063.jpg 1 110 9 44 63
0081_0078_0009_0043_0062.jpg 1 78 9 43 62
0082_0039_0010_0043_0062.jpg 1 39 10 43 62
0083_0055_0004_0052_0074.jpg 1 55 4 52 74
0084_0053_0024_0040_0058.jpg 1 53 24 40 58
0085_0094_0011_0044_0062.jpg 1 94 11 44 62
0086_0126_0011_0050_0072.jpg 1 126 11 50 72
0087_0076_0017_0039_0056.jpg 1 76 17 39 56
0088_0067_0011_0051_0073.jpg 1 67 11 51 73
0089_0021_0031_0036_0052.jpg 1 21 31 36 52
0090_0061_0005_0046_0065.jpg 1 61 5 46 65
0091_0065_0023_0044_0063.jpg 1 65 23 44 63
0092_0063_0016_0043_0062.jpg 1 63 16 43 62
0093_0088_0029_0044_0063.jpg 1 88 29 44 63
0094_0104_0042_0037_0053.jpg 1 104 42 37 53
0095_0048_0009_0038_0055.jpg 1 48 9 38 55
0096_0102_0017_0046_0065.jpg 1 102 17 46 65
0097_0109_0020_0038_0055.jpg 1 109 20 38 55
0098_0060_0022_0051_0073.jpg 1 60 22 51 73
0099_0042_0013_0049_0070.jpg 1 42 13 49 70
0100_0030_0031_0044_0064.jpg 1 30 31 44 64
0101_0058_0006_0049_0070.jpg 1 58 6 49 70
0102_0095_0018_0051_0073.jpg 1 95 18 51 73
0103_0100_0041_0042_0061.jpg 1 100 41 42 61
0104_0118_0028_0052_0074.jpg 1 118 28 52 74
0105_0082_0018_0036_0051.jpg 1 82 18 36 51
0106_0056_0016_0045_0064.jpg 1 56 16 45 64
0107_0039_0032_0041_0058.jpg 1 39 32 41 58
0108_0093_0045_0038_0054.jpg 1 93 45 38 54
0109_0102_0027_0043_0061.jpg 1 102 27 43 61
0110_0065_0010_0049_0070.jpg 1 65 10 49 70
0111_0090_0016_0046_0066.jpg 1 90 16 46 66
0112_0136_0028_0035_0050.jpg 1 136 28 35 50
0113_0071_0049_0036_0052.jpg 1 71 49 36 52
0114_0024_0035_0036_0052.jpg 1 24 35 36 52
0115_0056_0022_0051_0072.jpg 1 56 22 51 72
0116_0126_0029_0036_0052.jpg 1 126 29 36 52
0117_0045_0011_0052_0075.jpg 1 45 11 52 75
0118_0124_0025_0035_0050.jpg 1 124 25 35 50
0119_0076_0014_0049_0071.jpg 1 76 14 49 71
0120_0043_0034_0042_0060.jpg 1 43 34 42 60
0121_0113_0039_0037_0053.jpg 1 113 39 37 53
0122_0114_0033_0048_0069.jpg 1 114 33 48 69
0123_0077_0004_0052_0074.jpg 1 77 4 52 74
0124_0020_0006_0048_0069.jpg 1 20 6 48 69
0125_0091_0010_0039_0057.jpg 1 91 10 39 57
0126_0112_0023_0037_0053.jpg 1 112 23 37 53
0127_0082_0017_0039_0055.jpg 1 82 17 39 55
0128_0117_0016_0040_0057.jpg 1 117 16 40 57
0129_0105_0007_0043_0061.jpg 1 105 7 43 61
0130_0111_0013_0052_0075.jpg 1 111 13 52 75
0131_0026_0014_0042_0060.jpg 1 26 14 42 60
0132_0050_0024_0035_0051.jpg 1 50 24 35 51
0133_0052_0044_0040_0058.jpg 1 52 44 40 58
0134_0087_0016_0046_0066.jpg 1 87 16 46 66
0135_0044_0034_0043_0062.jpg 1 44 34 43 62
0136_0036_0022_0044_0063.jpg 1 36 22 44 63
0137_0040_0018_0050_0071.jpg 1 40 18 50 71
0138_0109_0029_0035_0050.jpg 1 109 29 35 50
0139_0021_0025_0041_0059.jpg 1 21 25 41 59
0140_0065_0005_0047_0067.jpg 1 65 5 47 67
0141_0106_0033_0043_0061.jpg 1 106 33 43 61
0142_0125_0011_0043_0062.jpg 1 125 11 43 62
0143_0087_0008_0042_0060.jpg 1 87 8 42 60
0144_0101_0033_0035_0050.jpg 1 101 33 35 50
0145_0037_0014_0050_0072.jpg 1 37 14 50 72
0146_0040_0026_0047_0067.jpg 1 40 26 47 67
0147_0119_0016_0052_0075.jpg 1 119 16 52 75
0148_0109_0034_0035_0050.jpg 1 109 34 35 50
0149_0114_0008_0043_0062.jpg 1 114 8 43 62
0150_0099_0027_0047_0067.jpg 1 99 27 47 67
0151_0053_0017_0042_0060.jpg 1 53 17 42 60
0152_0110_0009_0036_0052.jpg 1 110 9 36 52
0153_0133_0040_0036_0052.jpg 1 133 40 36 52
0154_0113_0029_0050_0071.jpg 1 113 29 50 71
0155_0096_0028_0051_0073.jpg 1 96 28 51 73
0156_0057_0016_0035_0051.jpg 1 57 16 35 51
0157_0102_0030_0037_0054.jpg 1 102 30 37 54
0158_0050_0024_0047_0068.jpg 1 50 24 47 68
0159_0093_0006_0047_0068.jpg 1 93 6 47 68
0160_0121_0040_0042_0060.jpg 1 121 40 42 60
0161_0114_0041_0040_0058.jpg 1 114 41 40 58
0162_0122_0019_0048_0069.jpg 1 122 19 48 69
0163_0046_0020_0044_0063.jpg 1 46 20 44 63
0164_0078_0039_0037_0053.jpg 1 78 39 37 53
0165_0021_0015_0039_0056.jpg 1 21 15 39 56
0166_0077_0014_0042_0060.jpg 1 77 14 42 60
0167_0139_0012_0036_0052.jpg 1 139 12 36 52
0168_0047_0015_0039_0055.jpg 1 47 15 39 55
0169_0029_0037_0042_0060.jpg 1 29 37 42 60
0170_0031_0019_0042_0061.jpg 1 31 19 42 61
0171_0064_0014_0049_0071.jpg 1 64 14 49 71
0172_0103_0012_0045_0064.jpg 1 103 12 45 64
0173_0075_0012_0049_0071.jpg 1 75 12 49 71
0174_0103_0012_0050_0071.jpg 1 103 12 50 71
0175_0111_0020_0052_0075.jpg 1 111 20 52 75
0176_0061_0025_0040_0057.jpg 1 61 25 40 57
0177_0034_0008_0048_0069.jpg 1 34 8 48 69
0178_0124_0031_0037_0053.jpg 1 124 31 37 53
0179_0032_0020_0043_0062.jpg 1 32 20 43 62
0180_0112_0026_0049_0070.jpg 1 112 26 49 70
0181_0102_0038_0039_0056.jpg 1 102 38 39 56
0182_0123_0024_0049_0071.jpg 1 123 24 49 71
0183_0099_0015_0042_0061.jpg 1 99 15 42 61
0184_0104_0019_0049_0071.jpg 1 104 19 49 71
0185_0025_0027_0035_0051.jpg 1 25 27 35 51
0186_0052_0014_0036_0051.jpg 1 52 14 36 51
0187_0064_0032_0049_0070.jpg 1 64 32 49 70
0188_0025_0026_0052_0074.jpg 1 25 26 52 74
0189_0103_0018_0049_0070.jpg 1 103 18 49 70
0190_0110_0009_0052_0074.jpg 1 110 9 52 74
0191_0134_0041_0041_0058.jpg 1 134 41 41 58
0192_0111_0034_0038_0055.jpg 1 111 34 38 55
0193_0027_0034_0042_0061.jpg 1 27 34 42 61
0194_0096_0018_0049_0070.jpg 1 96 18 49 70
0195_0056_0007_0048_0069.jpg 1 56 7 48 69
0196_0105_0047_0038_0055.jpg 1 105 47 38 55
0197_0032_0017_0045_0064.jpg 1 32 17 45 64
0198_0068_0011_0049_0070.jpg 1 68 11 49 70
0199_0076_0033_0044_0062.jpg 1 76 33 44 62
0200_0106_0028_0049_0070.jpg 1 106 28 49 70
0201_0068_0035_0039_0056.jpg 1 68 35 39 56
0202_0125_0026_0050_0071.jpg 1 125 26 50 71
0203_0102_0035_0045_0064.jpg 1 102 35 45 64
0204_0077_0009_0049_0070.jpg 1 77 9 49 70
0205_0120_0039_0044_0063.jpg 1 120 39 44 63
0206_0047_0028_0043_0062.jpg 1 47 28 43 62
0207_0037_0031_0041_0059.jpg 1 37 31 41 59
0208_0122_0008_0043_0061.jpg 1 122 8 43 61
0209_0028_0023_0051_0072.jpg 1 28 23 51 72
0210_0020_0026_0035_0050.jpg 1 20 26 35 50
0211_0076_0034_0039_0056.jpg 1 76 34 39 56
0212_0031_0012_0051_0073.jpg 1 31 12 51 73
0213_0023_0028_0041_0059.jpg 1 23 28 41 59
0214_0077_0011_0043_0061.jpg 1 77 11 43 61
0215_0068_0028_0040_0058.jpg 1 68 28 40 58
0216_0092_0014_0047_0067.jpg 1 92 14 47 67
0217_0080_0005_0048_0069.jpg 1 80 5 48 69
0218_0128_0005_0042_0061.jpg 1 128 5 42 61
0219_0027_0027_0050_0072.jpg 1 27 27 50 72
0220_0113_0027_0035_0051.jpg 1 113 27 35 51
0221_0044_0024_0041_0058.jpg 1 44 24 41 58
0222_0118_0039_0035_0051.jpg 1 118 39 35 51
0223_0047_0036_0035_0051.jpg 1 47 36 35 51
0224_0034_0014_0042_0060.jpg 1 34 14 42 60
0225_0063_0009_0045_0064.jpg 1 63 9 45 64
0226_0071_0016_0050_0071.jpg 1 71 16 50 71
0227_0060_0005_0044_0063.jpg 1 60 5 44 63
0228_0040_0012_0042_0061.jpg 1 40 12 42 61
0229_0095_0033_0035_0050.jpg 1 95 33 35 50
0230_0107_0034_0040_0057.jpg 1 107 34 40 57
0231_0076_0007_0041_0058.jpg 1 76 7 41 58
0232_0017_0012_0050_0071.jpg 1 17 12 50 71
0233_0094_0032_0044_0063.jpg 1 94 32 44 63
0234_0129_0037_0043_0062.jpg 1 129 37 43 62
0235_0027_0036_0035_0050.jpg 1 27 36 35 50
0236_0038_0021_0046_0066.jpg 1 38 21 46 66
0237_0096_0011_0043_0061.jpg 1 96 11 43 61
0238_0038_0027_0047_0067.jpg 1 38 27 47 67
0239_0086_0024_0043_0061.jpg 1 86 24 43 61
0240_0023_0014_0042_0060.jpg 1 23 14 42 60
0241_0025_0006_0035_0051.jpg 1 25 6 35 51
0242_0081_0027_0045_0064.jpg 1 81 27 45 64
0243_0087_0004_0049_0071.jpg 1 87 4 49 71
0244_0046_0010_0035_0050.jpg 1 46 10 35 50
0245_0077_0017_0040_0057.jpg 1 77 17 40 57
0246_0083_0008_0043_0062.jpg 1 83 8 43 62
0247_0047_0029_0051_0073.jpg 1 47 29 51 73
0248_0113_0012_0043_0062.jpg 1 113 12 43 62
0249_0087_0041_0043_0061.jpg 1 87 41 43 61
0250_0118_0029_0046_0066.jpg 1 118 29 46 66
0251_0046_0014_0036_0052.jpg 1 46 14 36 52
0252_0019_0043_0041_0059.jpg 1 19 43 41 59
0253_0136_0034_0038_0055.jpg 1 136 34 38 55
0254_0016_0031_0036_0051.jpg 1 16 31 36 51
0255_0110_0023_0038_0055.jpg 1 110 23 38 55
0256_0078_0019_0040_0058.jpg 1 78 19 40 58
0257_0090_0028_0049_0070.jpg 1 90 28 49 70
0258_0030_0005_0039_0056.jpg 1 30 5 39 56
0259_0028_0038_0042_0060.jpg 1 28 38 42 60
0260_0053_0005_0052_0075.jpg 1 53 5 52 75
0261_0120_0014_0035_0051.jpg 1 120 14 35 51
0262_0023_0016_0045_0065.jpg 1 23 16 45 65
0263_0091_0027_0046_0066.jpg 1 91 27 46 66
0264_0109_0031_0049_0071.jpg 1 109 31 49 71
0265_0086_0032_0048_0068.jpg 1 86 32 48 68
0266_0107_0022_0038_0054.jpg 1 107 22 38 54
0267_0123_0031_0039_0056.jpg 1 123 31 39 56
0268_0033_0009_0051_0073.jpg 1 33 9 51 73
0269_0124_0026_0040_0057.jpg 1 124 26 40 57
0270_0026_0007_0038_0054.jpg 1 26 7 38 54
0271_0105_0007_0041_0059.jpg 1 105 7 41 59
0272_0031_0012_0035_0050.jpg 1 31 12 35 50
0273_0088_0019_0050_0071.jpg 1 88 19 50 71
0274_0033_0035_0043_0061.jpg 1 33 35 43 61
0275_0063_0016_0048_0069.jpg 1 63 16 48 69
0276_0116_0008_0046_0066.jpg 1 116 8 46 66
0277_0109_0018_0048_0069.jpg 1 109 18 48 69
0278_0042_0024_0038_0054.jpg 1 42 24 38 54
0279_0072_0010_0051_0073.jpg 1 72 10 51 73
0280_0017_0012_0051_0073.jpg 1 17 12 51 73
0281_0052_0033_0047_0068.jpg 1 52 33 47 68
0282_0028_0004_0051_0073.jpg 1 28 4 51 73
0283_0018_0009_0050_0071.jpg 1 18 9 50 71
0284_0047_0029_0048_0069.jpg 1 47 29 48 69
0285_0123_0007_0042_0060.jpg 1 123 7 42 60
0286_0095_0022_0045_0064.jpg 1 95 22 45 64
0287_0120_0017_0044_0062.jpg 1 120 17 44 62
0288_0036_0017_0049_0070.jpg 1 36 17 49 70
0289_0116_0028_0050_0071.jpg 1 116 28 50 71
0290_0116_0012_0050_0071.jpg 1 116 12 50 71
0291_0031_0004_0050_0072.jpg 1 31 4 50 72
0292_0052_0020_0040_0057.jpg 1 52 20 40 57
0293_0020_0010_0050_0072.jpg 1 20 10 50 72
0294_0064_0018_0052_0074.jpg 1 64 18 52 74
0295_0052_0019_0052_0074.jpg 1 52 19 52 74
0296_0113_0033_0048_0068.jpg 1 113 33 48 68
0297_0051_0029_0048_0069.jpg 1 51 29 48 69
0298_0134_0036_0041_0059.jpg 1 134 36 41 59
0299_0015_0043_0038_0055.jpg 1 15 43 38 55
0300_0023_0031_0035_0050.jpg 1 23 31 35 50
0301_0041_0029_0042_0060.jpg 1 41 29 42 60
0302_0066_0012_0038_0054.jpg 1 66 12 38 54
0303_0063_0019_0043_0062.jpg 1 63 19 43 62
0304_0049_0017_0043_0062.jpg 1 49 17 43 62
0305_0061_0032_0045_0064.jpg 1 61 32 45 64
0306_0099_0007_0042_0061.jpg 1 99 7 42 61
0307_0106_0042_0040_0057.jpg 1 106 42 40 57
0308_0131_0021_0038_0055.jpg 1 131 21 38 55
0309_0104_0030_0048_0068.jpg 1 104 30 48 68
0310_0122_0018_0043_0061.jpg 1 122 18 43 61
0311_0134_0038_0038_0055.jpg 1 134 38 38 55
0312_0132_0015_0035_0050.jpg 1 132 15 35 50
0313_0056_0023_0039_0056.jpg 1 56 23 39 56
0314_0113_0010_0049_0070.jpg 1 113 10 49 70
0315_0092_0025_0050_0071.jpg 1 92 25 50 71
0316_0034_0027_0045_0065.jpg 1 34 27 45 65
0317_0095_0007_0038_0055.jpg 1 95 7 38 55
0318_0118_0026_0050_0072.jpg 1 118 26 50 72
0319_0125_0021_0048_0069.jpg 1 125 21 48 69
0320_0037_0026_0049_0071.jpg 1 37 26 49 71
0321_0014_0024_0049_0070.jpg 1 14 24 49 70
0322_0033_0019_0048_0069.jpg 1 33 19 48 69
0323_0026_0015_0048_0069.jpg 1 26 15 48 69
0324_0128_0012_0045_0064.jpg 1 128 12 45 64
0325_0016_0044_0037_0053.jpg 1 16 44 37 53
0326_0104_0025_0036_0052.jpg 1 104 25 36 52
0327_0023_0026_0040_0057.jpg 1 23 26 40 57
0328_0115_0033_0048_0069.jpg 1 115 33 48 69
0329_0110_0014_0045_0065.jpg 1 110 14 45 65
0330_0076_0017_0045_0065.jpg 1 76 17 45 65
0331_0129_0034_0044_0063.jpg 1 129 34 44 63
0332_0055_0029_0036_0052.jpg 1 55 29 36 52
0333_0083_0038_0040_0057.jpg 1 83 38 40 57
0334_0126_0013_0042_0061.jpg 1 126 13 42 61
0335_0029_0028_0047_0068.jpg 1 29 28 47 68
0336_0077_0042_0038_0054.jpg 1 77 42 38 54
0337_0059_0021_0039_0057.jpg 1 59 21 39 57
0338_0100_0043_0035_0050.jpg 1 100 43 35 50
0339_0042_0025_0042_0060.jpg 1 42 25 42 60
0340_0104_0030_0036_0051.jpg 1 104 30 36 51
0341_0038_0029_0044_0064.jpg 1 38 29 44 64
0342_0055_0018_0046_0065.jpg 1 55 18 46 65
0343_0102_0011_0042_0061.jpg 1 102 11 42 61
0344_0106_0037_0046_0066.jpg 1 106 37 46 66
0345_0057_0012_0045_0064.jpg 1 57 12 45 64
0346_0063_0021_0036_0051.jpg 1 63 21 36 51
0347_0116_0007_0048_0068.jpg 1 116 7 48 68
0348_0103_0025_0035_0050.jpg 1 103 25 35 50
0349_0069_0005_0042_0060.jpg 1 69 5 42 60
0350_0117_0012_0052_0074.jpg 1 117 12 52 74
0351_0084_0039_0042_0061.jpg 1 84 39 42 61
0352_0051_0035_0042_0061.jpg 1 51 35 42 61
0353_0101_0028_0051_0073.jpg 1 101 28 51 73
0354_0055_0008_0049_0070.jpg 1 55 8 49 70
0355_0079_0017_0037_0054.jpg 1 79 17 37 54
0356_0125_0042_0039_0056.jpg 1 125 42 39 56
0357_0038_0033_0041_0059.jpg 1 38 33 41 59
0358_0058_0014_0048_0069.jpg 1 58 14 48 69
0359_0037_0018_0046_0067.jpg 1 37 18 46 67
0360_0048_0024_0043_0061.jpg 1 48 24 43 61
0361_0096_0034_0046_0065.jpg 1 96 34 46 65
0362_0074_0033_0043_0061.jpg 1 74 33 43 61
0363_0052_0038_0041_0059.jpg 1 52 38 41 59
0364_0115_0017_0052_0075.jpg 1 115 17 52 75
0365_0034_0034_0046_0066.jpg 1 34 34 46 66
0366_0034_0019_0039_0056.jpg 1 34 19 39 56
0367_0115_0013_0037_0054.jpg 1 115 13 37 54
0368_0033_0047_0038_0055.jpg 1 33 47 38 55
0369_0090_0031_0048_0068.jpg 1 90 31 48 68
0370_0096_0031_0042_0060.jpg 1 96 31 42 60
0371_0094_0026_0037_0054.jpg 1 94 26 37 54
0372_0051_0020_0041_0059.jpg 1 51 20 41 59
0373_0036_0008_0048_0069.jpg 1 36 8 48 69
0374_0033_0010_0038_0054.jpg 1 33 10 38 54
0375_0071_0030_0041_0059.jpg 1 71 30 41 59
0376_0074_0007_0041_0058.jpg 1 74 7 41 58
0377_0093_0008_0037_0053.jpg 1 93 8 37 53
0378_0119_0022_0044_0063.jpg 1 119 22 44 63
0379_0105_0013_0039_0056.jpg 1 105 13 39 56
0380_0122_0026_0050_0072.jpg 1 122 26 50 72
0381_0131_0018_0044_0063.jpg 1 131 18 44 63
0382_0083_0026_0051_0074.jpg 1 83 26 51 74
0383_0053_0003_0052_0075.jpg 1 53 3 52 75
0384_0057_0035_0036_0051.jpg 1 57 35 36 51
0385_0098_0031_0046_0066.jpg 1 98 31 46 66
0386_0048_0024_0035_0050.jpg 1 48 24 35 50
0387_0104_0050_0035_0050.jpg 1 104 50 35 50
0388_0133_0021_0037_0053.jpg 1 133 21 37 53
0389_0103_0037_0046_0066.jpg 1 103 37 46 66
0390_0038_0035_0037_0054.jpg 1 38 35 37 54
0391_0045_0029_0050_0071.jpg 1 45 29 50 71
0392_0124_0003_0048_0069.jpg 1 124 3 48 69
0393_0101_0013_0047_0068.jpg 1 101 13 47 68
0394_0030_0012_0040_0058.jpg 1 30 12 40 58
0395_0117_0029_0038_0054.jpg 1 117 29 38 54
0396_0076_0028_0046_0065.jpg 1 76 28 46 65
0397_0021_0024_0043_0062.jpg 1 21 24 43 62
0398_0127_0028_0043_0062.jpg 1 127 28 43 62
0399_0101_0023_0036_0051.jpg 1 101 23 36 51
0400_0055_0021_0048_0069.jpg 1 55 21 48 69
0401_0096_0035_0038_0055.jpg 1 96 35 38 55
0402_0080_0040_0042_0061.jpg 1 80 40 42 61
0403_0089_0009_0046_0066.jpg 1 89 9 46 66
0404_0036_0021_0037_0054.jpg 1 36 21 37 54
0405_0045_0034_0046_0066.jpg 1 45 34 46 66
0406_0111_0038_0044_0063.jpg 1 111 38 44 63
0407_0083_0014_0043_0061.jpg 1 83 14 43 61
0408_0078_0035_0042_0060.jpg 1 78 35 42 60
0409_0064_0013_0048_0068.jpg 1 64 13 48 68
0410_0047_0031_0044_0063.jpg 1 47 31 44 63
0411_0036_0021_0035_0050.jpg 1 36 21 35 50
0412_0020_0044_0040_0058.jpg 1 20 44 40 58
0413_0033_0012_0044_0062.jpg 1 33 12 44 62
0414_0102_0024_0044_0064.jpg 1 102 24 44 64
0415_0065_0014_0042_0060.jpg 1 65 14 42 60
0416_0085_0034_0040_0057.jpg 1 85 34 40 57
0417_0106_0021_0037_0052.jpg 1 106 21 37 52
0418_0128_0009_0046_0066.jpg 1 128 9 46 66
0419_0063_0026_0052_0074.jpg 1 63 26 52 74
0420_0018_0012_0046_0066.jpg 1 18 12 46 66
0421_0087_0024_0048_0069.jpg 1 87 24 48 69
0422_0125_0007_0044_0063.jpg 1 125 7 44 63
0423_0044_0024_0044_0064.jpg 1 44 24 44 64
0424_0054_0006_0048_0068.jpg 1 54 6 48 68
0425_0075_0035_0041_0059.jpg 1 75 35 41 59
0426_0084_0046_0035_0051.jpg 1 84 46 35 51
0427_0086_0037_0035_0050.jpg 1 86 37 35 50
0428_0070_0026_0041_0058.jpg 1 70 26 41 58
0429_0121_0012_0039_0056.jpg 1 121 12 39 56
0430_0063_0017_0042_0060.jpg 1 63 17 42 60
0431_0125_0007_0051_0073.jpg 1 125 7 51 73
0432_0068_0019_0043_0062.jpg 1 68 19 43 62
0433_0124_0018_0048_0069.jpg 1 124 18 48 69
0434_0039_0039_0036_0052.jpg 1 39 39 36 52
0435_0080_0023_0051_0073.jpg 1 80 23 51 73
0436_0111_0013_0045_0065.jpg 1 111 13 45 65
0437_0036_0031_0046_0065.jpg 1 36 31 46 65
0438_0052_0041_0041_0059.jpg 1 52 41 41 59
0439_0028_0013_0038_0054.jpg 1 28 13 38 54
0440_0024_0031_0048_0068.jpg 1 24 31 48 68
0441_0076_0028_0042_0060.jpg 1 76 28 42 60
0442_0035_0013_0041_0059.jpg 1 35 13 41 59
0443_0034_0004_0051_0073.jpg 1 34 4 51 73
0444_0034_0009_0052_0074.jpg 1 34 9 52 74
0445_0055_0010_0040_0057.jpg 1 55 10 40 57
0446_0021_0019_0040_0058.jpg 1 21 19 40 58
0447_0073_0034_0044_0063.jpg 1 73 34 44 63
0448_0081_0023_0050_0072.jpg 1 81 23 50 72
0449_0121_0028_0047_0067.jpg 1 121 28 47 67
0450_0051_0035_0045_0065.jpg 1 51 35 45 65
0451_0120_0032_0046_0066.jpg 1 120 32 46 66
0452_0086_0012_0049_0070.jpg 1 86 12 49 70
0453_0088_0016_0048_0068.jpg 1 88 16 48 68
0454_0122_0012_0037_0053.jpg 1 122 12 37 53
0455_0044_0026_0035_0050.jpg 1 44 26 35 50
0456_0060_0036_0044_0063.jpg 1 60 36 44 63
0457_0067_0029_0049_0071.jpg 1 67 29 49 71
0458_0068_0040_0038_0055.jpg 1 68 40 38 55
0459_0050_0023_0043_0062.jpg 1 50 23 43 62
0460_0131_0033_0043_0062.jpg 1 131 33 43 62
0461_0063_0019_0042_0061.jpg 1 63 19 42 61
0462_0112_0010_0038_0054.jpg 1 112 10 38 54
0463_0040_0031_0042_0060.jpg 1 40 31 42 60
0464_0060_0028_0044_0063.jpg 1 60 28 44 63
0465_0065_0008_0037_0053.jpg 1 65 8 37 53
0466_0114_0026_0049_0070.jpg 1 114 26 49 70
0467_0047_0051_0035_0050.jpg 1 47 51 35 50
0468_0102_0022_0046_0066.jpg 1 102 22 46 66
0469_0077_0013_0041_0058.jpg 1 77 13 41 58
0470_0058_0009_0037_0053.jpg 1 58 9 37 53
0471_0060_0014_0052_0075.jpg 1 60 14 52 75
0472_0093_0038_0037_0053.jpg 1 93 38 37 53
0473_0062_0044_0038_0055.jpg 1 62 44 38 55
0474_0043_0022_0037_0052.jpg 1 43 22 37 52
0475_0043_0025_0052_0075.jpg 1 43 25 52 75
0476_0065_0016_0044_0063.jpg 1 65 16 44 63
0477_0067_0025_0050_0072.jpg 1 67 25 50 72
0478_0135_0032_0037_0053.jpg 1 135 32 37 53
0479_0047_0045_0039_0057.jpg 1 47 45 39 57
0480_0068_0021_0047_0067.jpg 1 68 21 47 67
0481_0086_0006_0036_0052.jpg 1 86 6 36 52
0482_0125_0041_0042_0060.jpg 1 125 41 42 60
0483_0070_0030_0037_0053.jpg 1 70 30 37 53
0484_0046_0008_0049_0071.jpg 1 46 8 49 71
0485_0041_0014_0047_0067.jpg 1 41 14 47 67
0486_0075_0034_0037_0052.jpg 1 75 34 37 52
0487_0065_0009_0052_0075.jpg 1 65 9 52 75
0488_0105_0036_0039_0055.jpg 1 105 36 39 55
0489_0094_0011_0051_0074.jpg 1 94 11 51 74
0490_0116_0003_0051_0073.jpg 1 116 3 51 73
0491_0074_0030_0051_0073.jpg 1 74 30 51 73
0492_0033_0008_0049_0070.jpg 1 33 8 49 70
0493_0131_0005_0042_0060.jpg 1 131 5 42 60
0494_0044_0037_0043_0062.jpg 1 44 37 43 62
0495_0078_0016_0052_0074.jpg 1 78 16 52 74
0496_0056_0019_0050_0072.jpg 1 56 19 50 72
0497_0085_0048_0037_0053.jpg 1 85 48 37 53
0498_0037_0008_0045_0065.jpg 1 37 8 45 65
0499_0019_0035_0046_0066.jpg 1 19 35 46 66
0500_0030_0025_0042_0060.jpg 1 30 25 42 60
0501_0036_0005_0045_0064.jpg 1 36 5 45 64
0502_0103_0041_0037_0053.jpg 1 103 41 37 53
0503_0055_0018_0042_0060.jpg 1 55 18 42 60
0504_0048_0012_0036_0052.jpg 1 48 12 36 52
0505_0036_0023_0050_0071.jpg 1 36 23 50 71
0506_0043_0025_0048_0068.jpg 1 43 25 48 68
0507_0031_0025_0040_0057.jpg 1 31 25 40 57
0508_0125_0027_0046_0066.jpg 1 125 27 46 66
0509_0121_0021_0047_0068.jpg 1 121 21 47 68
0510_0057_0009_0048_0068.jpg 1 57 9 48 68
0511_0091_0026_0041_0058.jpg 1 91 26 41 58
0512_0079_0026_0036_0051.jpg 1 79 26 36 51
0513_0050_0036_0039_0056.jpg 1 50 36 39 56
0514_0121_0010_0052_0074.jpg 1 121 10 52 74
0515_0054_0021_0047_0067.jpg 1 54 21 47 67
0516_0082_0032_0044_0063.jpg 1 82 32 44 63
0517_0084_0011_0043_0062.jpg 1 84 11 43 62
0518_0048_0011_0046_0066.jpg 1 48 11 46 66
0519_0054_0007_0046_0066.jpg 1 54 7 46 66
0520_0127_0010_0050_0071.jpg 1 127 10 50 71
0521_0095_0032_0043_0061.jpg 1 95 32 43 61
0522_0108_0006_0040_0057.jpg 1 108 6 40 57
0523_0099_0022_0036_0052.jpg 1 99 22 36 52
0524_0051_0034_0042_0060.jpg 1 51 34 42 60
0525_0061_0015_0042_0060.jpg 1 61 15 42 60
0526_0074_0041_0039_0056.jpg 1 74 41 39 56
0527_0016_0011_0049_0071.jpg 1 16 11 49 71
0528_0079_0006_0042_0061.jpg 1 79 6 42 61
0529_0095_0013_0051_0073.jpg 1 95 13 51 73
0530_0038_0030_0049_0070.jpg 1 38 30 49 70
0531_0102_0013_0051_0073.jpg 1 102 13 51 73
0532_0055_0017_0041_0059.jpg 1 55 17 41 59
0533_0125_0023_0038_0055.jpg 1 125 23 38 55
0534_0102_0034_0042_0060.jpg 1 102 34 42 60
0535_0036_0040_0042_0061.jpg 1 36 40 42 61
0536_0020_0018_0040_0058.jpg 1 20 18 40 58
0537_0100_0033_0049_0070.jpg 1 100 33 49 70
0538_0073_0032_0048_0069.jpg 1 73 32 48 69
0539_0108_0045_0036_0052.jpg 1 108 45 36 52
0540_0036_0024_0052_0074.jpg 1 36 24 52 74
0541_0097_0013_0045_0065.jpg 1 97 13 45 65
0542_0112_0007_0036_0052.jpg 1 112 7 36 52
0543_0041_0017_0036_0051.jpg 1 41 17 36 51
0544_0059_0012_0039_0056.jpg 1 59 12 39 56
0545_0083_0014_0042_0060.jpg 1 83 14 42 60
0546_0092_0037_0045_0064.jpg 1 92 37 45 64
0547_0021_0023_0045_0065.jpg 1 21 23 45 65
0548_0042_0037_0036_0051.jpg 1 42 37 36 51
0549_0038_0031_0035_0051.jpg 1 38 31 35 51
0550_0069_0009_0049_0070.jpg 1 69 9 49 70
0551_0018_0044_0035_0050.jpg 1 18 44 35 50
0552_0103_0004_0051_0073.jpg 1 103 4 51 73
0553_0025_0016_0041_0059.jpg 1 25 16 41 59
0554_0061_0018_0045_0065.jpg 1 61 18 45 65
0555_0099_0031_0045_0065.jpg 1 99 31 45 65
0556_0055_0045_0036_0052.jpg 1 55 45 36 52
0557_0018_0006_0051_0073.jpg 1 18 6 51 73
0558_0134_0013_0039_0056.jpg 1 134 13 39 56
0559_0115_0007_0037_0053.jpg 1 115 7 37 53
0560_0055_0032_0039_0056.jpg 1 55 32 39 56
0561_0110_0041_0037_0054.jpg 1 110 41 37 54
0562_0066_0022_0035_0050.jpg 1 66 22 35 50
0563_0095_0025_0038_0055.jpg 1 95 25 38 55
0564_0029_0003_0052_0074.jpg 1 29 3 52 74
0565_0111_0037_0045_0064.jpg 1 111 37 45 64
0566_0067_0028_0050_0072.jpg 1 67 28 50 72
0567_0094_0011_0045_0064.jpg 1 94 11 45 64
0568_0062_0022_0047_0067.jpg 1 62 22 47 67
0569_0104_0008_0043_0062.jpg 1 104 8 43 62
0570_0096_0021_0050_0072.jpg 1 96 21 50 72
0571_0107_0043_0035_0050.jpg 1 107 43 35 50
0572_0074_0017_0047_0067.jpg 1 74 17 47 67
0573_0063_0038_0037_0053.jpg 1 63 38 37 53
0574_0036_0009_0047_0067.jpg 1 36 9 47 67
0575_0021_0026_0048_0068.jpg 1 21 26 48 68
0576_0036_0042_0037_0053.jpg 1 36 42 37 53
0577_0020_0034_0043_0061.jpg 1 20 34 43 61
0578_0039_0024_0047_0068.jpg 1 39 24 47 68
0579_0044_0032_0048_0069.jpg 1 44 32 48 69
0580_0075_0027_0047_0068.jpg 1 75 27 47 68
0581_0044_0023_0040_0057.jpg 1 44 23 40 57
0582_0119_0008_0047_0067.jpg 1 119 8 47 67
0583_0046_0032_0043_0062.jpg 1 46 32 43 62
0584_0043_0014_0049_0070.jpg 1 43 14 49 70
0585_0068_0018_0049_0070.jpg 1 68 18 49 70
0586_0090_0012_0046_0066.jpg 1 90 12 46 66
0587_0094_0031_0042_0061.jpg 1 94 31 42 61
0588_0095_0028_0041_0059.jpg 1 95 28 41 59
0589_0114_0014_0051_0074.jpg 1 114 14 51 74
0590_0059_0021_0044_0062.jpg 1 59 21 44 62
0591_0127_0020_0039_0057.jpg 1 127 20 39 57
0592_0090_0006_0049_0070.jpg 1 90 6 49 70
0593_0089_0013_0039_0056.jpg 1 89 13 39 56
0594_0097_0017_0049_0070.jpg 1 97 17 49 70
0595_0072_0028_0045_0065.jpg 1 72 28 45 65
0596_0019_0030_0036_0051.jpg 1 19 30 36 51
0597_0089_0037_0035_0050.jpg 1 89 37 35 50
0598_0096_0027_0040_0058.jpg 1 96 27 40 58
0599_0120_0019_0044_0063.jpg 1 120 19 44 63
0600_0124_0044_0037_0052.jpg 1 124 44 37 52
0601_0105_0033_0047_0068.jpg 1 105 33 47 68
0602_0022_0025_0041_0058.jpg 1 22 25 41 58
0603_0085_0043_0041_0059.jpg 1 85 43 41 59
0604_0134_0007_0042_0060.jpg 1 134 7 42 60
0605_0069_0030_0046_0065.jpg 1 69 30 46 65
0606_0020_0023_0049_0070.jpg 1 20 23 49 70
0607_0032_0007_0036_0051.jpg 1 32 7 36 51
0608_0046_0034_0045_0065.jpg 1 46 34 45 65
0609_0056_0005_0052_0075.jpg 1 56 5 52 75
0610_0113_0017_0036_0051.jpg 1 113 17 36 51
0611_0029_0025_0043_0061.jpg 1 29 25 43 61
0612_0065_0007_0051_0072.jpg 1 65 7 51 72
0613_0084_0024_0045_0065.jpg 1 84 24 45 65
0614_0088_0014_0046_0066.jpg 1 88 14 46 66
0615_0092_0024_0048_0069.jpg 1 92 24 48 69
0616_0102_0022_0051_0074.jpg 1 102 22 51 74
0617_0018_0045_0036_0052.jpg 1 18 45 36 52
0618_0105_0050_0035_0050.jpg 1 105 50 35 50
0619_0026_0046_0037_0053.jpg 1 26 46 37 53
0620_0065_0039_0042_0061.jpg 1 65 39 42 61
0621_0109_0025_0040_0058.jpg 1 109 25 40 58
0622_0128_0035_0048_0068.jpg 1 128 35 48 68
0623_0088_0019_0052_0074.jpg 1 88 19 52 74
0624_0034_0046_0036_0051.jpg 1 34 46 36 51
0625_0055_0017_0037_0054.jpg 1 55 17 37 54
0626_0053_0036_0043_0062.jpg 1 53 36 43 62
0627_0138_0040_0036_0052.jpg 1 138 40 36 52
0628_0032_0044_0036_0052.jpg 1 32 44 36 52
0629_0122_0028_0042_0061.jpg 1 122 28 42 61
0630_0099_0009_0035_0050.jpg 1 99 9 35 50
0631_0113_0018_0049_0070.jpg 1 113 18 49 70
0632_0073_0026_0037_0052.jpg 1 73 26 37 52
0633_0022_0011_0051_0074.jpg 1 22 11 51 74
0634_0024_0011_0042_0061.jpg 1 24 11 42 61
0635_0052_0036_0041_0058.jpg 1 52 36 41 58
0636_0054_0031_0044_0063.jpg 1 54 31 44 63
0637_0112_0025_0048_0069.jpg 1 112 25 48 69
0638_0123_0037_0045_0064.jpg 1 123 37 45 64
0639_0070_0033_0044_0063.jpg 1 70 33 44 63
0640_0052_0029_0045_0065.jpg 1 52 29 45 65
0641_0049_0031_0050_0071.jpg 1 49 31 50 71
0642_0105_0003_0052_0074.jpg 1 105 3 52 74
0643_0100_0029_0035_0051.jpg 1 100 29 35 51
0644_0060_0043_0042_0060.jpg 1 60 43 42 60
0645_0028_0005_0052_0075.jpg 1 28 5 52 75
0646_0051_0013_0042_0060.jpg 1 51 13 42 60
0647_0101_0008_0045_0064.jpg 1 101 8 45 64
0648_0046_0009_0046_0066.jpg 1 46 9 46 66
0649_0066_0033_0042_0060.jpg 1 66 33 42 60
0650_0073_0026_0036_0052.jpg 1 73 26 36 52
0651_0064_0017_0040_0057.jpg 1 64 17 40 57
0652_0105_0010_0043_0061.jpg 1 105 10 43 61
0653_0123_0012_0050_0072.jpg 1 123 12 50 72
0654_0022_0008_0051_0074.jpg 1 22 8 51 74
0655_0023_0016_0042_0060.jpg 1 23 16 42 60
0656_0065_0028_0038_0054.jpg 1 65 28 38 54
0657_0112_0040_0036_0051.jpg 1 112 40 36 51
0658_0134_0033_0042_0060.jpg 1 134 33 42 60
0659_0093_0020_0042_0060.jpg 1 93 20 42 60
0660_0041_0019_0041_0058.jpg 1 41 19 41 58
0661_0103_0035_0039_0055.jpg 1 103 35 39 55
0662_0105_0025_0036_0051.jpg 1 105 25 36 51
0663_0081_0029_0051_0073.jpg 1 81 29 51 73
0664_0049_0021_0047_0068.jpg 1 49 21 47 68
0665_0025_0042_0041_0059.jpg 1 25 42 41 59
0666_0035_0038_0041_0059.jpg 1 35 38 41 59
0667_0127_0027_0039_0057.jpg 1 127 27 39 57
0668_0052_0013_0049_0070.jpg 1 52 13 49 70
0669_0048_0027_0035_0051.jpg 1 48 27 35 51
0670_0124_0016_0042_0060.jpg 1 124 16 42 60
0671_0092_0049_0035_0050.jpg 1 92 49 35 50
0672_0024_0017_0050_0071.jpg 1 24 17 50 71
0673_0121_0031_0049_0071.jpg 1 121 31 49 71
0674_0020_0042_0036_0051.jpg 1 20 42 36 51
0675_0063_0031_0043_0061.jpg 1 63 31 43 61
0676_0042_0023_0047_0068.jpg 1 42 23 47 68
0677_0057_0021_0044_0063.jpg 1 57 21 44 63
0678_0075_0015_0051_0073.jpg 1 75 15 51 73
0679_0033_0019_0037_0054.jpg 1 33 19 37 54
0680_0113_0036_0045_0064.jpg 1 113 36 45 64
0681_0059_0031_0035_0050.jpg 1 59 31 35 50
0682_0016_0009_0040_0057.jpg 1 16 9 40 57
0683_0029_0045_0035_0051.jpg 1 29 45 35 51
0684_0055_0026_0036_0052.jpg 1 55 26 36 52
0685_0022_0008_0051_0073.jpg 1 22 8 51 73
0686_0065_0022_0039_0056.jpg 1 65 22 39 56
0687_0103_0026_0041_0059.jpg 1 103 26 41 59
0688_0045_0015_0038_0055.jpg 1 45 15 38 55
0689_0121_0028_0048_0068.jpg 1 121 28 48 68
0690_0112_0037_0037_0053.jpg 1 112 37 37 53
0691_0022_0036_0038_0054.jpg 1 22 36 38 54
0692_0020_0011_0052_0074.jpg 1 20 11 52 74
0693_0080_0037_0036_0052.jpg 1 80 37 36 52
0694_0022_0005_0044_0064.jpg 1 22 5 44 64
0695_0020_0005_0039_0056.jpg 1 20 5 39 56
0696_0058_0035_0037_0054.jpg 1 58 35 37 54
0697_0076_0006_0040_0057.jpg 1 76 6 40 57
0698_0052_0010_0039_0056.jpg 1 52 10 39 56
0699_0077_0009_0052_0075.jpg 1 77 9 52 75
0700_0042_0027_0045_0065.jpg 1 42 27 45 65
0701_0093_0037_0036_0052.jpg 1 93 37 36 52
0702_0072_0006_0043_0062.jpg 1 72 6 43 62
0703_0078_0035_0046_0066.jpg 1 78 35 46 66
0704_0052_0043_0039_0055.jpg 1 52 43 39 55
0705_0069_0018_0042_0061.jpg 1 69 18 42 61
0706_0087_0010_0041_0059.jpg 1 87 10 41 59
0707_0094_0021_0040_0058.jpg 1 94 21 40 58
0708_0039_0017_0048_0068.jpg 1 39 17 48 68
0709_0112_0019_0045_0065.jpg 1 112 19 45 65
0710_0131_0017_0045_0065.jpg 1 131 17 45 65
0711_0113_0020_0046_0066.jpg 1 113 20 46 66
0712_0064_0025_0052_0075.jpg 1 64 25 52 75
0713_0123_0043_0041_0058.jpg 1 123 43 41 58
0714_0105_0019_0035_0050.jpg 1 105 19 35 50
0715_0107_0008_0036_0052.jpg 1 107 8 36 52
0716_0029_0021_0035_0050.jpg 1 29 21 35 50
0717_0030_0013_0048_0069.jpg 1 30 13 48 69
0718_0109_0035_0041_0058.jpg 1 109 35 41 58
0719_0130_0017_0041_0058.jpg 1 130 17 41 58
0720_0033_0028_0048_0069.jpg 1 33 28 48 69
0721_0054_0011_0045_0065.jpg 1 54 11 45 65
0722_0116_0024_0047_0067.jpg 1 116 24 47 67
0723_0121_0013_0047_0067.jpg 1 121 13 47 67
0724_0122_0026_0051_0074.jpg 1 122 26 51 74
0725_0118_0028_0037_0053.jpg 1 118 28 37 53
0726_0071_0020_0043_0061.jpg 1 71 20 43 61
0727_0066_0025_0046_0066.jpg 1 66 25 46 66
0728_0114_0044_0038_0055.jpg 1 114 44 38 55
0729_0059_0045_0040_0057.jpg 1 59 45 40 57
0730_0067_0017_0045_0064.jpg 1 67 17 45 64
0731_0077_0017_0047_0067.jpg 1 77 17 47 67
0732_0075_0005_0045_0065.jpg 1 75 5 45 65
0733_0043_0022_0035_0050.jpg 1 43 22 35 50
0734_0032_0013_0045_0065.jpg 1 32 13 45 65
0735_0092_0016_0044_0063.jpg 1 92 16 44 63
0736_0097_0032_0049_0070.jpg 1 97 32 49 70
0737_0036_0029_0035_0050.jpg 1 36 29 35 50
0738_0048_0010_0043_0061.jpg 1 48 10 43 61
0739_0051_0028_0047_0067.jpg 1 51 28 47 67
0740_0088_0016_0041_0059.jpg 1 88 16 41 59
0741_0038_0006_0045_0064.jpg 1 38 6 45 64
0742_0053_0005_0035_0051.jpg 1 53 5 35 51
0743_0107_0010_0051_0073.jpg 1 107 10 51 73
0744_0129_0026_0044_0063.jpg 1 129 26 44 63
0745_0067_0009_0041_0058.jpg 1 67 9 41 58
0746_0094_0006_0047_0068.jpg 1 94 6 47 68
0747_0129_0009_0047_0067.jpg 1 129 9 47 67
0748_0094_0027_0039_0055.jpg 1 94 27 39 55
0749_0021_0009_0041_0059.jpg 1 21 9 41 59
0750_0063_0043_0035_0051.jpg 1 63 43 35 51
0751_0116_0034_0038_0054.jpg 1 116 34 38 54
0752_0061_0039_0041_0059.jpg 1 61 39 41 59
0753_0088_0035_0042_0061.jpg 1 88 35 42 61
0754_0058_0021_0050_0071.jpg 1 58 21 50 71
0755_0093_0046_0037_0053.jpg 1 93 46 37 53
0756_0028_0015_0042_0061.jpg 1 28 15 42 61
0757_0095_0040_0043_0062.jpg 1 95 40 43 62
0758_0059_0038_0037_0053.jpg 1 59 38 37 53
0759_0116_0040_0041_0059.jpg 1 116 40 41 59
0760_0018_0017_0050_0072.jpg 1 18 17 50 72
0761_0016_0033_0046_0066.jpg 1 16 33 46 66
0762_0133_0016_0041_0058.jpg 1 133 16 41 58
0763_0106_0026_0050_0071.jpg 1 106 26 50 71
0764_0095_0025_0048_0069.jpg 1 95 25 48 69
0765_0116_0042_0040_0057.jpg 1 116 42 40 57
0766_0040_0039_0041_0058.jpg 1 40 39 41 58
0767_0055_0032_0039_0056.jpg 1 55 32 39 56
0768_0134_0016_0036_0051.jpg 1 134 16 36 51
0769_0051_0007_0047_0067.jpg 1 51 7 47 67
0770_0018_0014_0048_0068.jpg 1 18 14 48 68
0771_0029_0032_0043_0061.jpg 1 29 32 43 61
0772_0117_0029_0051_0074.jpg 1 117 29 51 74
0773_0046_0007_0036_0051.jpg 1 46 7 36 51
0774_0045_0006_0036_0052.jpg 1 45 6 36 52
0775_0078_0032_0043_0062.jpg 1 78 32 43 62
0776_0050_0036_0045_0065.jpg 1 50 36 45 65
0777_0058_0015_0052_0075.jpg 1 58 15 52 75
0778_0051_0018_0047_0068.jpg 1 51 18 47 68
0779_0051_0042_0037_0053.jpg 1 51 42 37 53
0780_0070_0020_0038_0055.jpg 1 70 20 38 55
0781_0043_0031_0044_0064.jpg 1 43 31 44 64
0782_0102_0005_0046_0066.jpg 1 102 5 46 66
0783_0120_0016_0041_0058.jpg 1 120 16 41 58
0784_0117_0020_0052_0075.jpg 1 117 20 52 75
0785_0024_0032_0039_0056.jpg 1 24 32 39 56
0786_0091_0025_0043_0062.jpg 1 91 25 43 62
0787_0114_0023_0051_0074.jpg 1 114 23 51 74
0788_0026_0031_0048_0069.jpg 1 26 31 48 69
0789_0081_0010_0052_0074.jpg 1 81 10 52 74
0790_0104_0008_0039_0056.jpg 1 104 8 39 56
0791_0111_0020_0051_0074.jpg 1 111 20 51 74
0792_0030_0005_0051_0073.jpg 1 30 5 51 73
0793_0110_0033_0037_0053.jpg 1 110 33 37 53
0794_0109_0013_0036_0051.jpg 1 109 13 36 51
0795_0060_0040_0044_0063.jpg 1 60 40 44 63
0796_0123_0021_0045_0065.jpg 1 123 21 45 65
0797_0114_0017_0049_0070.jpg 1 114 17 49 70
0798_0085_0013_0036_0052.jpg 1 85 13 36 52
0799_0023_0013_0040_0058.jpg 1 23 13 40 58
0800_0097_0029_0037_0053.jpg 1 97 29 37 53
0801_0116_0008_0040_0057.jpg 1 116 8 40 57
0802_0060_0019_0035_0050.jpg 1 60 19 35 50
0803_0028_0006_0052_0074.jpg 1 28 6 52 74
0804_0110_0036_0043_0062.jpg 1 110 36 43 62
0805_0073_0008_0044_0063.jpg 1 73 8 44 63
0806_0134_0017_0041_0058.jpg 1 134 17 41 58
0807_0111_0036_0043_0061.jpg 1 111 36 43 61
0808_0061_0020_0051_0073.jpg 1 61 20 51 73
0809_0068_0013_0043_0061.jpg 1 68 13 43 61
0810_0101_0031_0050_0071.jpg 1 101 31 50 71
0811_0077_0019_0051_0073.jpg 1 77 19 51 73
0812_0037_0037_0035_0051.jpg 1 37 37 35 51
0813_0127_0023_0044_0062.jpg 1 127 23 44 62
