0001_0059_0031_0048_0068.jpg 1 59 31 48 68
0002_0069_0045_0036_0052.jpg 1 69 45 36 52
0003_0034_0026_0046_0066.jpg 1 34 26 46 66
0004_0110_0026_0046_0066.jpg 1 110 26 46 66
0005_0036_0012_0052_0074.jpg 1 36 12 52 74
0006_0100_0039_0041_0059.jpg 1 100 39 41 59
0007_0086_0022_0046_0066.jpg 1 86 22 46 66
0008_0043_0027_0042_0061.jpg 1 43 27 42 61
0009_0037_0027_0036_0051.jpg 1 37 27 36 51
0010_0127_0048_0036_0052.jpg 1 127 48 36 52
0011_0036_0012_0042_0061.jpg 1 36 12 42 61
0012_0044_0015_0047_0068.jpg 1 44 15 47 68
0013_0115_0016_0051_0073.jpg 1 115 16 51 73
0014_0058_0040_0039_0056.jpg 1 58 40 39 56
0015_0073_0011_0035_0050.jpg 1 73 11 35 50
0016_0085_0023_0043_0062.jpg 1 85 23 43 62
0017_0059_0006_0040_0058.jpg 1 59 6 40 58
0018_0062_0005_0048_0069.jpg 1 62 5 48 69
0019_0064_0010_0051_0073.jpg 1 64 10 51 73
0020_0061_0009_0051_0073.jpg 1 61 9 51 73
0021_0090_0022_0043_0061.jpg 1 90 22 43 61
0022_0067_0027_0046_0066.jpg 1 67 27 46 66
0023_0087_0011_0039_0055.jpg 1 87 11 39 55
0024_0035_0033_0035_0050.jpg 1 35 33 35 50
0025_0122_0009_0046_0066.jpg 1 122 9 46 66
0026_0029_0041_0042_0060.jpg 1 29 41 42 60
0027_0050_0016_0040_0058.jpg 1 50 16 40 58
0028_0028_0012_0036_0051.jpg 1 28 12 36 51
0029_0055_0021_0051_0074.jpg 1 55 21 51 74
0030_0118_0025_0039_0056.jpg 1 118 25 39 56
0031_0021_0007_0043_0062.jpg 1 21 7 43 62
0032_0052_0017_0048_0069.jpg 1 52 17 48 69
0033_0039_0015_0039_0056.jpg 1 39 15 39 56
0034_0070_0033_0044_0063.jpg 1 70 33 44 63
0035_0100_0014_0040_0057.jpg 1 100 14 40 57
0036_0128_0037_0045_0064.jpg 1 128 37 45 64
0037_0077_0028_0044_0063.jpg 1 77 28 44 63
0038_0099_0018_0040_0057.jpg 1 99 18 40 57
0039_0060_0014_0040_0058.jpg 1 60 14 40 58
0040_0025_0009_0049_0071.jpg 1 25 9 49 71
0041_0118_0020_0047_0067.jpg 1 118 20 47 67
0042_0119_0006_0038_0054.jpg 1 119 6 38 54
0043_0077_0035_0047_0067.jpg 1 77 35 47 67
0044_0060_0018_0049_0071.jpg 1 60 18 49 71
0045_0076_0016_0052_0074.jpg 1 76 16 52 74
0046_0105_0027_0035_0051.jpg 1 105 27 35 51
0047_0036_0033_0035_0050.jpg 1 36 33 35 50
0048_0027_0040_0043_0061.jpg 1 27 40 43 61
0049_0115_0004_0043_0062.jpg 1 115 4 43 62
0050_0034_0013_0044_0063.jpg 1 34 13 44 63
0051_0017_0021_0050_0072.jpg 1 17 21 50 72
0052_0114_0036_0036_0051.jpg 1 114 36 36 51
0053_0072_0007_0052_0074.jpg 1 72 7 52 74
0054_0054_0031_0042_0060.jpg 1 54 31 42 60
0055_0018_0017_0048_0069.jpg 1 18 17 48 69
0056_0020_0040_0041_0059.jpg 1 20 40 41 59
0057_0099_0031_0045_0065.jpg 1 99 31 45 65
0058_0028_0031_0043_0062.jpg 1 28 31 43 62
0059_0076_0017_0052_0075.jpg 1 76 17 52 75
0060_0118_0010_0040_0057.jpg 1 118 10 40 57
0061_0029_0015_0043_0062.jpg 1 29 15 43 62
0062_0062_0027_0050_0072.jpg 1 62 27 50 72
0063_0049_0010_0052_0074.jpg 1 49 10 52 74
0064_0079_0030_0049_0070.jpg 1 79 30 49 70
0065_0071_0022_0042_0060.jpg 1 71 22 42 60
0066_0065_0030_0042_0060.jpg 1 65 30 42 60
0067_0128_0030_0039_0057.jpg 1 128 30 39 57
0068_0029_0016_0040_0057.jpg 1 29 16 40 57
0069_0069_0014_0047_0068.jpg 1 69 14 47 68
0070_0098_0023_0049_0070.jpg 1 98 23 49 70
0071_0067_0006_0052_0075.jpg 1 67 6 52 75
0072_0101_0007_0052_0074.jpg 1 101 7 52 74
0073_0088_0013_0049_0071.jpg 1 88 13 49 71
0074_0017_0034_0045_0064.jpg 1 17 34 45 64
0075_0063_0035_0036_0052.jpg 1 63 35 36 52
0076_0127_0041_0036_0052.jpg 1 127 41 36 52
0077_0032_0026_0037_0052.jpg 1 32 26 37 52
0078_0096_0025_0047_0068.jpg 1 96 25 47 68
0079_0109_0005_0039_0056.jpg 1 109 5 39 56
0080_0095_0005_0037_0053.jpg 1 95 5 37 53
0081_0015_0009_0045_0064.jpg 1 15 9 45 64
0082_0026_0012_0049_0070.jpg 1 26 12 49 70
0083_0028_0023_0048_0069.jpg 1 28 23 48 69
0084_0058_0006_0050_0071.jpg 1 58 6 50 71
0085_0075_0050_0035_0050.jpg 1 75 50 35 50
0086_0077_0026_0042_0060.jpg 1 77 26 42 60
0087_0060_0020_0051_0073.jpg 1 60 20 51 73
0088_0109_0033_0046_0066.jpg 1 109 33 46 66
0089_0025_0009_0044_0063.jpg 1 25 9 44 63
0090_0098_0028_0052_0074.jpg 1 98 28 52 74
0091_0077_0031_0037_0053.jpg 1 77 31 37 53
0092_0049_0005_0046_0066.jpg 1 49 5 46 66
0093_0093_0017_0045_0065.jpg 1 93 17 45 65
0094_0033_0025_0048_0068.jpg 1 33 25 48 68
0095_0036_0037_0044_0063.jpg 1 36 37 44 63
0096_0050_0026_0036_0052.jpg 1 50 26 36 52
0097_0019_0018_0052_0074.jpg 1 19 18 52 74
0098_0133_0024_0036_0051.jpg 1 133 24 36 51
0099_0126_0032_0047_0068.jpg 1 126 32 47 68
0100_0093_0009_0046_0065.jpg 1 93 9 46 65
0101_0102_0017_0043_0062.jpg 1 102 17 43 62
0102_0025_0037_0038_0054.jpg 1 25 37 38 54
0103_0133_0038_0043_0061.jpg 1 133 38 43 61
0104_0086_0023_0049_0070.jpg 1 86 23 49 70
0105_0132_0030_0043_0062.jpg 1 132 30 43 62
0106_0096_0043_0037_0053.jpg 1 96 43 37 53
0107_0117_0012_0039_0056.jpg 1 117 12 39 56
0108_0103_0036_0035_0050.jpg 1 103 36 35 50
0109_0102_0008_0043_0061.jpg 1 102 8 43 61
0110_0018_0009_0050_0072.jpg 1 18 9 50 72
0111_0025_0035_0038_0055.jpg 1 25 35 38 55
0112_0056_0006_0052_0075.jpg 1 56 6 52 75
0113_0084_0010_0046_0066.jpg 1 84 10 46 66
0114_0085_0020_0052_0074.jpg 1 85 20 52 74
0115_0094_0028_0045_0065.jpg 1 94 28 45 65
0116_0017_0009_0048_0068.jpg 1 17 9 48 68
0117_0067_0024_0048_0069.jpg 1 67 24 48 69
0118_0077_0037_0039_0055.jpg 1 77 37 39 55
0119_0038_0029_0051_0074.jpg 1 38 29 51 74
0120_0098_0019_0044_0063.jpg 1 98 19 44 63
0121_0107_0042_0035_0050.jpg 1 107 42 35 50
0122_0133_0011_0039_0056.jpg 1 133 11 39 56
0123_0059_0016_0050_0071.jpg 1 59 16 50 71
0124_0033_0018_0043_0062.jpg 1 33 18 43 62
0125_0025_0034_0045_0064.jpg 1 25 34 45 64
0126_0046_0012_0037_0054.jpg 1 46 12 37 54
0127_0057_0034_0035_0050.jpg 1 57 34 35 50
0128_0028_0020_0041_0059.jpg 1 28 20 41 59
0129_0067_0026_0043_0061.jpg 1 67 26 43 61
0130_0131_0010_0042_0060.jpg 1 131 10 42 60
0131_0031_0035_0046_0066.jpg 1 31 35 46 66
0132_0077_0025_0042_0061.jpg 1 77 25 42 61
0133_0086_0005_0036_0052.jpg 1 86 5 36 52
0134_0025_0005_0039_0056.jpg 1 25 5 39 56
0135_0107_0030_0037_0053.jpg 1 107 30 37 53
0136_0046_0006_0035_0050.jpg 1 46 6 35 50
0137_0117_0010_0052_0075.jpg 1 117 10 52 75
0138_0108_0031_0041_0058.jpg 1 108 31 41 58
0139_0041_0028_0049_0070.jpg 1 41 28 49 70
0140_0021_0012_0048_0069.jpg 1 21 12 48 69
0141_0094_0032_0047_0067.jpg 1 94 32 47 67
0142_0091_0011_0037_0053.jpg 1 91 11 37 53
0143_0117_0016_0038_0055.jpg 1 117 16 38 55
0144_0042_0027_0050_0072.jpg 1 42 27 50 72
0145_0123_0007_0043_0062.jpg 1 123 7 43 62
0146_0073_0026_0043_0062.jpg 1 73 26 43 62
0147_0120_0022_0040_0057.jpg 1 120 22 40 57
0148_0096_0011_0046_0066.jpg 1 96 11 46 66
0149_0055_0032_0049_0070.jpg 1 55 32 49 70
0150_0088_0033_0041_0058.jpg 1 88 33 41 58
0151_0114_0034_0042_0061.jpg 1 114 34 42 61
0152_0074_0032_0039_0056.jpg 1 74 32 39 56
0153_0025_0023_0051_0073.jpg 1 25 23 51 73
0154_0130_0028_0039_0056.jpg 1 130 28 39 56
0155_0102_0033_0037_0053.jpg 1 102 33 37 53
0156_0117_0024_0046_0065.jpg 1 117 24 46 65
0157_0019_0018_0052_0075.jpg 1 19 18 52 75
0158_0116_0029_0047_0067.jpg 1 116 29 47 67
0159_0129_0047_0037_0053.jpg 1 129 47 37 53
0160_0058_0023_0048_0068.jpg 1 58 23 48 68
0161_0090_0004_0046_0065.jpg 1 90 4 46 65
0162_0017_0010_0044_0063.jpg 1 17 10 44 63
0163_0120_0025_0046_0066.jpg 1 120 25 46 66
0164_0044_0024_0048_0069.jpg 1 44 24 48 69
0165_0047_0029_0039_0057.jpg 1 47 29 39 57
0166_0045_0022_0035_0050.jpg 1 45 22 35 50
0167_0133_0022_0042_0061.jpg 1 133 22 42 61
0168_0053_0029_0044_0064.jpg 1 53 29 44 64
0169_0028_0029_0042_0060.jpg 1 28 29 42 60
0170_0122_0027_0047_0067.jpg 1 122 27 47 67
0171_0075_0020_0047_0067.jpg 1 75 20 47 67
0172_0110_0026_0049_0071.jpg 1 110 26 49 71
0173_0056_0034_0039_0056.jpg 1 56 34 39 56
0174_0106_0031_0050_0072.jpg 1 106 31 50 72
0175_0132_0039_0035_0050.jpg 1 132 39 35 50
0176_0128_0022_0039_0055.jpg 1 128 22 39 55
0177_0091_0038_0044_0062.jpg 1 91 38 44 62
0178_0121_0032_0049_0071.jpg 1 121 32 49 71
0179_0093_0014_0051_0074.jpg 1 93 14 51 74
0180_0053_0025_0042_0061.jpg 1 53 25 42 61
0181_0090_0016_0035_0051.jpg 1 90 16 35 51
0182_0076_0005_0049_0070.jpg 1 76 5 49 70
0183_0111_0039_0040_0058.jpg 1 111 39 40 58
0184_0036_0026_0036_0051.jpg 1 36 26 36 51
0185_0112_0011_0045_0065.jpg 1 112 11 45 65
0186_0034_0018_0046_0066.jpg 1 34 18 46 66
0187_0073_0042_0043_0061.jpg 1 73 42 43 61
0188_0056_0014_0050_0071.jpg 1 56 14 50 71
0189_0029_0003_0051_0073.jpg 1 29 3 51 73
0190_0095_0006_0050_0072.jpg 1 95 6 50 72
0191_0049_0032_0041_0059.jpg 1 49 32 41 59
0192_0115_0031_0049_0070.jpg 1 115 31 49 70
0193_0042_0027_0047_0067.jpg 1 42 27 47 67
0194_0043_0041_0036_0052.jpg 1 43 41 36 52
0195_0129_0044_0039_0055.jpg 1 129 44 39 55
0196_0037_0032_0047_0067.jpg 1 37 32 47 67
0197_0017_0015_0045_0064.jpg 1 17 15 45 64
0198_0088_0040_0037_0053.jpg 1 88 40 37 53
0199_0093_0030_0050_0072.jpg 1 93 30 50 72
0200_0039_0018_0048_0069.jpg 1 39 18 48 69
0201_0071_0009_0039_0056.jpg 1 71 9 39 56
0202_0065_0040_0038_0055.jpg 1 65 40 38 55
0203_0133_0031_0037_0053.jpg 1 133 31 37 53
0204_0080_0027_0046_0067.jpg 1 80 27 46 67
0205_0136_0037_0040_0057.jpg 1 136 37 40 57
0206_0082_0041_0035_0051.jpg 1 82 41 35 51
0207_0082_0032_0045_0065.jpg 1 82 32 45 65
0208_0102_0026_0045_0065.jpg 1 102 26 45 65
0209_0030_0008_0051_0073.jpg 1 30 8 51 73
0210_0096_0033_0043_0062.jpg 1 96 33 43 62
0211_0128_0008_0035_0051.jpg 1 128 8 35 51
0212_0117_0027_0035_0050.jpg 1 117 27 35 50
0213_0018_0024_0052_0074.jpg 1 18 24 52 74
0214_0036_0017_0040_0057.jpg 1 36 17 40 57
0215_0082_0015_0041_0059.jpg 1 82 15 41 59
0216_0021_0027_0038_0055.jpg 1 21 27 38 55
0217_0038_0006_0043_0061.jpg 1 38 6 43 61
0218_0041_0028_0037_0053.jpg 1 41 28 37 53
0219_0061_0042_0042_0060.jpg 1 61 42 42 60
0220_0119_0007_0051_0074.jpg 1 119 7 51 74
0221_0018_0047_0038_0055.jpg 1 18 47 38 55
0222_0060_0010_0049_0071.jpg 1 60 10 49 71
0223_0099_0005_0043_0061.jpg 1 99 5 43 61
0224_0033_0016_0037_0054.jpg 1 33 16 37 54
0225_0125_0031_0049_0070.jpg 1 125 31 49 70
0226_0135_0043_0039_0056.jpg 1 135 43 39 56
0227_0091_0007_0038_0054.jpg 1 91 7 38 54
0228_0121_0037_0042_0061.jpg 1 121 37 42 61
0229_0125_0015_0046_0067.jpg 1 125 15 46 67
0230_0098_0040_0041_0059.jpg 1 98 40 41 59
0231_0031_0023_0047_0068.jpg 1 31 23 47 68
0232_0101_0017_0044_0063.jpg 1 101 17 44 63
0233_0039_0010_0046_0066.jpg 1 39 10 46 66
0234_0046_0024_0051_0073.jpg 1 46 24 51 73
0235_0051_0026_0043_0062.jpg 1 51 26 43 62
0236_0025_0012_0051_0072.jpg 1 25 12 51 72
0237_0093_0032_0040_0057.jpg 1 93 32 40 57
0238_0092_0012_0036_0052.jpg 1 92 12 36 52
0239_0122_0024_0049_0070.jpg 1 122 24 49 70
0240_0084_0021_0036_0051.jpg 1 84 21 36 51
0241_0125_0039_0042_0060.jpg 1 125 39 42 60
0242_0110_0028_0052_0074.jpg 1 110 28 52 74
0243_0062_0021_0045_0064.jpg 1 62 21 45 64
0244_0079_0015_0052_0075.jpg 1 79 15 52 75
0245_0042_0030_0037_0053.jpg 1 42 30 37 53
0246_0056_0042_0041_0059.jpg 1 56 42 41 59
0247_0018_0015_0052_0074.jpg 1 18 15 52 74
0248_0060_0034_0037_0054.jpg 1 60 34 37 54
0249_0113_0032_0036_0052.jpg 1 113 32 36 52
0250_0037_0019_0050_0071.jpg 1 37 19 50 71
0251_0082_0036_0035_0050.jpg 1 82 36 35 50
0252_0040_0007_0047_0068.jpg 1 40 7 47 68
0253_0021_0040_0041_0058.jpg 1 21 40 41 58
0254_0104_0025_0036_0052.jpg 1 104 25 36 52
0255_0033_0042_0038_0055.jpg 1 33 42 38 55
0256_0128_0028_0038_0055.jpg 1 128 28 38 55
0257_0065_0024_0043_0061.jpg 1 65 24 43 61
0258_0080_0027_0050_0071.jpg 1 80 27 50 71
0259_0130_0017_0035_0050.jpg 1 130 17 35 50
0260_0086_0026_0051_0073.jpg 1 86 26 51 73
0261_0100_0027_0036_0051.jpg 1 100 27 36 51
0262_0070_0034_0035_0050.jpg 1 70 34 35 50
0263_0046_0045_0038_0055.jpg 1 46 45 38 55
0264_0120_0008_0052_0074.jpg 1 120 8 52 74
0265_0109_0036_0044_0063.jpg 1 109 36 44 63
0266_0041_0017_0050_0072.jpg 1 41 17 50 72
0267_0116_0022_0036_0052.jpg 1 116 22 36 52
0268_0114_0034_0040_0057.jpg 1 114 34 40 57
0269_0063_0035_0044_0064.jpg 1 63 35 44 64
0270_0053_0032_0038_0055.jpg 1 53 32 38 55
0271_0080_0017_0050_0071.jpg 1 80 17 50 71
0272_0035_0035_0044_0063.jpg 1 35 35 44 63
0273_0016_0017_0044_0063.jpg 1 16 17 44 63
0274_0082_0023_0037_0052.jpg 1 82 23 37 52
0275_0024_0004_0050_0072.jpg 1 24 4 50 72
0276_0079_0043_0035_0050.jpg 1 79 43 35 50
0277_0046_0029_0052_0074.jpg 1 46 29 52 74
0278_0028_0014_0046_0067.jpg 1 28 14 46 67
0279_0094_0020_0044_0063.jpg 1 94 20 44 63
0280_0101_0010_0050_0072.jpg 1 101 10 50 72
0281_0110_0012_0049_0071.jpg 1 110 12 49 71
0282_0123_0030_0045_0064.jpg 1 123 30 45 64
0283_0055_0025_0043_0061.jpg 1 55 25 43 61
0284_0103_0009_0040_0058.jpg 1 103 9 40 58
0285_0064_0020_0052_0074.jpg 1 64 20 52 74
0286_0136_0014_0037_0054.jpg 1 136 14 37 54
0287_0059_0043_0041_0059.jpg 1 59 43 41 59
0288_0049_0026_0036_0052.jpg 1 49 26 36 52
0289_0110_0016_0042_0060.jpg 1 110 16 42 60
0290_0016_0046_0038_0054.jpg 1 16 46 38 54
0291_0045_0021_0049_0070.jpg 1 45 21 49 70
0292_0109_0030_0037_0053.jpg 1 109 30 37 53
0293_0092_0010_0043_0062.jpg 1 92 10 43 62
0294_0117_0025_0050_0072.jpg 1 117 25 50 72
0295_0043_0017_0050_0072.jpg 1 43 17 50 72
0296_0029_0030_0042_0061.jpg 1 29 30 42 61
0297_0067_0041_0043_0061.jpg 1 67 41 43 61
0298_0085_0004_0052_0074.jpg 1 85 4 52 74
0299_0132_0035_0036_0052.jpg 1 132 35 36 52
0300_0053_0023_0036_0052.jpg 1 53 23 36 52
0301_0072_0010_0050_0072.jpg 1 72 10 50 72
0302_0034_0021_0051_0073.jpg 1 34 21 51 73
0303_0078_0051_0035_0050.jpg 1 78 51 35 50
0304_0047_0014_0041_0059.jpg 1 47 14 41 59
0305_0071_0016_0051_0074.jpg 1 71 16 51 74
0306_0111_0009_0047_0068.jpg 1 111 9 47 68
0307_0074_0025_0042_0061.jpg 1 74 25 42 61
0308_0087_0026_0036_0052.jpg 1 87 26 36 52
0309_0071_0016_0042_0061.jpg 1 71 16 42 61
0310_0058_0010_0039_0056.jpg 1 58 10 39 56
0311_0020_0007_0040_0057.jpg 1 20 7 40 57
0312_0056_0007_0044_0062.jpg 1 56 7 44 62
0313_0104_0038_0044_0063.jpg 1 104 38 44 63
0314_0076_0041_0035_0051.jpg 1 76 41 35 51
0315_0032_0013_0046_0066.jpg 1 32 13 46 66
0316_0123_0026_0048_0069.jpg 1 123 26 48 69
0317_0022_0034_0041_0059.jpg 1 22 34 41 59
0318_0024_0029_0047_0067.jpg 1 24 29 47 67
0319_0090_0022_0038_0055.jpg 1 90 22 38 55
0320_0097_0042_0042_0060.jpg 1 97 42 42 60
0321_0099_0021_0052_0075.jpg 1 99 21 52 75
0322_0042_0010_0052_0075.jpg 1 42 10 52 75
0323_0113_0042_0035_0050.jpg 1 113 42 35 50
0324_0056_0032_0043_0062.jpg 1 56 32 43 62
0325_0017_0008_0038_0055.jpg 1 17 8 38 55
0326_0106_0027_0052_0074.jpg 1 106 27 52 74
0327_0069_0037_0037_0053.jpg 1 69 37 37 53
0328_0097_0024_0036_0052.jpg 1 97 24 36 52
0329_0016_0016_0039_0056.jpg 1 16 16 39 56
0330_0018_0015_0041_0059.jpg 1 18 15 41 59
0331_0126_0020_0038_0054.jpg 1 126 20 38 54
0332_0084_0032_0045_0064.jpg 1 84 32 45 64
0333_0127_0024_0041_0058.jpg 1 127 24 41 58
0334_0073_0049_0035_0050.jpg 1 73 49 35 50
0335_0101_0035_0036_0051.jpg 1 101 35 36 51
0336_0067_0024_0046_0066.jpg 1 67 24 46 66
0337_0054_0037_0037_0053.jpg 1 54 37 37 53
0338_0020_0023_0038_0054.jpg 1 20 23 38 54
0339_0020_0004_0050_0071.jpg 1 20 4 50 71
0340_0043_0027_0046_0065.jpg 1 43 27 46 65
0341_0014_0030_0051_0073.jpg 1 14 30 51 73
0342_0074_0016_0050_0071.jpg 1 74 16 50 71
0343_0113_0009_0040_0057.jpg 1 113 9 40 57
0344_0057_0020_0045_0065.jpg 1 57 20 45 65
0345_0097_0011_0044_0063.jpg 1 97 11 44 63
0346_0075_0047_0035_0051.jpg 1 75 47 35 51
0347_0115_0023_0044_0063.jpg 1 115 23 44 63
0348_0106_0017_0049_0070.jpg 1 106 17 49 70
0349_0073_0025_0048_0069.jpg 1 73 25 48 69
0350_0129_0007_0042_0060.jpg 1 129 7 42 60
0351_0020_0025_0048_0069.jpg 1 20 25 48 69
0352_0108_0024_0051_0073.jpg 1 108 24 51 73
0353_0015_0008_0040_0057.jpg 1 15 8 40 57
0354_0126_0028_0047_0068.jpg 1 126 28 47 68
0355_0028_0027_0047_0067.jpg 1 28 27 47 67
0356_0034_0030_0037_0053.jpg 1 34 30 37 53
0357_0054_0032_0050_0071.jpg 1 54 32 50 71
0358_0033_0021_0038_0055.jpg 1 33 21 38 55
0359_0041_0018_0049_0070.jpg 1 41 18 49 70
0360_0085_0022_0050_0071.jpg 1 85 22 50 71
0361_0034_0017_0044_0063.jpg 1 34 17 44 63
0362_0114_0019_0036_0052.jpg 1 114 19 36 52
0363_0063_0019_0047_0067.jpg 1 63 19 47 67
0364_0073_0043_0041_0058.jpg 1 73 43 41 58
0365_0039_0011_0047_0067.jpg 1 39 11 47 67
0366_0056_0012_0041_0058.jpg 1 56 12 41 58
0367_0017_0028_0039_0056.jpg 1 17 28 39 56
0368_0108_0016_0048_0069.jpg 1 108 16 48 69
0369_0112_0039_0039_0056.jpg 1 112 39 39 56
0370_0036_0026_0043_0061.jpg 1 36 26 43 61
0371_0098_0014_0042_0060.jpg 1 98 14 42 60
0372_0028_0017_0044_0063.jpg 1 28 17 44 63
0373_0117_0008_0051_0073.jpg 1 117 8 51 73
0374_0101_0012_0052_0074.jpg 1 101 12 52 74
0375_0074_0021_0046_0066.jpg 1 74 21 46 66
0376_0079_0021_0051_0073.jpg 1 79 21 51 73
0377_0111_0011_0049_0070.jpg 1 111 11 49 70
0378_0095_0027_0037_0053.jpg 1 95 27 37 53
0379_0051_0027_0047_0067.jpg 1 51 27 47 67
0380_0043_0010_0039_0056.jpg 1 43 10 39 56
0381_0076_0021_0051_0074.jpg 1 76 21 51 74
0382_0108_0028_0040_0058.jpg 1 108 28 40 58
0383_0128_0011_0035_0050.jpg 1 128 11 35 50
0384_0124_0013_0044_0063.jpg 1 124 13 44 63
0385_0079_0020_0045_0064.jpg 1 79 20 45 64
0386_0055_0028_0049_0071.jpg 1 55 28 49 71
0387_0117_0039_0042_0061.jpg 1 117 39 42 61
0388_0104_0011_0047_0067.jpg 1 104 11 47 67
0389_0055_0021_0048_0069.jpg 1 55 21 48 69
0390_0023_0014_0048_0068.jpg 1 23 14 48 68
0391_0115_0023_0042_0060.jpg 1 115 23 42 60
0392_0035_0015_0047_0067.jpg 1 35 15 47 67
0393_0086_0039_0043_0062.jpg 1 86 39 43 62
0394_0074_0019_0051_0072.jpg 1 74 19 51 72
0395_0068_0040_0043_0062.jpg 1 68 40 43 62
0396_0108_0042_0040_0058.jpg 1 108 42 40 58
0397_0031_0010_0045_0065.jpg 1 31 10 45 65
0398_0019_0010_0040_0058.jpg 1 19 10 40 58
0399_0051_0008_0052_0074.jpg 1 51 8 52 74
0400_0102_0013_0045_0065.jpg 1 102 13 45 65
0401_0032_0006_0042_0061.jpg 1 32 6 42 61
0402_0068_0030_0036_0051.jpg 1 68 30 36 51
0403_0037_0013_0040_0057.jpg 1 37 13 40 57
0404_0032_0022_0043_0062.jpg 1 32 22 43 62
0405_0083_0034_0048_0069.jpg 1 83 34 48 69
0406_0021_0031_0050_0071.jpg 1 21 31 50 71
0407_0042_0031_0047_0067.jpg 1 42 31 47 67
0408_0057_0010_0048_0069.jpg 1 57 10 48 69
0409_0033_0027_0042_0060.jpg 1 33 27 42 60
0410_0102_0031_0043_0062.jpg 1 102 31 43 62
0411_0069_0032_0039_0056.jpg 1 69 32 39 56
0412_0029_0005_0045_0064.jpg 1 29 5 45 64
0413_0069_0027_0050_0071.jpg 1 69 27 50 71
0414_0110_0008_0047_0067.jpg 1 110 8 47 67
0415_0116_0007_0050_0071.jpg 1 116 7 50 71
0416_0032_0008_0038_0054.jpg 1 32 8 38 54
0417_0075_0023_0047_0068.jpg 1 75 23 47 68
0418_0037_0028_0044_0063.jpg 1 37 28 44 63
0419_0109_0021_0045_0064.jpg 1 109 21 45 64
0420_0034_0023_0050_0072.jpg 1 34 23 50 72
0421_0053_0029_0040_0057.jpg 1 53 29 40 57
0422_0100_0015_0052_0074.jpg 1 100 15 52 74
0423_0072_0006_0044_0063.jpg 1 72 6 44 63
0424_0040_0007_0045_0065.jpg 1 40 7 45 65
0425_0020_0013_0040_0057.jpg 1 20 13 40 57
0426_0028_0039_0043_0062.jpg 1 28 39 43 62
0427_0020_0024_0037_0054.jpg 1 20 24 37 54
0428_0048_0034_0046_0066.jpg 1 48 34 46 66
0429_0031_0019_0042_0061.jpg 1 31 19 42 61
0430_0049_0007_0049_0070.jpg 1 49 7 49 70
0431_0092_0003_0049_0071.jpg 1 92 3 49 71
0432_0079_0008_0036_0051.jpg 1 79 8 36 51
0433_0027_0012_0046_0065.jpg 1 27 12 46 65
0434_0045_0016_0039_0056.jpg 1 45 16 39 56
0435_0102_0014_0043_0062.jpg 1 102 14 43 62
0436_0029_0022_0045_0065.jpg 1 29 22 45 65
0437_0132_0044_0038_0054.jpg 1 132 44 38 54
0438_0028_0028_0052_0074.jpg 1 28 28 52 74
0439_0015_0036_0044_0064.jpg 1 15 36 44 64
0440_0083_0017_0035_0050.jpg 1 83 17 35 50
0441_0053_0016_0037_0053.jpg 1 53 16 37 53
0442_0123_0023_0039_0056.jpg 1 123 23 39 56
0443_0016_0030_0037_0053.jpg 1 16 30 37 53
0444_0015_0012_0038_0055.jpg 1 15 12 38 55
0445_0095_0012_0045_0064.jpg 1 95 12 45 64
0446_0058_0026_0045_0065.jpg 1 58 26 45 65
0447_0085_0010_0044_0063.jpg 1 85 10 44 63
0448_0114_0023_0045_0065.jpg 1 114 23 45 65
0449_0125_0036_0044_0062.jpg 1 125 36 44 62
0450_0123_0016_0041_0059.jpg 1 123 16 41 59
0451_0049_0015_0049_0070.jpg 1 49 15 49 70
0452_0028_0037_0046_0066.jpg 1 28 37 46 66
0453_0051_0008_0045_0065.jpg 1 51 8 45 65
0454_0025_0028_0048_0069.jpg 1 25 28 48 69
0455_0108_0011_0048_0069.jpg 1 108 11 48 69
0456_0071_0028_0050_0071.jpg 1 71 28 50 71
0457_0028_0031_0035_0050.jpg 1 28 31 35 50
0458_0037_0011_0043_0061.jpg 1 37 11 43 61
0459_0099_0031_0043_0061.jpg 1 99 31 43 61
0460_0015_0015_0039_0056.jpg 1 15 15 39 56
0461_0051_0005_0042_0060.jpg 1 51 5 42 60
0462_0048_0007_0049_0070.jpg 1 48 7 49 70
0463_0079_0012_0035_0051.jpg 1 79 12 35 51
0464_0121_0008_0049_0070.jpg 1 121 8 49 70
0465_0094_0012_0047_0068.jpg 1 94 12 47 68
0466_0107_0034_0036_0052.jpg 1 107 34 36 52
0467_0060_0017_0039_0055.jpg 1 60 17 39 55
0468_0088_0035_0044_0064.jpg 1 88 35 44 64
0469_0054_0015_0048_0069.jpg 1 54 15 48 69
0470_0063_0013_0049_0070.jpg 1 63 13 49 70
0471_0109_0016_0045_0064.jpg 1 109 16 45 64
0472_0110_0014_0052_0075.jpg 1 110 14 52 75
0473_0095_0017_0040_0058.jpg 1 95 17 40 58
0474_0070_0024_0052_0075.jpg 1 70 24 52 75
0475_0016_0018_0045_0065.jpg 1 16 18 45 65
0476_0091_0007_0052_0075.jpg 1 91 7 52 75
0477_0071_0013_0047_0068.jpg 1 71 13 47 68
0478_0075_0018_0049_0070.jpg 1 75 18 49 70
0479_0054_0006_0043_0062.jpg 1 54 6 43 62
0480_0069_0033_0047_0068.jpg 1 69 33 47 68
0481_0088_0023_0036_0051.jpg 1 88 23 36 51
0482_0104_0006_0051_0073.jpg 1 104 6 51 73
0483_0059_0022_0052_0075.jpg 1 59 22 52 75
0484_0028_0046_0036_0051.jpg 1 28 46 36 51
0485_0096_0023_0049_0071.jpg 1 96 23 49 71
0486_0040_0030_0048_0069.jpg 1 40 30 48 69
0487_0016_0004_0045_0064.jpg 1 16 4 45 64
0488_0099_0007_0046_0065.jpg 1 99 7 46 65
0489_0132_0046_0035_0050.jpg 1 132 46 35 50
0490_0103_0011_0048_0069.jpg 1 103 11 48 69
0491_0019_0010_0040_0058.jpg 1 19 10 40 58
0492_0085_0022_0044_0063.jpg 1 85 22 44 63
0493_0075_0033_0046_0067.jpg 1 75 33 46 67
0494_0102_0028_0046_0066.jpg 1 102 28 46 66
0495_0086_0017_0045_0064.jpg 1 86 17 45 64
0496_0027_0034_0046_0065.jpg 1 27 34 46 65
0497_0035_0016_0035_0051.jpg 1 35 16 35 51
0498_0070_0041_0043_0062.jpg 1 70 41 43 62
0499_0107_0009_0045_0064.jpg 1 107 9 45 64
0500_0086_0018_0049_0070.jpg 1 86 18 49 70
0501_0096_0022_0047_0067.jpg 1 96 22 47 67
0502_0024_0022_0051_0072.jpg 1 24 22 51 72
0503_0068_0017_0052_0074.jpg 1 68 17 52 74
0504_0041_0027_0049_0070.jpg 1 41 27 49 70
0505_0059_0013_0052_0074.jpg 1 59 13 52 74
0506_0023_0017_0041_0059.jpg 1 23 17 41 59
0507_0065_0006_0042_0061.jpg 1 65 6 42 61
0508_0093_0035_0045_0065.jpg 1 93 35 45 65
0509_0032_0018_0047_0067.jpg 1 32 18 47 67
0510_0052_0026_0039_0056.jpg 1 52 26 39 56
0511_0135_0017_0036_0052.jpg 1 135 17 36 52
0512_0053_0024_0046_0066.jpg 1 53 24 46 66
0513_0023_0045_0037_0053.jpg 1 23 45 37 53
0514_0126_0024_0040_0057.jpg 1 126 24 40 57
0515_0063_0014_0043_0061.jpg 1 63 14 43 61
0516_0111_0047_0038_0055.jpg 1 111 47 38 55
0517_0066_0021_0051_0074.jpg 1 66 21 51 74
0518_0127_0025_0045_0064.jpg 1 127 25 45 64
0519_0052_0042_0038_0054.jpg 1 52 42 38 54
0520_0015_0008_0040_0057.jpg 1 15 8 40 57
0521_0082_0027_0048_0069.jpg 1 82 27 48 69
0522_0109_0028_0041_0058.jpg 1 109 28 41 58
0523_0037_0011_0046_0067.jpg 1 37 11 46 67
0524_0021_0021_0048_0069.jpg 1 21 21 48 69
0525_0131_0007_0037_0053.jpg 1 131 7 37 53
0526_0088_0040_0040_0057.jpg 1 88 40 40 57
0527_0101_0048_0037_0054.jpg 1 101 48 37 54
0528_0029_0041_0041_0059.jpg 1 29 41 41 59
0529_0076_0012_0051_0073.jpg 1 76 12 51 73
0530_0132_0035_0044_0063.jpg 1 132 35 44 63
0531_0048_0009_0046_0066.jpg 1 48 9 46 66
0532_0024_0026_0042_0061.jpg 1 24 26 42 61
0533_0078_0011_0043_0061.jpg 1 78 11 43 61
0534_0088_0029_0051_0073.jpg 1 88 29 51 73
0535_0048_0029_0046_0066.jpg 1 48 29 46 66
0536_0112_0017_0040_0057.jpg 1 112 17 40 57
0537_0117_0033_0035_0050.jpg 1 117 33 35 50
0538_0049_0028_0041_0059.jpg 1 49 28 41 59
0539_0076_0007_0040_0057.jpg 1 76 7 40 57
0540_0113_0027_0048_0069.jpg 1 113 27 48 69
0541_0030_0010_0046_0066.jpg 1 30 10 46 66
0542_0090_0008_0040_0057.jpg 1 90 8 40 57
0543_0114_0028_0045_0065.jpg 1 114 28 45 65
0544_0077_0023_0052_0074.jpg 1 77 23 52 74
0545_0091_0009_0043_0062.jpg 1 91 9 43 62
0546_0123_0043_0041_0059.jpg 1 123 43 41 59
0547_0023_0031_0040_0058.jpg 1 23 31 40 58
0548_0122_0042_0035_0050.jpg 1 122 42 35 50
0549_0058_0044_0036_0051.jpg 1 58 44 36 51
0550_0070_0024_0043_0062.jpg 1 70 24 43 62
0551_0119_0007_0048_0069.jpg 1 119 7 48 69
0552_0079_0018_0051_0072.jpg 1 79 18 51 72
0553_0027_0008_0049_0070.jpg 1 27 8 49 70
0554_0029_0016_0048_0069.jpg 1 29 16 48 69
0555_0038_0024_0039_0056.jpg 1 38 24 39 56
0556_0105_0022_0050_0072.jpg 1 105 22 50 72
0557_0103_0024_0047_0068.jpg 1 103 24 47 68
0558_0026_0021_0049_0070.jpg 1 26 21 49 70
0559_0132_0013_0039_0055.jpg 1 132 13 39 55
0560_0122_0035_0041_0059.jpg 1 122 35 41 59
0561_0020_0028_0042_0060.jpg 1 20 28 42 60
0562_0017_0014_0037_0054.jpg 1 17 14 37 54
0563_0029_0035_0036_0051.jpg 1 29 35 36 51
0564_0073_0006_0036_0052.jpg 1 73 6 36 52
0565_0050_0038_0042_0060.jpg 1 50 38 42 60
0566_0106_0035_0039_0056.jpg 1 106 35 39 56
0567_0042_0018_0046_0066.jpg 1 42 18 46 66
0568_0119_0037_0040_0057.jpg 1 119 37 40 57
0569_0063_0010_0052_0074.jpg 1 63 10 52 74
0570_0097_0018_0038_0055.jpg 1 97 18 38 55
0571_0124_0027_0051_0073.jpg 1 124 27 51 73
0572_0128_0009_0038_0055.jpg 1 128 9 38 55
0573_0078_0005_0049_0071.jpg 1 78 5 49 71
0574_0112_0036_0038_0055.jpg 1 112 36 38 55
0575_0071_0005_0052_0075.jpg 1 71 5 52 75
0576_0092_0020_0050_0072.jpg 1 92 20 50 72
0577_0028_0013_0035_0051.jpg 1 28 13 35 51
0578_0110_0018_0051_0073.jpg 1 110 18 51 73
0579_0107_0007_0039_0056.jpg 1 107 7 39 56
0580_0102_0031_0051_0073.jpg 1 102 31 51 73
0581_0022_0028_0038_0054.jpg 1 22 28 38 54
0582_0072_0016_0045_0065.jpg 1 72 16 45 65
0583_0125_0022_0046_0065.jpg 1 125 22 46 65
0584_0121_0010_0040_0057.jpg 1 121 10 40 57
0585_0101_0018_0037_0053.jpg 1 101 18 37 53
0586_0035_0031_0036_0052.jpg 1 35 31 36 52
0587_0063_0017_0051_0073.jpg 1 63 17 51 73
0588_0089_0040_0038_0055.jpg 1 89 40 38 55
0589_0018_0030_0038_0054.jpg 1 18 30 38 54
0590_0035_0028_0049_0070.jpg 1 35 28 49 70
0591_0086_0014_0042_0060.jpg 1 86 14 42 60
0592_0022_0025_0046_0066.jpg 1 22 25 46 66
0593_0078_0010_0035_0050.jpg 1 78 10 35 50
0594_0075_0026_0047_0068.jpg 1 75 26 47 68
0595_0090_0026_0052_0074.jpg 1 90 26 52 74
0596_0092_0013_0044_0063.jpg 1 92 13 44 63
0597_0036_0028_0050_0071.jpg 1 36 28 50 71
0598_0118_0030_0051_0073.jpg 1 118 30 51 73
0599_0080_0005_0052_0074.jpg 1 80 5 52 74
0600_0042_0022_0046_0065.jpg 1 42 22 46 65
0601_0029_0031_0036_0052.jpg 1 29 31 36 52
0602_0083_0032_0039_0056.jpg 1 83 32 39 56
0603_0121_0016_0036_0052.jpg 1 121 16 36 52
0604_0021_0031_0045_0065.jpg 1 21 31 45 65
0605_0105_0016_0043_0061.jpg 1 105 16 43 61
0606_0041_0018_0048_0069.jpg 1 41 18 48 69
0607_0080_0019_0044_0064.jpg 1 80 19 44 64
0608_0133_0017_0042_0061.jpg 1 133 17 42 61
0609_0118_0017_0038_0055.jpg 1 118 17 38 55
0610_0114_0016_0038_0054.jpg 1 114 16 38 54
0611_0070_0015_0040_0057.jpg 1 70 15 40 57
0612_0055_0009_0045_0064.jpg 1 55 9 45 64
0613_0051_0010_0040_0058.jpg 1 51 10 40 58
0614_0117_0031_0037_0053.jpg 1 117 31 37 53
0615_0103_0014_0043_0061.jpg 1 103 14 43 61
0616_0128_0006_0045_0064.jpg 1 128 6 45 64
0617_0047_0040_0042_0060.jpg 1 47 40 42 60
0618_0107_0016_0046_0066.jpg 1 107 16 46 66
0619_0024_0005_0049_0071.jpg 1 24 5 49 71
0620_0042_0004_0051_0073.jpg 1 42 4 51 73
0621_0107_0018_0044_0064.jpg 1 107 18 44 64
0622_0019_0024_0041_0059.jpg 1 19 24 41 59
0623_0094_0011_0042_0060.jpg 1 94 11 42 60
0624_0065_0030_0036_0052.jpg 1 65 30 36 52
0625_0101_0020_0044_0063.jpg 1 101 20 44 63
0626_0026_0024_0040_0058.jpg 1 26 24 40 58
0627_0048_0029_0045_0064.jpg 1 48 29 45 64
0628_0082_0005_0039_0056.jpg 1 82 5 39 56
0629_0087_0019_0052_0074.jpg 1 87 19 52 74
0630_0042_0009_0037_0053.jpg 1 42 9 37 53
0631_0058_0023_0037_0053.jpg 1 58 23 37 53
0632_0080_0008_0040_0057.jpg 1 80 8 40 57
0633_0126_0031_0049_0071.jpg 1 126 31 49 71
0634_0033_0037_0045_0064.jpg 1 33 37 45 64
0635_0127_0025_0042_0060.jpg 1 127 25 42 60
0636_0069_0030_0049_0071.jpg 1 69 30 49 71
0637_0095_0026_0048_0069.jpg 1 95 26 48 69
0638_0075_0004_0050_0072.jpg 1 75 4 50 72
0639_0078_0029_0049_0070.jpg 1 78 29 49 70
0640_0072_0010_0036_0051.jpg 1 72 10 36 51
0641_0079_0011_0048_0069.jpg 1 79 11 48 69
0642_0060_0014_0047_0067.jpg 1 60 14 47 67
0643_0044_0012_0044_0063.jpg 1 44 12 44 63
0644_0035_0022_0050_0072.jpg 1 35 22 50 72
0645_0024_0032_0051_0072.jpg 1 24 32 51 72
0646_0040_0021_0047_0067.jpg 1 40 21 47 67
0647_0049_0028_0048_0069.jpg 1 49 28 48 69
0648_0099_0007_0035_0051.jpg 1 99 7 35 51
0649_0094_0014_0047_0067.jpg 1 94 14 47 67
0650_0118_0003_0051_0073.jpg 1 118 3 51 73
0651_0130_0007_0039_0055.jpg 1 130 7 39 55
0652_0075_0011_0047_0067.jpg 1 75 11 47 67
0653_0049_0020_0047_0068.jpg 1 49 20 47 68
0654_0121_0027_0043_0062.jpg 1 121 27 43 62
0655_0083_0028_0038_0055.jpg 1 83 28 38 55
0656_0071_0049_0037_0053.jpg 1 71 49 37 53
0657_0130_0030_0037_0054.jpg 1 130 30 37 54
0658_0048_0025_0051_0073.jpg 1 48 25 51 73
0659_0064_0010_0049_0070.jpg 1 64 10 49 70
0660_0124_0041_0041_0059.jpg 1 124 41 41 59
0661_0080_0006_0051_0074.jpg 1 80 6 51 74
0662_0115_0034_0048_0069.jpg 1 115 34 48 69
0663_0087_0011_0036_0052.jpg 1 87 11 36 52
0664_0086_0046_0036_0051.jpg 1 86 46 36 51
0665_0078_0031_0048_0069.jpg 1 78 31 48 69
0666_0054_0027_0046_0066.jpg 1 54 27 46 66
0667_0053_0027_0052_0074.jpg 1 53 27 52 74
0668_0133_0041_0036_0052.jpg 1 133 41 36 52
0669_0091_0024_0047_0068.jpg 1 91 24 47 68
0670_0039_0007_0052_0074.jpg 1 39 7 52 74
0671_0087_0012_0042_0060.jpg 1 87 12 42 60
0672_0095_0026_0051_0073.jpg 1 95 26 51 73
0673_0104_0019_0042_0060.jpg 1 104 19 42 60
0674_0124_0013_0052_0075.jpg 1 124 13 52 75
0675_0102_0018_0043_0061.jpg 1 102 18 43 61
0676_0031_0047_0038_0055.jpg 1 31 47 38 55
0677_0033_0038_0039_0056.jpg 1 33 38 39 56
0678_0021_0003_0050_0072.jpg 1 21 3 50 72
0679_0075_0006_0050_0071.jpg 1 75 6 50 71
0680_0022_0011_0042_0060.jpg 1 22 11 42 60
0681_0016_0038_0038_0054.jpg 1 16 38 38 54
0682_0038_0007_0050_0071.jpg 1 38 7 50 71
0683_0067_0005_0041_0059.jpg 1 67 5 41 59
0684_0119_0014_0052_0075.jpg 1 119 14 52 75
0685_0121_0004_0046_0066.jpg 1 121 4 46 66
0686_0047_0011_0035_0051.jpg 1 47 11 35 51
0687_0025_0024_0052_0075.jpg 1 25 24 52 75
0688_0087_0025_0039_0057.jpg 1 87 25 39 57
0689_0057_0009_0046_0065.jpg 1 57 9 46 65
0690_0087_0042_0036_0052.jpg 1 87 42 36 52
0691_0027_0036_0041_0058.jpg 1 27 36 41 58
0692_0106_0035_0039_0056.jpg 1 106 35 39 56
0693_0037_0016_0045_0064.jpg 1 37 16 45 64
0694_0101_0048_0035_0050.jpg 1 101 48 35 50
0695_0068_0024_0039_0056.jpg 1 68 24 39 56
0696_0070_0041_0036_0052.jpg 1 70 41 36 52
0697_0025_0012_0051_0073.jpg 1 25 12 51 73
0698_0134_0009_0042_0060.jpg 1 134 9 42 60
0699_0077_0010_0046_0066.jpg 1 77 10 46 66
0700_0082_0020_0048_0069.jpg 1 82 20 48 69
0701_0088_0034_0044_0064.jpg 1 88 34 44 64
0702_0111_0042_0041_0059.jpg 1 111 42 41 59
0703_0022_0014_0038_0054.jpg 1 22 14 38 54
0704_0053_0030_0036_0051.jpg 1 53 30 36 51
0705_0042_0033_0039_0056.jpg 1 42 33 39 56
0706_0107_0013_0045_0065.jpg 1 107 13 45 65
0707_0104_0016_0046_0066.jpg 1 104 16 46 66
0708_0051_0013_0040_0057.jpg 1 51 13 40 57
0709_0023_0011_0039_0056.jpg 1 23 11 39 56
0710_0041_0027_0045_0064.jpg 1 41 27 45 64
0711_0103_0005_0042_0061.jpg 1 103 5 42 61
0712_0027_0017_0043_0062.jpg 1 27 17 43 62
0713_0042_0013_0049_0070.jpg 1 42 13 49 70
0714_0134_0027_0042_0060.jpg 1 134 27 42 60
0715_0088_0028_0042_0061.jpg 1 88 28 42 61
0716_0017_0031_0041_0059.jpg 1 17 31 41 59
0717_0048_0009_0041_0059.jpg 1 48 9 41 59
0718_0056_0006_0041_0059.jpg 1 56 6 41 59
0719_0090_0012_0044_0062.jpg 1 90 12 44 62
0720_0112_0016_0049_0070.jpg 1 112 16 49 70
0721_0015_0014_0049_0070.jpg 1 15 14 49 70
0722_0118_0044_0035_0051.jpg 1 118 44 35 51
0723_0030_0030_0051_0073.jpg 1 30 30 51 73
0724_0124_0035_0038_0054.jpg 1 124 35 38 54
0725_0076_0012_0048_0068.jpg 1 76 12 48 68
0726_0123_0009_0042_0060.jpg 1 123 9 42 60
0727_0058_0024_0038_0054.jpg 1 58 24 38 54
0728_0096_0021_0049_0070.jpg 1 96 21 49 70
0729_0041_0018_0045_0064.jpg 1 41 18 45 64
0730_0018_0023_0040_0058.jpg 1 18 23 40 58
0731_0049_0003_0050_0072.jpg 1 49 3 50 72
0732_0023_0030_0045_0064.jpg 1 23 30 45 64
0733_0098_0035_0036_0051.jpg 1 98 35 36 51
0734_0116_0025_0039_0056.jpg 1 116 25 39 56
0735_0085_0008_0050_0071.jpg 1 85 8 50 71
0736_0118_0046_0037_0053.jpg 1 118 46 37 53
0737_0088_0014_0040_0057.jpg 1 88 14 40 57
0738_0061_0018_0050_0071.jpg 1 61 18 50 71
0739_0073_0019_0035_0050.jpg 1 73 19 35 50
0740_0063_0043_0036_0052.jpg 1 63 43 36 52
0741_0074_0008_0052_0075.jpg 1 74 8 52 75
0742_0036_0034_0038_0055.jpg 1 36 34 38 55
0743_0079_0015_0045_0065.jpg 1 79 15 45 65
0744_0041_0019_0039_0056.jpg 1 41 19 39 56
0745_0036_0014_0050_0072.jpg 1 36 14 50 72
0746_0035_0038_0045_0065.jpg 1 35 38 45 65
0747_0068_0030_0035_0050.jpg 1 68 30 35 50
0748_0101_0012_0051_0073.jpg 1 101 12 51 73
0749_0020_0016_0050_0071.jpg 1 20 16 50 71
0750_0052_0016_0050_0072.jpg 1 52 16 50 72
0751_0040_0014_0036_0052.jpg 1 40 14 36 52
0752_0056_0006_0040_0058.jpg 1 56 6 40 58
0753_0042_0010_0040_0057.jpg 1 42 10 40 57
0754_0107_0014_0044_0064.jpg 1 107 14 44 64
0755_0032_0029_0052_0074.jpg 1 32 29 52 74
0756_0121_0037_0035_0050.jpg 1 121 37 35 50
0757_0033_0009_0041_0058.jpg 1 33 9 41 58
0758_0070_0030_0050_0072.jpg 1 70 30 50 72
0759_0077_0016_0039_0056.jpg 1 77 16 39 56
0760_0097_0026_0040_0058.jpg 1 97 26 40 58
0761_0106_0037_0043_0062.jpg 1 106 37 43 62
0762_0048_0021_0049_0070.jpg 1 48 21 49 70
0763_0048_0046_0035_0051.jpg 1 48 46 35 51
0764_0050_0038_0038_0055.jpg 1 50 38 38 55
0765_0070_0026_0036_0052.jpg 1 70 26 36 52
0766_0111_0034_0038_0054.jpg 1 111 34 38 54
0767_0132_0042_0039_0056.jpg 1 132 42 39 56
0768_0096_0013_0050_0071.jpg 1 96 13 50 71
0769_0050_0011_0036_0051.jpg 1 50 11 36 51
0770_0116_0018_0035_0050.jpg 1 116 18 35 50
0771_0104_0032_0048_0069.jpg 1 104 32 48 69
0772_0087_0009_0047_0067.jpg 1 87 9 47 67
0773_0030_0024_0048_0068.jpg 1 30 24 48 68
0774_0097_0013_0050_0072.jpg 1 97 13 50 72
0775_0136_0006_0040_0057.jpg 1 136 6 40 57
0776_0127_0041_0044_0062.jpg 1 127 41 44 62
0777_0077_0021_0037_0053.jpg 1 77 21 37 53
0778_0111_0034_0047_0067.jpg 1 111 34 47 67
0779_0052_0016_0052_0074.jpg 1 52 16 52 74
0780_0120_0030_0046_0066.jpg 1 120 30 46 66
0781_0126_0028_0038_0055.jpg 1 126 28 38 55
0782_0092_0038_0044_0063.jpg 1 92 38 44 63
0783_0018_0037_0040_0058.jpg 1 18 37 40 58
0784_0059_0010_0041_0059.jpg 1 59 10 41 59
0785_0129_0015_0046_0066.jpg 1 129 15 46 66
0786_0121_0040_0041_0059.jpg 1 121 40 41 59
0787_0086_0026_0044_0063.jpg 1 86 26 44 63
0788_0015_0037_0045_0064.jpg 1 15 37 45 64
0789_0103_0007_0040_0057.jpg 1 103 7 40 57
0790_0046_0017_0041_0058.jpg 1 46 17 41 58
0791_0116_0040_0042_0060.jpg 1 116 40 42 60
0792_0103_0017_0045_0064.jpg 1 103 17 45 64
0793_0078_0043_0041_0058.jpg 1 78 43 41 58
0794_0121_0019_0035_0051.jpg 1 121 19 35 51
0795_0067_0021_0046_0066.jpg 1 67 21 46 66
0796_0096_0028_0045_0065.jpg 1 96 28 45 65
0797_0073_0038_0043_0061.jpg 1 73 38 43 61
0798_0059_0004_0044_0063.jpg 1 59 4 44 63
0799_0116_0037_0043_0062.jpg 1 116 37 43 62
0800_0099_0008_0051_0073.jpg 1 99 8 51 73
0801_0052_0037_0044_0063.jpg 1 52 37 44 63
0802_0090_0013_0036_0052.jpg 1 90 13 36 52
0803_0112_0018_0049_0071.jpg 1 112 18 49 71
0804_0121_0008_0039_0055.jpg 1 121 8 39 55
0805_0070_0014_0037_0054.jpg 1 70 14 37 54
0806_0081_0008_0052_0074.jpg 1 81 8 52 74
0807_0126_0014_0046_0065.jpg 1 126 14 46 65
0808_0041_0004_0051_0073.jpg 1 41 4 51 73
0809_0059_0042_0037_0054.jpg 1 59 42 37 54
0810_0074_0005_0040_0058.jpg 1 74 5 40 58
0811_0105_0003_0051_0073.jpg 1 105 3 51 73
0812_0041_0006_0044_0063.jpg 1 41 6 44 63
0813_0034_0004_0046_0065.jpg 1 34 4 46 65
