0001_0125_0007_0041_0059.jpg 1 125 7 41 59
0002_0113_0020_0045_0065.jpg 1 113 20 45 65
0003_0043_0019_0051_0074.jpg 1 43 19 51 74
0004_0110_0005_0051_0073.jpg 1 110 5 51 73
0005_0048_0033_0036_0052.jpg 1 48 33 36 52
0006_0123_0013_0050_0072.jpg 1 123 13 50 72
0007_0028_0034_0045_0065.jpg 1 28 34 45 65
0008_0102_0044_0038_0054.jpg 1 102 44 38 54
0009_0110_0050_0035_0050.jpg 1 110 50 35 50
0010_0106_0037_0043_0061.jpg 1 106 37 43 61
0011_0052_0026_0050_0072.jpg 1 52 26 50 72
0012_0088_0009_0035_0050.jpg 1 88 9 35 50
0013_0065_0029_0052_0074.jpg 1 65 29 52 74
0014_0073_0031_0046_0066.jpg 1 73 31 46 66
0015_0048_0032_0037_0053.jpg 1 48 32 37 53
0016_0081_0013_0051_0073.jpg 1 81 13 51 73
0017_0107_0024_0051_0074.jpg 1 107 24 51 74
0018_0070_0007_0043_0062.jpg 1 70 7 43 62
0019_0082_0022_0043_0061.jpg 1 82 22 43 61
0020_0129_0029_0044_0063.jpg 1 129 29 44 63
0021_0070_0030_0048_0068.jpg 1 70 30 48 68
0022_0095_0035_0036_0052.jpg 1 95 35 36 52
0023_0049_0018_0036_0052.jpg 1 49 18 36 52
0024_0130_0008_0043_0062.jpg 1 130 8 43 62
0025_0102_0003_0052_0075.jpg 1 102 3 52 75
0026_0126_0036_0038_0055.jpg 1 126 36 38 55
0027_0085_0025_0044_0063.jpg 1 85 25 44 63
0028_0058_0047_0035_0051.jpg 1 58 47 35 51
0029_0062_0044_0040_0057.jpg 1 62 44 40 57
0030_0025_0018_0043_0062.jpg 1 25 18 43 62
0031_0041_0012_0052_0074.jpg 1 41 12 52 74
0032_0055_0023_0045_0065.jpg 1 55 23 45 65
0033_0034_0018_0049_0070.jpg 1 34 18 49 70
0034_0100_0004_0051_0072.jpg 1 100 4 51 72
0035_0099_0015_0041_0059.jpg 1 99 15 41 59
0036_0044_0013_0052_0075.jpg 1 44 13 52 75
0037_0016_0033_0042_0060.jpg 1 16 33 42 60
0038_0104_0023_0048_0069.jpg 1 104 23 48 69
0039_0037_0007_0039_0056.jpg 1 37 7 39 56
0040_0064_0012_0048_0069.jpg 1 64 12 48 69
0041_0059_0039_0041_0059.jpg 1 59 39 41 59
0042_0016_0020_0035_0051.jpg 1 16 20 35 51
0043_0075_0003_0051_0073.jpg 1 75 3 51 73
0044_0081_0006_0036_0052.jpg 1 81 6 36 52
0045_0113_0021_0036_0052.jpg 1 113 21 36 52
0046_0098_0034_0043_0062.jpg 1 98 34 43 62
0047_0113_0033_0038_0055.jpg 1 113 33 38 55
0048_0020_0016_0045_0065.jpg 1 20 16 45 65
0049_0022_0017_0046_0066.jpg 1 22 17 46 66
0050_0091_0040_0041_0059.jpg 1 91 40 41 59
0051_0024_0009_0049_0071.jpg 1 24 9 49 71
0052_0132_0036_0044_0064.jpg 1 132 36 44 64
0053_0092_0034_0040_0057.jpg 1 92 34 40 57
0054_0069_0026_0035_0050.jpg 1 69 26 35 50
0055_0123_0028_0035_0050.jpg 1 123 28 35 50
0056_0078_0013_0050_0072.jpg 1 78 13 50 72
0057_0032_0029_0052_0075.jpg 1 32 29 52 75
0058_0051_0017_0051_0074.jpg 1 51 17 51 74
0059_0086_0045_0039_0056.jpg 1 86 45 39 56
0060_0088_0004_0048_0069.jpg 1 88 4 48 69
0061_0111_0007_0048_0069.jpg 1 111 7 48 69
0062_0131_0032_0046_0066.jpg 1 131 32 46 66
0063_0025_0016_0048_0069.jpg 1 25 16 48 69
0064_0017_0028_0035_0050.jpg 1 17 28 35 50
0065_0131_0010_0041_0059.jpg 1 131 10 41 59
0066_0052_0015_0045_0064.jpg 1 52 15 45 64
0067_0033_0045_0040_0057.jpg 1 33 45 40 57
0068_0070_0019_0048_0069.jpg 1 70 19 48 69
0069_0049_0029_0047_0067.jpg 1 49 29 47 67
0070_0077_0026_0042_0060.jpg 1 77 26 42 60
0071_0122_0017_0052_0074.jpg 1 122 17 52 74
0072_0052_0013_0044_0063.jpg 1 52 13 44 63
0073_0120_0030_0044_0063.jpg 1 120 30 44 63
0074_0015_0029_0052_0074.jpg 1 15 29 52 74
0075_0048_0038_0043_0062.jpg 1 48 38 43 62
0076_0035_0030_0048_0068.jpg 1 35 30 48 68
0077_0032_0044_0037_0053.jpg 1 32 44 37 53
0078_0080_0011_0047_0068.jpg 1 80 11 47 68
0079_0124_0027_0050_0072.jpg 1 124 27 50 72
0080_0019_0008_0051_0073.jpg 1 19 8 51 73
0081_0039_0005_0051_0073.jpg 1 39 5 51 73
0082_0040_0009_0052_0075.jpg 1 40 9 52 75
0083_0069_0017_0040_0058.jpg 1 69 17 40 58
0084_0055_0031_0047_0068.jpg 1 55 31 47 68
0085_0049_0035_0046_0066.jpg 1 49 35 46 66
0086_0086_0012_0046_0066.jpg 1 86 12 46 66
0087_0033_0013_0046_0066.jpg 1 33 13 46 66
0088_0138_0046_0038_0055.jpg 1 138 46 38 55
0089_0037_0008_0039_0057.jpg 1 37 8 39 57
0090_0052_0016_0041_0059.jpg 1 52 16 41 59
0091_0109_0020_0045_0064.jpg 1 109 20 45 64
0092_0056_0023_0048_0069.jpg 1 56 23 48 69
0093_0092_0047_0038_0054.jpg 1 92 47 38 54
0094_0112_0020_0038_0055.jpg 1 112 20 38 55
0095_0100_0009_0042_0060.jpg 1 100 9 42 60
0096_0062_0039_0043_0061.jpg 1 62 39 43 61
0097_0022_0027_0052_0074.jpg 1 22 27 52 74
0098_0097_0041_0043_0062.jpg 1 97 41 43 62
0099_0031_0030_0050_0071.jpg 1 31 30 50 71
0100_0100_0024_0049_0070.jpg 1 100 24 49 70
0101_0129_0049_0037_0053.jpg 1 129 49 37 53
0102_0024_0024_0042_0060.jpg 1 24 24 42 60
0103_0029_0031_0040_0057.jpg 1 29 31 40 57
0104_0048_0006_0050_0072.jpg 1 48 6 50 72
0105_0139_0042_0036_0052.jpg 1 139 42 36 52
0106_0077_0013_0049_0070.jpg 1 77 13 49 70
0107_0125_0007_0051_0074.jpg 1 125 7 51 74
0108_0095_0009_0042_0060.jpg 1 95 9 42 60
0109_0076_0012_0039_0056.jpg 1 76 12 39 56
0110_0126_0032_0049_0070.jpg 1 126 32 49 70
0111_0029_0021_0038_0055.jpg 1 29 21 38 55
0112_0023_0005_0050_0072.jpg 1 23 5 50 72
0113_0105_0020_0051_0073.jpg 1 105 20 51 73
0114_0037_0022_0052_0074.jpg 1 37 22 52 74
0115_0105_0042_0041_0059.jpg 1 105 42 41 59
0116_0060_0006_0039_0056.jpg 1 60 6 39 56
0117_0081_0018_0039_0055.jpg 1 81 18 39 55
0118_0047_0007_0047_0067.jpg 1 47 7 47 67
0119_0108_0023_0043_0062.jpg 1 108 23 43 62
0120_0112_0029_0051_0074.jpg 1 112 29 51 74
0121_0032_0013_0046_0067.jpg 1 32 13 46 67
0122_0052_0026_0046_0066.jpg 1 52 26 46 66
0123_0041_0008_0037_0054.jpg 1 41 8 37 54
0124_0072_0032_0038_0055.jpg 1 72 32 38 55
0125_0078_0004_0046_0066.jpg 1 78 4 46 66
0126_0105_0005_0049_0070.jpg 1 105 5 49 70
0127_0133_0022_0041_0059.jpg 1 133 22 41 59
0128_0097_0012_0052_0074.jpg 1 97 12 52 74
0129_0089_0031_0044_0064.jpg 1 89 31 44 64
0130_0026_0021_0042_0061.jpg 1 26 21 42 61
0131_0028_0017_0042_0060.jpg 1 28 17 42 60
0132_0112_0030_0046_0067.jpg 1 112 30 46 67
0133_0025_0011_0047_0068.jpg 1 25 11 47 68
0134_0023_0012_0042_0061.jpg 1 23 12 42 61
0135_0025_0025_0040_0057.jpg 1 25 25 40 57
0136_0068_0022_0037_0053.jpg 1 68 22 37 53
0137_0132_0042_0035_0050.jpg 1 132 42 35 50
0138_0046_0039_0037_0053.jpg 1 46 39 37 53
0139_0022_0042_0043_0061.jpg 1 22 42 43 61
0140_0062_0014_0036_0052.jpg 1 62 14 36 52
0141_0065_0015_0035_0050.jpg 1 65 15 35 50
0142_0045_0010_0050_0072.jpg 1 45 10 50 72
0143_0037_0021_0035_0050.jpg 1 37 21 35 50
0144_0039_0026_0047_0067.jpg 1 39 26 47 67
0145_0078_0033_0047_0068.jpg 1 78 33 47 68
0146_0064_0026_0047_0068.jpg 1 64 26 47 68
0147_0115_0040_0043_0062.jpg 1 115 40 43 62
0148_0080_0023_0036_0051.jpg 1 80 23 36 51
0149_0057_0040_0036_0052.jpg 1 57 40 36 52
0150_0082_0024_0049_0070.jpg 1 82 24 49 70
0151_0018_0014_0047_0067.jpg 1 18 14 47 67
0152_0084_0034_0042_0060.jpg 1 84 34 42 60
0153_0077_0022_0050_0072.jpg 1 77 22 50 72
0154_0056_0012_0049_0070.jpg 1 56 12 49 70
0155_0094_0024_0036_0051.jpg 1 94 24 36 51
0156_0123_0011_0039_0055.jpg 1 123 11 39 55
0157_0028_0037_0043_0062.jpg 1 28 37 43 62
0158_0118_0038_0041_0058.jpg 1 118 38 41 58
0159_0121_0032_0047_0068.jpg 1 121 32 47 68
0160_0125_0021_0045_0064.jpg 1 125 21 45 64
0161_0119_0017_0045_0064.jpg 1 119 17 45 64
0162_0097_0024_0040_0058.jpg 1 97 24 40 58
0163_0027_0014_0050_0071.jpg 1 27 14 50 71
0164_0100_0018_0037_0053.jpg 1 100 18 37 53
0165_0105_0031_0041_0059.jpg 1 105 31 41 59
0166_0128_0018_0049_0070.jpg 1 128 18 49 70
0167_0091_0013_0048_0068.jpg 1 91 13 48 68
0168_0042_0005_0047_0068.jpg 1 42 5 47 68
0169_0058_0038_0036_0052.jpg 1 58 38 36 52
0170_0077_0008_0049_0070.jpg 1 77 8 49 70
0171_0041_0009_0051_0074.jpg 1 41 9 51 74
0172_0088_0034_0040_0057.jpg 1 88 34 40 57
0173_0066_0019_0038_0054.jpg 1 66 19 38 54
0174_0107_0030_0044_0064.jpg 1 107 30 44 64
0175_0073_0030_0051_0073.jpg 1 73 30 51 73
0176_0113_0011_0052_0074.jpg 1 113 11 52 74
0177_0031_0031_0045_0064.jpg 1 31 31 45 64
0178_0127_0022_0046_0066.jpg 1 127 22 46 66
0179_0124_0023_0050_0071.jpg 1 124 23 50 71
0180_0046_0036_0042_0060.jpg 1 46 36 42 60
0181_0076_0025_0052_0074.jpg 1 76 25 52 74
0182_0066_0028_0041_0059.jpg 1 66 28 41 59
0183_0092_0007_0052_0075.jpg 1 92 7 52 75
0184_0085_0025_0052_0075.jpg 1 85 25 52 75
0185_0108_0005_0049_0071.jpg 1 108 5 49 71
0186_0137_0022_0039_0056.jpg 1 137 22 39 56
0187_0044_0038_0039_0057.jpg 1 44 38 39 57
0188_0050_0025_0045_0065.jpg 1 50 25 45 65
0189_0048_0021_0044_0062.jpg 1 48 21 44 62
0190_0115_0032_0045_0064.jpg 1 115 32 45 64
0191_0084_0045_0039_0055.jpg 1 84 45 39 55
0192_0093_0026_0049_0070.jpg 1 93 26 49 70
0193_0078_0009_0049_0070.jpg 1 78 9 49 70
0194_0039_0046_0039_0056.jpg 1 39 46 39 56
0195_0018_0004_0048_0069.jpg 1 18 4 48 69
0196_0081_0050_0035_0050.jpg 1 81 50 35 50
0197_0048_0024_0037_0053.jpg 1 48 24 37 53
0198_0099_0009_0048_0068.jpg 1 99 9 48 68
0199_0117_0014_0035_0051.jpg 1 117 14 35 51
0200_0051_0016_0037_0053.jpg 1 51 16 37 53
0201_0117_0031_0050_0071.jpg 1 117 31 50 71
0202_0095_0022_0051_0074.jpg 1 95 22 51 74
0203_0124_0006_0047_0067.jpg 1 124 6 47 67
0204_0018_0030_0035_0051.jpg 1 18 30 35 51
0205_0110_0031_0049_0070.jpg 1 110 31 49 70
0206_0060_0030_0042_0060.jpg 1 60 30 42 60
0207_0115_0007_0044_0063.jpg 1 115 7 44 63
0208_0111_0020_0038_0054.jpg 1 111 20 38 54
0209_0023_0024_0044_0063.jpg 1 23 24 44 63
0210_0081_0030_0043_0062.jpg 1 81 30 43 62
0211_0036_0023_0047_0068.jpg 1 36 23 47 68
0212_0125_0023_0050_0072.jpg 1 125 23 50 72
0213_0098_0009_0041_0059.jpg 1 98 9 41 59
0214_0093_0034_0045_0065.jpg 1 93 34 45 65
0215_0089_0031_0041_0059.jpg 1 89 31 41 59
0216_0129_0013_0045_0064.jpg 1 129 13 45 64
0217_0065_0015_0049_0070.jpg 1 65 15 49 70
0218_0056_0004_0052_0074.jpg 1 56 4 52 74
0219_0076_0014_0042_0060.jpg 1 76 14 42 60
0220_0040_0019_0040_0058.jpg 1 40 19 40 58
0221_0080_0050_0035_0050.jpg 1 80 50 35 50
0222_0103_0034_0043_0062.jpg 1 103 34 43 62
0223_0118_0018_0038_0054.jpg 1 118 18 38 54
0224_0018_0033_0049_0070.jpg 1 18 33 49 70
0225_0047_0020_0042_0061.jpg 1 47 20 42 61
0226_0103_0014_0050_0072.jpg 1 103 14 50 72
0227_0084_0020_0051_0073.jpg 1 84 20 51 73
0228_0085_0031_0050_0072.jpg 1 85 31 50 72
0229_0059_0025_0037_0054.jpg 1 59 25 37 54
0230_0084_0042_0041_0059.jpg 1 84 42 41 59
0231_0083_0024_0037_0053.jpg 1 83 24 37 53
0232_0054_0019_0035_0050.jpg 1 54 19 35 50
0233_0112_0006_0035_0050.jpg 1 112 6 35 50
0234_0055_0025_0045_0064.jpg 1 55 25 45 64
0235_0134_0035_0036_0052.jpg 1 134 35 36 52
0236_0089_0037_0041_0059.jpg 1 89 37 41 59
0237_0043_0027_0039_0056.jpg 1 43 27 39 56
0238_0055_0014_0041_0059.jpg 1 55 14 41 59
0239_0016_0007_0037_0053.jpg 1 16 7 37 53
0240_0058_0010_0047_0068.jpg 1 58 10 47 68
0241_0107_0011_0047_0068.jpg 1 107 11 47 68
0242_0045_0030_0044_0062.jpg 1 45 30 44 62
0243_0114_0009_0051_0073.jpg 1 114 9 51 73
0244_0064_0038_0039_0055.jpg 1 64 38 39 55
0245_0082_0011_0049_0070.jpg 1 82 11 49 70
0246_0067_0029_0037_0053.jpg 1 67 29 37 53
0247_0071_0027_0037_0053.jpg 1 71 27 37 53
0248_0083_0026_0047_0067.jpg 1 83 26 47 67
0249_0116_0042_0036_0051.jpg 1 116 42 36 51
0250_0047_0009_0045_0065.jpg 1 47 9 45 65
0251_0085_0025_0041_0059.jpg 1 85 25 41 59
0252_0097_0024_0035_0050.jpg 1 97 24 35 50
0253_0060_0021_0048_0069.jpg 1 60 21 48 69
0254_0039_0016_0048_0069.jpg 1 39 16 48 69
0255_0017_0005_0052_0074.jpg 1 17 5 52 74
0256_0097_0023_0051_0074.jpg 1 97 23 51 74
0257_0090_0028_0038_0055.jpg 1 90 28 38 55
0258_0060_0039_0045_0064.jpg 1 60 39 45 64
0259_0016_0029_0043_0061.jpg 1 16 29 43 61
0260_0092_0029_0041_0059.jpg 1 92 29 41 59
0261_0118_0038_0041_0058.jpg 1 118 38 41 58
0262_0117_0006_0051_0073.jpg 1 117 6 51 73
0263_0078_0041_0035_0051.jpg 1 78 41 35 51
0264_0126_0010_0047_0068.jpg 1 126 10 47 68
0265_0051_0039_0038_0055.jpg 1 51 39 38 55
0266_0018_0022_0048_0069.jpg 1 18 22 48 69
0267_0124_0022_0037_0053.jpg 1 124 22 37 53
0268_0075_0029_0049_0070.jpg 1 75 29 49 70
0269_0126_0021_0050_0071.jpg 1 126 21 50 71
0270_0070_0010_0051_0073.jpg 1 70 10 51 73
0271_0116_0010_0040_0057.jpg 1 116 10 40 57
0272_0040_0045_0039_0055.jpg 1 40 45 39 55
0273_0024_0018_0051_0074.jpg 1 24 18 51 74
0274_0115_0017_0043_0061.jpg 1 115 17 43 61
0275_0098_0025_0048_0069.jpg 1 98 25 48 69
0276_0087_0039_0041_0059.jpg 1 87 39 41 59
0277_0070_0018_0050_0071.jpg 1 70 18 50 71
0278_0030_0009_0048_0068.jpg 1 30 9 48 68
0279_0115_0034_0042_0060.jpg 1 115 34 42 60
0280_0090_0037_0046_0066.jpg 1 90 37 46 66
0281_0076_0031_0047_0067.jpg 1 76 31 47 67
0282_0115_0027_0037_0053.jpg 1 115 27 37 53
0283_0087_0011_0050_0072.jpg 1 87 11 50 72
0284_0128_0014_0035_0050.jpg 1 128 14 35 50
0285_0061_0017_0035_0050.jpg 1 61 17 35 50
0286_0069_0007_0041_0059.jpg 1 69 7 41 59
0287_0107_0003_0049_0071.jpg 1 107 3 49 71
0288_0056_0038_0042_0061.jpg 1 56 38 42 61
0289_0109_0031_0043_0062.jpg 1 109 31 43 62
0290_0088_0025_0036_0051.jpg 1 88 25 36 51
0291_0094_0028_0040_0057.jpg 1 94 28 40 57
0292_0045_0030_0047_0068.jpg 1 45 30 47 68
0293_0036_0023_0047_0068.jpg 1 36 23 47 68
0294_0053_0031_0050_0071.jpg 1 53 31 50 71
0295_0100_0021_0035_0050.jpg 1 100 21 35 50
0296_0130_0029_0036_0051.jpg 1 130 29 36 51
0297_0082_0041_0042_0060.jpg 1 82 41 42 60
0298_0074_0021_0051_0073.jpg 1 74 21 51 73
0299_0115_0006_0045_0064.jpg 1 115 6 45 64
0300_0109_0016_0043_0061.jpg 1 109 16 43 61
0301_0106_0005_0040_0057.jpg 1 106 5 40 57
0302_0022_0014_0041_0059.jpg 1 22 14 41 59
0303_0125_0017_0047_0067.jpg 1 125 17 47 67
0304_0098_0007_0046_0065.jpg 1 98 7 46 65
0305_0050_0043_0039_0056.jpg 1 50 43 39 56
0306_0026_0011_0038_0054.jpg 1 26 11 38 54
0307_0038_0027_0039_0056.jpg 1 38 27 39 56
0308_0065_0036_0043_0061.jpg 1 65 36 43 61
0309_0118_0005_0050_0072.jpg 1 118 5 50 72
0310_0044_0043_0041_0058.jpg 1 44 43 41 58
0311_0067_0012_0050_0072.jpg 1 67 12 50 72
0312_0087_0025_0047_0067.jpg 1 87 25 47 67
0313_0052_0022_0040_0057.jpg 1 52 22 40 57
0314_0105_0017_0042_0060.jpg 1 105 17 42 60
0315_0084_0008_0043_0062.jpg 1 84 8 43 62
0316_0018_0009_0050_0072.jpg 1 18 9 50 72
0317_0080_0027_0049_0070.jpg 1 80 27 49 70
0318_0098_0040_0043_0062.jpg 1 98 40 43 62
0319_0027_0014_0037_0054.jpg 1 27 14 37 54
0320_0065_0036_0038_0055.jpg 1 65 36 38 55
0321_0118_0022_0051_0073.jpg 1 118 22 51 73
0322_0108_0030_0048_0069.jpg 1 108 30 48 69
0323_0026_0029_0035_0050.jpg 1 26 29 35 50
0324_0027_0028_0037_0053.jpg 1 27 28 37 53
0325_0037_0009_0049_0071.jpg 1 37 9 49 71
0326_0123_0020_0045_0065.jpg 1 123 20 45 65
0327_0071_0009_0051_0073.jpg 1 71 9 51 73
0328_0104_0031_0045_0064.jpg 1 104 31 45 64
0329_0037_0049_0037_0053.jpg 1 37 49 37 53
0330_0112_0020_0050_0072.jpg 1 112 20 50 72
0331_0015_0030_0039_0056.jpg 1 15 30 39 56
0332_0131_0039_0045_0064.jpg 1 131 39 45 64
0333_0088_0026_0043_0061.jpg 1 88 26 43 61
0334_0065_0045_0039_0056.jpg 1 65 45 39 56
0335_0073_0025_0050_0072.jpg 1 73 25 50 72
0336_0047_0042_0036_0052.jpg 1 47 42 36 52
0337_0059_0006_0050_0071.jpg 1 59 6 50 71
0338_0036_0023_0050_0072.jpg 1 36 23 50 72
0339_0129_0035_0042_0060.jpg 1 129 35 42 60
0340_0015_0017_0048_0069.jpg 1 15 17 48 69
0341_0106_0034_0041_0058.jpg 1 106 34 41 58
0342_0059_0027_0050_0071.jpg 1 59 27 50 71
0343_0079_0040_0036_0051.jpg 1 79 40 36 51
0344_0116_0019_0039_0056.jpg 1 116 19 39 56
0345_0022_0043_0037_0054.jpg 1 22 43 37 54
0346_0087_0030_0050_0072.jpg 1 87 30 50 72
0347_0056_0028_0046_0066.jpg 1 56 28 46 66
0348_0129_0010_0043_0062.jpg 1 129 10 43 62
0349_0119_0023_0050_0072.jpg 1 119 23 50 72
0350_0103_0031_0050_0071.jpg 1 103 31 50 71
0351_0130_0015_0044_0062.jpg 1 130 15 44 62
0352_0137_0041_0039_0057.jpg 1 137 41 39 57
0353_0060_0024_0051_0073.jpg 1 60 24 51 73
0354_0033_0029_0039_0056.jpg 1 33 29 39 56
0355_0081_0024_0041_0059.jpg 1 81 24 41 59
0356_0081_0027_0047_0068.jpg 1 81 27 47 68
0357_0076_0026_0041_0059.jpg 1 76 26 41 59
0358_0122_0035_0040_0057.jpg 1 122 35 40 57
0359_0106_0008_0048_0068.jpg 1 106 8 48 68
0360_0082_0027_0043_0061.jpg 1 82 27 43 61
0361_0082_0028_0049_0071.jpg 1 82 28 49 71
0362_0129_0015_0048_0069.jpg 1 129 15 48 69
0363_0117_0021_0049_0071.jpg 1 117 21 49 71
0364_0036_0038_0042_0061.jpg 1 36 38 42 61
0365_0037_0020_0044_0064.jpg 1 37 20 44 64
0366_0055_0023_0035_0050.jpg 1 55 23 35 50
0367_0052_0014_0052_0075.jpg 1 52 14 52 75
0368_0078_0025_0037_0053.jpg 1 78 25 37 53
0369_0070_0032_0035_0051.jpg 1 70 32 35 51
0370_0100_0011_0043_0061.jpg 1 100 11 43 61
0371_0059_0022_0037_0054.jpg 1 59 22 37 54
0372_0054_0011_0042_0060.jpg 1 54 11 42 60
0373_0080_0017_0047_0067.jpg 1 80 17 47 67
0374_0033_0005_0039_0056.jpg 1 33 5 39 56
0375_0064_0012_0047_0067.jpg 1 64 12 47 67
0376_0044_0013_0047_0067.jpg 1 44 13 47 67
0377_0062_0017_0036_0051.jpg 1 62 17 36 51
0378_0126_0026_0051_0073.jpg 1 126 26 51 73
0379_0115_0013_0036_0052.jpg 1 115 13 36 52
0380_0112_0028_0042_0061.jpg 1 112 28 42 61
0381_0056_0047_0037_0054.jpg 1 56 47 37 54
0382_0020_0034_0035_0051.jpg 1 20 34 35 51
0383_0048_0025_0052_0075.jpg 1 48 25 52 75
0384_0049_0005_0039_0056.jpg 1 49 5 39 56
0385_0054_0017_0042_0060.jpg 1 54 17 42 60
0386_0035_0039_0042_0060.jpg 1 35 39 42 60
0387_0076_0023_0047_0068.jpg 1 76 23 47 68
0388_0020_0036_0041_0058.jpg 1 20 36 41 58
0389_0076_0021_0047_0067.jpg 1 76 21 47 67
0390_0082_0007_0049_0071.jpg 1 82 7 49 71
0391_0105_0034_0047_0068.jpg 1 105 34 47 68
0392_0115_0022_0052_0075.jpg 1 115 22 52 75
0393_0082_0005_0040_0058.jpg 1 82 5 40 58
0394_0027_0019_0047_0067.jpg 1 27 19 47 67
0395_0030_0041_0042_0061.jpg 1 30 41 42 61
0396_0055_0016_0039_0057.jpg 1 55 16 39 57
0397_0033_0006_0041_0058.jpg 1 33 6 41 58
0398_0059_0030_0040_0058.jpg 1 59 30 40 58
0399_0047_0032_0042_0060.jpg 1 47 32 42 60
0400_0117_0021_0044_0063.jpg 1 117 21 44 63
0401_0060_0027_0040_0058.jpg 1 60 27 40 58
0402_0085_0013_0040_0058.jpg 1 85 13 40 58
0403_0033_0019_0052_0074.jpg 1 33 19 52 74
0404_0074_0006_0045_0064.jpg 1 74 6 45 64
0405_0079_0026_0050_0072.jpg 1 79 26 50 72
0406_0046_0005_0043_0062.jpg 1 46 5 43 62
0407_0065_0030_0047_0067.jpg 1 65 30 47 67
0408_0106_0033_0049_0070.jpg 1 106 33 49 70
0409_0069_0010_0044_0064.jpg 1 69 10 44 64
0410_0024_0026_0036_0051.jpg 1 24 26 36 51
0411_0090_0011_0051_0073.jpg 1 90 11 51 73
0412_0087_0025_0051_0073.jpg 1 87 25 51 73
0413_0081_0021_0039_0056.jpg 1 81 21 39 56
0414_0127_0039_0035_0050.jpg 1 127 39 35 50
0415_0076_0028_0050_0071.jpg 1 76 28 50 71
0416_0130_0050_0035_0051.jpg 1 130 50 35 51
0417_0089_0010_0043_0062.jpg 1 89 10 43 62
0418_0121_0043_0040_0057.jpg 1 121 43 40 57
0419_0130_0007_0035_0051.jpg 1 130 7 35 51
0420_0039_0006_0047_0068.jpg 1 39 6 47 68
0421_0027_0004_0048_0068.jpg 1 27 4 48 68
0422_0067_0040_0037_0054.jpg 1 67 40 37 54
0423_0122_0037_0041_0059.jpg 1 122 37 41 59
0424_0088_0036_0042_0060.jpg 1 88 36 42 60
0425_0102_0041_0038_0055.jpg 1 102 41 38 55
0426_0061_0026_0049_0071.jpg 1 61 26 49 71
0427_0033_0007_0040_0057.jpg 1 33 7 40 57
0428_0083_0018_0047_0067.jpg 1 83 18 47 67
0429_0099_0011_0044_0064.jpg 1 99 11 44 64
0430_0119_0012_0042_0060.jpg 1 119 12 42 60
0431_0109_0023_0048_0069.jpg 1 109 23 48 69
0432_0096_0047_0036_0051.jpg 1 96 47 36 51
0433_0095_0022_0051_0073.jpg 1 95 22 51 73
0434_0066_0005_0052_0075.jpg 1 66 5 52 75
0435_0050_0023_0051_0074.jpg 1 50 23 51 74
0436_0043_0022_0039_0056.jpg 1 43 22 39 56
0437_0020_0030_0047_0068.jpg 1 20 30 47 68
0438_0113_0035_0046_0066.jpg 1 113 35 46 66
0439_0133_0032_0039_0056.jpg 1 133 32 39 56
0440_0057_0041_0035_0051.jpg 1 57 41 35 51
0441_0127_0034_0045_0064.jpg 1 127 34 45 64
0442_0100_0005_0051_0073.jpg 1 100 5 51 73
0443_0045_0007_0045_0065.jpg 1 45 7 45 65
0444_0125_0005_0037_0053.jpg 1 125 5 37 53
0445_0016_0022_0036_0052.jpg 1 16 22 36 52
0446_0095_0043_0037_0054.jpg 1 95 43 37 54
0447_0039_0014_0048_0068.jpg 1 39 14 48 68
0448_0114_0028_0049_0070.jpg 1 114 28 49 70
0449_0111_0010_0048_0069.jpg 1 111 10 48 69
0450_0091_0025_0040_0058.jpg 1 91 25 40 58
0451_0025_0014_0049_0071.jpg 1 25 14 49 71
0452_0038_0007_0035_0050.jpg 1 38 7 35 50
0453_0096_0042_0039_0056.jpg 1 96 42 39 56
0454_0058_0022_0048_0068.jpg 1 58 22 48 68
0455_0016_0017_0035_0051.jpg 1 16 17 35 51
0456_0044_0028_0050_0072.jpg 1 44 28 50 72
0457_0074_0017_0047_0068.jpg 1 74 17 47 68
0458_0022_0006_0050_0071.jpg 1 22 6 50 71
0459_0028_0016_0044_0063.jpg 1 28 16 44 63
0460_0092_0034_0039_0056.jpg 1 92 34 39 56
0461_0118_0027_0035_0051.jpg 1 118 27 35 51
0462_0083_0009_0040_0057.jpg 1 83 9 40 57
0463_0089_0013_0036_0052.jpg 1 89 13 36 52
0464_0044_0025_0049_0070.jpg 1 44 25 49 70
0465_0016_0040_0039_0056.jpg 1 16 40 39 56
0466_0064_0023_0050_0072.jpg 1 64 23 50 72
0467_0084_0041_0043_0061.jpg 1 84 41 43 61
0468_0089_0043_0040_0057.jpg 1 89 43 40 57
0469_0055_0026_0037_0053.jpg 1 55 26 37 53
0470_0077_0038_0042_0060.jpg 1 77 38 42 60
0471_0117_0015_0035_0050.jpg 1 117 15 35 50
0472_0049_0028_0043_0061.jpg 1 49 28 43 61
0473_0052_0004_0044_0063.jpg 1 52 4 44 63
0474_0059_0025_0040_0058.jpg 1 59 25 40 58
0475_0031_0041_0040_0057.jpg 1 31 41 40 57
0476_0034_0027_0049_0070.jpg 1 34 27 49 70
0477_0049_0013_0039_0056.jpg 1 49 13 39 56
0478_0069_0039_0039_0056.jpg 1 69 39 39 56
0479_0062_0010_0038_0055.jpg 1 62 10 38 55
0480_0050_0029_0039_0056.jpg 1 50 29 39 56
0481_0031_0039_0041_0059.jpg 1 31 39 41 59
0482_0092_0015_0052_0074.jpg 1 92 15 52 74
0483_0021_0026_0040_0057.jpg 1 21 26 40 57
0484_0090_0031_0040_0058.jpg 1 90 31 40 58
0485_0035_0036_0036_0051.jpg 1 35 36 36 51
0486_0062_0013_0049_0071.jpg 1 62 13 49 71
0487_0073_0017_0035_0050.jpg 1 73 17 35 50
0488_0064_0033_0043_0062.jpg 1 64 33 43 62
0489_0078_0021_0045_0064.jpg 1 78 21 45 64
0490_0102_0006_0044_0063.jpg 1 102 6 44 63
0491_0112_0008_0036_0051.jpg 1 112 8 36 51
0492_0060_0008_0042_0060.jpg 1 60 8 42 60
0493_0026_0017_0044_0063.jpg 1 26 17 44 63
0494_0055_0011_0052_0074.jpg 1 55 11 52 74
0495_0077_0007_0042_0060.jpg 1 77 7 42 60
0496_0061_0008_0044_0062.jpg 1 61 8 44 62
0497_0105_0025_0047_0067.jpg 1 105 25 47 67
0498_0049_0037_0043_0061.jpg 1 49 37 43 61
0499_0075_0014_0049_0070.jpg 1 75 14 49 70
0500_0039_0008_0036_0051.jpg 1 39 8 36 51
0501_0068_0030_0051_0073.jpg 1 68 30 51 73
0502_0123_0017_0042_0060.jpg 1 123 17 42 60
0503_0038_0047_0035_0050.jpg 1 38 47 35 50
0504_0037_0022_0051_0074.jpg 1 37 22 51 74
0505_0050_0019_0043_0062.jpg 1 50 19 43 62
0506_0020_0020_0041_0059.jpg 1 20 20 41 59
0507_0047_0011_0043_0062.jpg 1 47 11 43 62
0508_0115_0021_0049_0071.jpg 1 115 21 49 71
0509_0050_0006_0052_0074.jpg 1 50 6 52 74
0510_0028_0010_0048_0068.jpg 1 28 10 48 68
0511_0094_0038_0041_0059.jpg 1 94 38 41 59
0512_0120_0028_0052_0074.jpg 1 120 28 52 74
0513_0134_0023_0041_0058.jpg 1 134 23 41 58
0514_0077_0032_0040_0058.jpg 1 77 32 40 58
0515_0101_0043_0035_0051.jpg 1 101 43 35 51
0516_0103_0043_0038_0054.jpg 1 103 43 38 54
0517_0081_0027_0035_0050.jpg 1 81 27 35 50
0518_0043_0044_0039_0056.jpg 1 43 44 39 56
0519_0053_0032_0049_0071.jpg 1 53 32 49 71
0520_0075_0021_0044_0063.jpg 1 75 21 44 63
0521_0033_0037_0045_0064.jpg 1 33 37 45 64
0522_0020_0023_0048_0069.jpg 1 20 23 48 69
0523_0057_0030_0043_0061.jpg 1 57 30 43 61
0524_0076_0027_0051_0073.jpg 1 76 27 51 73
0525_0023_0015_0051_0073.jpg 1 23 15 51 73
0526_0053_0023_0035_0051.jpg 1 53 23 35 51
0527_0094_0009_0036_0052.jpg 1 94 9 36 52
0528_0054_0021_0049_0070.jpg 1 54 21 49 70
0529_0109_0009_0049_0070.jpg 1 109 9 49 70
0530_0128_0014_0036_0052.jpg 1 128 14 36 52
0531_0130_0023_0040_0058.jpg 1 130 23 40 58
0532_0078_0040_0037_0053.jpg 1 78 40 37 53
0533_0047_0036_0040_0058.jpg 1 47 36 40 58
0534_0126_0022_0040_0057.jpg 1 126 22 40 57
0535_0124_0011_0050_0072.jpg 1 124 11 50 72
0536_0020_0010_0051_0074.jpg 1 20 10 51 74
0537_0122_0041_0038_0054.jpg 1 122 41 38 54
0538_0026_0021_0043_0062.jpg 1 26 21 43 62
0539_0043_0026_0046_0066.jpg 1 43 26 46 66
0540_0059_0034_0038_0054.jpg 1 59 34 38 54
0541_0098_0018_0037_0053.jpg 1 98 18 37 53
0542_0020_0033_0039_0055.jpg 1 20 33 39 55
0543_0066_0014_0041_0059.jpg 1 66 14 41 59
0544_0127_0024_0048_0069.jpg 1 127 24 48 69
0545_0038_0016_0039_0056.jpg 1 38 16 39 56
0546_0104_0045_0038_0054.jpg 1 104 45 38 54
0547_0124_0023_0044_0063.jpg 1 124 23 44 63
0548_0087_0030_0042_0060.jpg 1 87 30 42 60
0549_0078_0013_0042_0060.jpg 1 78 13 42 60
0550_0066_0012_0041_0058.jpg 1 66 12 41 58
0551_0107_0040_0037_0054.jpg 1 107 40 37 54
0552_0093_0017_0049_0071.jpg 1 93 17 49 71
0553_0052_0022_0040_0057.jpg 1 52 22 40 57
0554_0086_0014_0049_0070.jpg 1 86 14 49 70
0555_0132_0016_0035_0051.jpg 1 132 16 35 51
0556_0120_0022_0035_0050.jpg 1 120 22 35 50
0557_0097_0014_0043_0062.jpg 1 97 14 43 62
0558_0052_0020_0049_0070.jpg 1 52 20 49 70
0559_0134_0032_0041_0058.jpg 1 134 32 41 58
0560_0072_0015_0050_0072.jpg 1 72 15 50 72
0561_0045_0023_0051_0073.jpg 1 45 23 51 73
0562_0043_0026_0048_0068.jpg 1 43 26 48 68
0563_0037_0024_0037_0052.jpg 1 37 24 37 52
0564_0068_0028_0044_0064.jpg 1 68 28 44 64
0565_0058_0015_0052_0074.jpg 1 58 15 52 74
0566_0017_0020_0048_0069.jpg 1 17 20 48 69
0567_0028_0007_0044_0064.jpg 1 28 7 44 64
0568_0043_0023_0049_0070.jpg 1 43 23 49 70
0569_0028_0027_0047_0067.jpg 1 28 27 47 67
0570_0032_0038_0045_0064.jpg 1 32 38 45 64
0571_0083_0018_0042_0060.jpg 1 83 18 42 60
0572_0022_0004_0047_0067.jpg 1 22 4 47 67
0573_0039_0021_0041_0059.jpg 1 39 21 41 59
0574_0028_0011_0049_0070.jpg 1 28 11 49 70
0575_0048_0014_0045_0065.jpg 1 48 14 45 65
0576_0130_0040_0041_0058.jpg 1 130 40 41 58
0577_0135_0009_0040_0058.jpg 1 135 9 40 58
0578_0089_0018_0051_0072.jpg 1 89 18 51 72
0579_0023_0008_0041_0058.jpg 1 23 8 41 58
0580_0048_0012_0042_0060.jpg 1 48 12 42 60
0581_0039_0027_0050_0071.jpg 1 39 27 50 71
0582_0038_0031_0042_0060.jpg 1 38 31 42 60
0583_0108_0022_0042_0060.jpg 1 108 22 42 60
0584_0019_0019_0048_0069.jpg 1 19 19 48 69
0585_0054_0029_0046_0066.jpg 1 54 29 46 66
0586_0020_0034_0045_0064.jpg 1 20 34 45 64
0587_0079_0015_0050_0071.jpg 1 79 15 50 71
0588_0051_0029_0040_0058.jpg 1 51 29 40 58
0589_0105_0006_0037_0054.jpg 1 105 6 37 54
0590_0080_0023_0044_0063.jpg 1 80 23 44 63
0591_0072_0029_0045_0064.jpg 1 72 29 45 64
0592_0067_0040_0042_0060.jpg 1 67 40 42 60
0593_0071_0007_0047_0067.jpg 1 71 7 47 67
0594_0044_0007_0050_0072.jpg 1 44 7 50 72
0595_0129_0028_0040_0058.jpg 1 129 28 40 58
0596_0069_0027_0037_0054.jpg 1 69 27 37 54
0597_0106_0005_0048_0069.jpg 1 106 5 48 69
0598_0124_0016_0047_0067.jpg 1 124 16 47 67
0599_0070_0033_0035_0050.jpg 1 70 33 35 50
0600_0059_0004_0046_0066.jpg 1 59 4 46 66
0601_0096_0042_0037_0053.jpg 1 96 42 37 53
0602_0070_0008_0045_0064.jpg 1 70 8 45 64
0603_0079_0037_0035_0050.jpg 1 79 37 35 50
0604_0120_0006_0051_0073.jpg 1 120 6 51 73
0605_0026_0010_0048_0069.jpg 1 26 10 48 69
0606_0072_0012_0045_0065.jpg 1 72 12 45 65
0607_0136_0019_0039_0056.jpg 1 136 19 39 56
0608_0135_0027_0039_0055.jpg 1 135 27 39 55
0609_0064_0020_0039_0056.jpg 1 64 20 39 56
0610_0022_0028_0045_0064.jpg 1 22 28 45 64
0611_0097_0038_0041_0059.jpg 1 97 38 41 59
0612_0110_0032_0048_0069.jpg 1 110 32 48 69
0613_0116_0017_0039_0056.jpg 1 116 17 39 56
0614_0112_0013_0035_0051.jpg 1 112 13 35 51
0615_0048_0014_0041_0058.jpg 1 48 14 41 58
0616_0135_0009_0037_0052.jpg 1 135 9 37 52
0617_0063_0006_0046_0067.jpg 1 63 6 46 67
0618_0112_0006_0039_0056.jpg 1 112 6 39 56
0619_0100_0021_0050_0071.jpg 1 100 21 50 71
0620_0103_0021_0036_0052.jpg 1 103 21 36 52
0621_0091_0026_0038_0054.jpg 1 91 26 38 54
0622_0112_0018_0049_0070.jpg 1 112 18 49 70
0623_0070_0012_0041_0059.jpg 1 70 12 41 59
0624_0017_0031_0050_0072.jpg 1 17 31 50 72
0625_0017_0023_0044_0063.jpg 1 17 23 44 63
0626_0020_0021_0051_0073.jpg 1 20 21 51 73
0627_0064_0044_0036_0052.jpg 1 64 44 36 52
0628_0111_0009_0051_0073.jpg 1 111 9 51 73
0629_0069_0019_0043_0062.jpg 1 69 19 43 62
0630_0027_0022_0037_0053.jpg 1 27 22 37 53
0631_0068_0015_0046_0066.jpg 1 68 15 46 66
0632_0070_0023_0035_0051.jpg 1 70 23 35 51
0633_0018_0010_0049_0070.jpg 1 18 10 49 70
0634_0100_0005_0048_0069.jpg 1 100 5 48 69
0635_0089_0009_0050_0071.jpg 1 89 9 50 71
0636_0108_0021_0050_0072.jpg 1 108 21 50 72
0637_0020_0016_0037_0053.jpg 1 20 16 37 53
0638_0126_0045_0035_0051.jpg 1 126 45 35 51
0639_0023_0017_0050_0072.jpg 1 23 17 50 72
0640_0110_0035_0039_0057.jpg 1 110 35 39 57
0641_0081_0026_0049_0070.jpg 1 81 26 49 70
0642_0067_0018_0046_0066.jpg 1 67 18 46 66
0643_0019_0025_0051_0073.jpg 1 19 25 51 73
0644_0060_0041_0040_0058.jpg 1 60 41 40 58
0645_0028_0029_0052_0075.jpg 1 28 29 52 75
0646_0089_0031_0046_0066.jpg 1 89 31 46 66
0647_0107_0004_0051_0073.jpg 1 107 4 51 73
0648_0098_0027_0047_0067.jpg 1 98 27 47 67
0649_0058_0036_0045_0064.jpg 1 58 36 45 64
0650_0056_0011_0050_0072.jpg 1 56 11 50 72
0651_0033_0019_0049_0070.jpg 1 33 19 49 70
0652_0090_0031_0048_0069.jpg 1 90 31 48 69
0653_0023_0041_0037_0053.jpg 1 23 41 37 53
0654_0074_0021_0038_0055.jpg 1 74 21 38 55
0655_0095_0022_0039_0056.jpg 1 95 22 39 56
0656_0108_0027_0039_0056.jpg 1 108 27 39 56
0657_0078_0013_0051_0072.jpg 1 78 13 51 72
0658_0102_0022_0050_0072.jpg 1 102 22 50 72
0659_0087_0038_0042_0060.jpg 1 87 38 42 60
0660_0075_0004_0049_0070.jpg 1 75 4 49 70
0661_0069_0011_0037_0053.jpg 1 69 11 37 53
0662_0083_0009_0040_0057.jpg 1 83 9 40 57
0663_0096_0023_0046_0067.jpg 1 96 23 46 67
0664_0105_0044_0040_0057.jpg 1 105 44 40 57
0665_0030_0012_0039_0056.jpg 1 30 12 39 56
0666_0037_0023_0043_0061.jpg 1 37 23 43 61
0667_0109_0018_0039_0056.jpg 1 109 18 39 56
0668_0023_0017_0050_0072.jpg 1 23 17 50 72
0669_0020_0009_0039_0056.jpg 1 20 9 39 56
0670_0036_0025_0050_0071.jpg 1 36 25 50 71
0671_0124_0038_0035_0050.jpg 1 124 38 35 50
0672_0069_0012_0046_0066.jpg 1 69 12 46 66
0673_0049_0009_0040_0058.jpg 1 49 9 40 58
0674_0043_0014_0036_0051.jpg 1 43 14 36 51
0675_0097_0029_0039_0056.jpg 1 97 29 39 56
0676_0072_0030_0048_0069.jpg 1 72 30 48 69
0677_0043_0020_0039_0056.jpg 1 43 20 39 56
0678_0035_0025_0044_0064.jpg 1 35 25 44 64
0679_0103_0034_0046_0066.jpg 1 103 34 46 66
0680_0050_0004_0043_0062.jpg 1 50 4 43 62
0681_0099_0028_0044_0063.jpg 1 99 28 44 63
0682_0092_0031_0047_0067.jpg 1 92 31 47 67
0683_0061_0005_0045_0065.jpg 1 61 5 45 65
0684_0087_0034_0039_0056.jpg 1 87 34 39 56
0685_0049_0015_0050_0071.jpg 1 49 15 50 71
0686_0122_0015_0047_0068.jpg 1 122 15 47 68
0687_0083_0021_0035_0050.jpg 1 83 21 35 50
0688_0100_0020_0052_0074.jpg 1 100 20 52 74
0689_0057_0019_0051_0073.jpg 1 57 19 51 73
0690_0061_0014_0051_0073.jpg 1 61 14 51 73
0691_0070_0029_0041_0059.jpg 1 70 29 41 59
0692_0035_0012_0051_0073.jpg 1 35 12 51 73
0693_0026_0008_0045_0065.jpg 1 26 8 45 65
0694_0077_0015_0048_0069.jpg 1 77 15 48 69
0695_0048_0006_0046_0066.jpg 1 48 6 46 66
0696_0108_0040_0042_0060.jpg 1 108 40 42 60
0697_0054_0028_0036_0052.jpg 1 54 28 36 52
0698_0034_0025_0039_0056.jpg 1 34 25 39 56
0699_0046_0019_0049_0070.jpg 1 46 19 49 70
0700_0082_0040_0042_0060.jpg 1 82 40 42 60
0701_0034_0026_0047_0067.jpg 1 34 26 47 67
0702_0089_0008_0049_0070.jpg 1 89 8 49 70
0703_0135_0028_0041_0059.jpg 1 135 28 41 59
0704_0033_0023_0049_0071.jpg 1 33 23 49 71
0705_0105_0016_0044_0063.jpg 1 105 16 44 63
0706_0098_0033_0044_0063.jpg 1 98 33 44 63
0707_0130_0032_0039_0056.jpg 1 130 32 39 56
0708_0126_0030_0048_0068.jpg 1 126 30 48 68
0709_0075_0021_0045_0064.jpg 1 75 21 45 64
0710_0100_0025_0042_0061.jpg 1 100 25 42 61
0711_0017_0007_0042_0060.jpg 1 17 7 42 60
0712_0027_0030_0035_0051.jpg 1 27 30 35 51
0713_0118_0027_0045_0064.jpg 1 118 27 45 64
0714_0067_0006_0037_0053.jpg 1 67 6 37 53
0715_0117_0016_0048_0069.jpg 1 117 16 48 69
0716_0118_0033_0037_0054.jpg 1 118 33 37 54
0717_0080_0048_0038_0054.jpg 1 80 48 38 54
0718_0070_0031_0038_0054.jpg 1 70 31 38 54
0719_0038_0020_0046_0066.jpg 1 38 20 46 66
0720_0021_0013_0042_0060.jpg 1 21 13 42 60
0721_0015_0016_0050_0071.jpg 1 15 16 50 71
0722_0041_0027_0048_0068.jpg 1 41 27 48 68
0723_0069_0011_0036_0051.jpg 1 69 11 36 51
0724_0117_0031_0039_0056.jpg 1 117 31 39 56
0725_0098_0042_0039_0056.jpg 1 98 42 39 56
0726_0098_0023_0052_0074.jpg 1 98 23 52 74
0727_0084_0025_0052_0074.jpg 1 84 25 52 74
0728_0091_0008_0046_0066.jpg 1 91 8 46 66
0729_0124_0032_0042_0061.jpg 1 124 32 42 61
0730_0078_0031_0048_0068.jpg 1 78 31 48 68
0731_0029_0039_0043_0061.jpg 1 29 39 43 61
0732_0109_0009_0047_0067.jpg 1 109 9 47 67
0733_0082_0018_0039_0056.jpg 1 82 18 39 56
0734_0030_0036_0043_0062.jpg 1 30 36 43 62
0735_0119_0005_0044_0063.jpg 1 119 5 44 63
0736_0063_0032_0045_0065.jpg 1 63 32 45 65
0737_0127_0040_0043_0061.jpg 1 127 40 43 61
0738_0017_0028_0040_0057.jpg 1 17 28 40 57
0739_0058_0027_0047_0067.jpg 1 58 27 47 67
0740_0026_0016_0051_0074.jpg 1 26 16 51 74
0741_0131_0033_0043_0062.jpg 1 131 33 43 62
0742_0063_0033_0048_0069.jpg 1 63 33 48 69
0743_0038_0012_0051_0074.jpg 1 38 12 51 74
0744_0089_0032_0050_0071.jpg 1 89 32 50 71
0745_0127_0038_0039_0056.jpg 1 127 38 39 56
0746_0025_0018_0042_0060.jpg 1 25 18 42 60
0747_0112_0031_0044_0063.jpg 1 112 31 44 63
0748_0129_0018_0036_0052.jpg 1 129 18 36 52
0749_0080_0021_0037_0053.jpg 1 80 21 37 53
0750_0109_0023_0049_0070.jpg 1 109 23 49 70
0751_0078_0021_0047_0067.jpg 1 78 21 47 67
0752_0121_0016_0051_0073.jpg 1 121 16 51 73
0753_0078_0025_0051_0073.jpg 1 78 25 51 73
0754_0115_0011_0036_0052.jpg 1 115 11 36 52
0755_0045_0021_0049_0070.jpg 1 45 21 49 70
0756_0113_0023_0039_0055.jpg 1 113 23 39 55
0757_0125_0019_0044_0063.jpg 1 125 19 44 63
0758_0076_0031_0040_0057.jpg 1 76 31 40 57
0759_0064_0032_0047_0068.jpg 1 64 32 47 68
0760_0126_0038_0035_0050.jpg 1 126 38 35 50
0761_0077_0045_0037_0053.jpg 1 77 45 37 53
0762_0050_0007_0043_0062.jpg 1 50 7 43 62
0763_0072_0038_0044_0064.jpg 1 72 38 44 64
0764_0120_0031_0044_0062.jpg 1 120 31 44 62
0765_0048_0032_0035_0050.jpg 1 48 32 35 50
0766_0059_0037_0043_0062.jpg 1 59 37 43 62
0767_0046_0044_0036_0052.jpg 1 46 44 36 52
0768_0073_0039_0041_0059.jpg 1 73 39 41 59
0769_0095_0031_0039_0056.jpg 1 95 31 39 56
0770_0126_0035_0040_0057.jpg 1 126 35 40 57
0771_0043_0020_0039_0055.jpg 1 43 20 39 55
0772_0040_0032_0042_0061.jpg 1 40 32 42 61
0773_0057_0020_0050_0071.jpg 1 57 20 50 71
0774_0047_0013_0047_0067.jpg 1 47 13 47 67
0775_0119_0015_0052_0075.jpg 1 119 15 52 75
0776_0067_0037_0046_0066.jpg 1 67 37 46 66
0777_0064_0026_0046_0066.jpg 1 64 26 46 66
0778_0057_0044_0036_0052.jpg 1 57 44 36 52
0779_0099_0031_0038_0054.jpg 1 99 31 38 54
0780_0090_0005_0043_0062.jpg 1 90 5 43 62
0781_0025_0008_0049_0071.jpg 1 25 8 49 71
0782_0052_0015_0037_0052.jpg 1 52 15 37 52
0783_0117_0031_0040_0057.jpg 1 117 31 40 57
0784_0079_0041_0043_0061.jpg 1 79 41 43 61
0785_0043_0015_0045_0065.jpg 1 43 15 45 65
0786_0026_0019_0043_0062.jpg 1 26 19 43 62
0787_0078_0029_0042_0060.jpg 1 78 29 42 60
0788_0105_0035_0044_0064.jpg 1 105 35 44 64
0789_0109_0023_0049_0071.jpg 1 109 23 49 71
0790_0074_0009_0049_0070.jpg 1 74 9 49 70
0791_0040_0031_0046_0067.jpg 1 40 31 46 67
0792_0075_0008_0035_0050.jpg 1 75 8 35 50
0793_0083_0029_0037_0054.jpg 1 83 29 37 54
0794_0031_0018_0037_0054.jpg 1 31 18 37 54
0795_0075_0017_0052_0074.jpg 1 75 17 52 74
0796_0135_0029_0036_0052.jpg 1 135 29 36 52
0797_0105_0039_0042_0060.jpg 1 105 39 42 60
0798_0031_0028_0035_0050.jpg 1 31 28 35 50
0799_0035_0013_0052_0074.jpg 1 35 13 52 74
0800_0101_0042_0040_0058.jpg 1 101 42 40 58
0801_0073_0019_0052_0075.jpg 1 73 19 52 75
0802_0065_0039_0044_0062.jpg 1 65 39 44 62
0803_0033_0025_0047_0068.jpg 1 33 25 47 68
0804_0079_0006_0047_0067.jpg 1 79 6 47 67
0805_0067_0033_0042_0061.jpg 1 67 33 42 61
0806_0080_0030_0038_0055.jpg 1 80 30 38 55
0807_0067_0028_0038_0054.jpg 1 67 28 38 54
0808_0028_0029_0035_0050.jpg 1 28 29 35 50
0809_0099_0014_0051_0073.jpg 1 99 14 51 73
0810_0045_0006_0046_0066.jpg 1 45 6 46 66
0811_0034_0020_0052_0075.jpg 1 34 20 52 75
0812_0049_0028_0035_0050.jpg 1 49 28 35 50
0813_0125_0021_0050_0071.jpg 1 125 21 50 71
