0001_0126_0030_0042_0060.jpg 1 126 30 42 60
0002_0048_0011_0050_0072.jpg 1 48 11 50 72
0003_0113_0009_0041_0058.jpg 1 113 9 41 58
0004_0097_0043_0037_0053.jpg 1 97 43 37 53
0005_0087_0036_0044_0063.jpg 1 87 36 44 63
0006_0017_0038_0037_0053.jpg 1 17 38 37 53
0007_0075_0018_0045_0064.jpg 1 75 18 45 64
0008_0028_0016_0052_0074.jpg 1 28 16 52 74
0009_0086_0020_0042_0061.jpg 1 86 20 42 61
0010_0129_0029_0042_0060.jpg 1 129 29 42 60
0011_0102_0011_0042_0060.jpg 1 102 11 42 60
0012_0055_0029_0052_0075.jpg 1 55 29 52 75
0013_0019_0038_0040_0058.jpg 1 19 38 40 58
0014_0021_0031_0043_0062.jpg 1 21 31 43 62
0015_0029_0007_0038_0055.jpg 1 29 7 38 55
0016_0116_0016_0050_0072.jpg 1 116 16 50 72
0017_0085_0015_0035_0050.jpg 1 85 15 35 50
0018_0089_0040_0041_0058.jpg 1 89 40 41 58
0019_0109_0006_0044_0063.jpg 1 109 6 44 63
0020_0050_0005_0041_0059.jpg 1 50 5 41 59
0021_0085_0023_0043_0062.jpg 1 85 23 43 62
0022_0090_0006_0041_0059.jpg 1 90 6 41 59
0023_0054_0025_0049_0070.jpg 1 54 25 49 70
0024_0019_0038_0038_0054.jpg 1 19 38 38 54
0025_0067_0024_0041_0059.jpg 1 67 24 41 59
0026_0083_0026_0046_0066.jpg 1 83 26 46 66
0027_0123_0018_0052_0075.jpg 1 123 18 52 75
0028_0044_0036_0041_0058.jpg 1 44 36 41 58
0029_0020_0023_0046_0066.jpg 1 20 23 46 66
0030_0018_0035_0048_0069.jpg 1 18 35 48 69
0031_0133_0041_0041_0059.jpg 1 133 41 41 59
0032_0111_0041_0040_0057.jpg 1 111 41 40 57
0033_0128_0030_0047_0067.jpg 1 128 30 47 67
0034_0130_0016_0041_0059.jpg 1 130 16 41 59
0035_0031_0014_0042_0060.jpg 1 31 14 42 60
0036_0031_0024_0043_0062.jpg 1 31 24 43 62
0037_0055_0005_0046_0065.jpg 1 55 5 46 65
0038_0023_0018_0051_0074.jpg 1 23 18 51 74
0039_0088_0007_0044_0062.jpg 1 88 7 44 62
0040_0033_0027_0045_0065.jpg 1 33 27 45 65
0041_0097_0025_0044_0064.jpg 1 97 25 44 64
0042_0123_0023_0035_0051.jpg 1 123 23 35 51
0043_0104_0015_0049_0070.jpg 1 104 15 49 70
0044_0028_0019_0046_0066.jpg 1 28 19 46 66
0045_0072_0016_0038_0055.jpg 1 72 16 38 55
0046_0116_0006_0052_0074.jpg 1 116 6 52 74
0047_0083_0019_0037_0054.jpg 1 83 19 37 54
0048_0078_0014_0035_0050.jpg 1 78 14 35 50
0049_0034_0021_0049_0070.jpg 1 34 21 49 70
0050_0044_0038_0042_0060.jpg 1 44 38 42 60
0051_0030_0034_0044_0063.jpg 1 30 34 44 63
0052_0102_0027_0047_0067.jpg 1 102 27 47 67
0053_0084_0030_0051_0073.jpg 1 84 30 51 73
0054_0050_0028_0038_0054.jpg 1 50 28 38 54
0055_0113_0038_0037_0052.jpg 1 113 38 37 52
0056_0069_0017_0041_0058.jpg 1 69 17 41 58
0057_0055_0017_0047_0068.jpg 1 55 17 47 68
0058_0043_0008_0046_0066.jpg 1 43 8 46 66
0059_0060_0007_0052_0075.jpg 1 60 7 52 75
0060_0028_0017_0040_0057.jpg 1 28 17 40 57
0061_0112_0038_0042_0060.jpg 1 112 38 42 60
0062_0074_0013_0051_0073.jpg 1 74 13 51 73
0063_0056_0033_0037_0053.jpg 1 56 33 37 53
0064_0063_0024_0049_0070.jpg 1 63 24 49 70
0065_0024_0026_0037_0053.jpg 1 24 26 37 53
0066_0061_0030_0038_0055.jpg 1 61 30 38 55
0067_0048_0048_0036_0051.jpg 1 48 48 36 51
0068_0030_0030_0038_0054.jpg 1 30 30 38 54
0069_0052_0016_0036_0051.jpg 1 52 16 36 51
0070_0015_0012_0046_0066.jpg 1 15 12 46 66
0071_0090_0023_0044_0063.jpg 1 90 23 44 63
0072_0075_0035_0041_0059.jpg 1 75 35 41 59
0073_0024_0035_0046_0066.jpg 1 24 35 46 66
0074_0106_0022_0047_0068.jpg 1 106 22 47 68
0075_0076_0013_0048_0069.jpg 1 76 13 48 69
0076_0095_0038_0045_0065.jpg 1 95 38 45 65
0077_0047_0024_0051_0073.jpg 1 47 24 51 73
0078_0076_0020_0041_0059.jpg 1 76 20 41 59
0079_0073_0042_0041_0059.jpg 1 73 42 41 59
0080_0016_0030_0042_0061.jpg 1 16 30 42 61
0081_0075_0005_0051_0074.jpg 1 75 5 51 74
0082_0036_0024_0046_0066.jpg 1 36 24 46 66
0083_0076_0034_0046_0066.jpg 1 76 34 46 66
0084_0096_0029_0048_0068.jpg 1 96 29 48 68
0085_0092_0016_0040_0057.jpg 1 92 16 40 57
0086_0089_0027_0045_0065.jpg 1 89 27 45 65
0087_0091_0026_0049_0070.jpg 1 91 26 49 70
0088_0039_0028_0051_0073.jpg 1 39 28 51 73
0089_0059_0039_0043_0061.jpg 1 59 39 43 61
0090_0058_0025_0037_0054.jpg 1 58 25 37 54
0091_0101_0017_0047_0067.jpg 1 101 17 47 67
0092_0077_0009_0039_0056.jpg 1 77 9 39 56
0093_0072_0019_0038_0055.jpg 1 72 19 38 55
0094_0055_0014_0035_0050.jpg 1 55 14 35 50
0095_0065_0018_0051_0073.jpg 1 65 18 51 73
0096_0128_0039_0036_0052.jpg 1 128 39 36 52
0097_0019_0014_0040_0058.jpg 1 19 14 40 58
0098_0129_0047_0035_0050.jpg 1 129 47 35 50
0099_0026_0045_0038_0054.jpg 1 26 45 38 54
0100_0120_0042_0040_0058.jpg 1 120 42 40 58
0101_0120_0009_0035_0050.jpg 1 120 9 35 50
0102_0102_0013_0041_0059.jpg 1 102 13 41 59
0103_0018_0006_0048_0069.jpg 1 18 6 48 69
0104_0045_0020_0050_0072.jpg 1 45 20 50 72
0105_0039_0017_0044_0063.jpg 1 39 17 44 63
0106_0034_0017_0035_0050.jpg 1 34 17 35 50
0107_0059_0033_0044_0063.jpg 1 59 33 44 63
0108_0058_0005_0042_0061.jpg 1 58 5 42 61
0109_0122_0013_0051_0074.jpg 1 122 13 51 74
0110_0112_0018_0045_0064.jpg 1 112 18 45 64
0111_0081_0020_0050_0071.jpg 1 81 20 50 71
0112_0041_0031_0045_0064.jpg 1 41 31 45 64
0113_0080_0034_0044_0063.jpg 1 80 34 44 63
0114_0045_0007_0037_0053.jpg 1 45 7 37 53
0115_0037_0024_0050_0071.jpg 1 37 24 50 71
0116_0122_0014_0039_0056.jpg 1 122 14 39 56
0117_0051_0021_0045_0064.jpg 1 51 21 45 64
0118_0015_0021_0046_0067.jpg 1 15 21 46 67
0119_0023_0007_0038_0054.jpg 1 23 7 38 54
0120_0024_0030_0044_0062.jpg 1 24 30 44 62
0121_0029_0045_0040_0057.jpg 1 29 45 40 57
0122_0021_0021_0052_0074.jpg 1 21 21 52 74
0123_0116_0009_0042_0061.jpg 1 116 9 42 61
0124_0036_0026_0046_0067.jpg 1 36 26 46 67
0125_0109_0027_0045_0064.jpg 1 109 27 45 64
0126_0069_0016_0049_0070.jpg 1 69 16 49 70
0127_0109_0033_0045_0064.jpg 1 109 33 45 64
0128_0072_0012_0046_0066.jpg 1 72 12 46 66
0129_0059_0014_0036_0051.jpg 1 59 14 36 51
0130_0100_0027_0041_0059.jpg 1 100 27 41 59
0131_0025_0017_0052_0075.jpg 1 25 17 52 75
0132_0108_0012_0043_0061.jpg 1 108 12 43 61
0133_0025_0029_0035_0050.jpg 1 25 29 35 50
0134_0020_0016_0052_0074.jpg 1 20 16 52 74
0135_0068_0036_0046_0066.jpg 1 68 36 46 66
0136_0134_0011_0038_0054.jpg 1 134 11 38 54
0137_0045_0038_0035_0051.jpg 1 45 38 35 51
0138_0083_0006_0038_0054.jpg 1 83 6 38 54
0139_0111_0040_0038_0054.jpg 1 111 40 38 54
0140_0045_0046_0035_0051.jpg 1 45 46 35 51
0141_0042_0006_0038_0055.jpg 1 42 6 38 55
0142_0041_0032_0043_0062.jpg 1 41 32 43 62
0143_0137_0021_0037_0053.jpg 1 137 21 37 53
0144_0047_0006_0050_0071.jpg 1 47 6 50 71
0145_0070_0047_0035_0050.jpg 1 70 47 35 50
0146_0116_0010_0048_0068.jpg 1 116 10 48 68
0147_0015_0011_0040_0057.jpg 1 15 11 40 57
0148_0069_0013_0044_0064.jpg 1 69 13 44 64
0149_0039_0017_0037_0053.jpg 1 39 17 37 53
0150_0046_0028_0042_0060.jpg 1 46 28 42 60
0151_0020_0009_0038_0054.jpg 1 20 9 38 54
0152_0116_0030_0041_0059.jpg 1 116 30 41 59
0153_0111_0041_0042_0060.jpg 1 111 41 42 60
0154_0126_0038_0038_0055.jpg 1 126 38 38 55
0155_0126_0034_0048_0068.jpg 1 126 34 48 68
0156_0120_0014_0037_0053.jpg 1 120 14 37 53
0157_0101_0016_0046_0066.jpg 1 101 16 46 66
0158_0071_0027_0050_0071.jpg 1 71 27 50 71
0159_0046_0031_0042_0060.jpg 1 46 31 42 60
0160_0064_0029_0048_0068.jpg 1 64 29 48 68
0161_0073_0012_0040_0058.jpg 1 73 12 40 58
0162_0077_0039_0037_0053.jpg 1 77 39 37 53
0163_0098_0029_0045_0064.jpg 1 98 29 45 64
0164_0084_0009_0047_0067.jpg 1 84 9 47 67
0165_0078_0027_0041_0059.jpg 1 78 27 41 59
0166_0031_0015_0049_0070.jpg 1 31 15 49 70
0167_0055_0024_0035_0051.jpg 1 55 24 35 51
0168_0072_0025_0037_0053.jpg 1 72 25 37 53
0169_0071_0016_0051_0073.jpg 1 71 16 51 73
0170_0067_0018_0049_0071.jpg 1 67 18 49 71
0171_0043_0007_0052_0075.jpg 1 43 7 52 75
0172_0111_0024_0050_0072.jpg 1 111 24 50 72
0173_0031_0014_0038_0054.jpg 1 31 14 38 54
0174_0098_0027_0039_0056.jpg 1 98 27 39 56
0175_0126_0031_0048_0069.jpg 1 126 31 48 69
0176_0078_0021_0050_0071.jpg 1 78 21 50 71
0177_0121_0019_0052_0074.jpg 1 121 19 52 74
0178_0072_0050_0036_0051.jpg 1 72 50 36 51
0179_0086_0024_0036_0052.jpg 1 86 24 36 52
0180_0107_0025_0044_0063.jpg 1 107 25 44 63
0181_0108_0019_0047_0068.jpg 1 108 19 47 68
0182_0067_0007_0048_0069.jpg 1 67 7 48 69
0183_0102_0020_0049_0070.jpg 1 102 20 49 70
0184_0080_0024_0051_0073.jpg 1 80 24 51 73
0185_0117_0005_0044_0063.jpg 1 117 5 44 63
0186_0068_0027_0041_0058.jpg 1 68 27 41 58
0187_0092_0024_0047_0067.jpg 1 92 24 47 67
0188_0031_0006_0043_0062.jpg 1 31 6 43 62
0189_0059_0020_0039_0056.jpg 1 59 20 39 56
0190_0046_0028_0047_0067.jpg 1 46 28 47 67
0191_0034_0033_0046_0066.jpg 1 34 33 46 66
0192_0023_0043_0038_0055.jpg 1 23 43 38 55
0193_0106_0050_0035_0050.jpg 1 106 50 35 50
0194_0116_0031_0041_0058.jpg 1 116 31 41 58
0195_0086_0015_0051_0073.jpg 1 86 15 51 73
0196_0070_0041_0038_0054.jpg 1 70 41 38 54
0197_0023_0033_0047_0067.jpg 1 23 33 47 67
0198_0109_0024_0038_0054.jpg 1 109 24 38 54
0199_0055_0037_0046_0065.jpg 1 55 37 46 65
0200_0130_0015_0035_0051.jpg 1 130 15 35 51
0201_0019_0010_0035_0050.jpg 1 19 10 35 50
0202_0115_0023_0038_0054.jpg 1 115 23 38 54
0203_0118_0019_0047_0067.jpg 1 118 19 47 67
0204_0108_0024_0050_0072.jpg 1 108 24 50 72
0205_0090_0028_0052_0074.jpg 1 90 28 52 74
0206_0108_0031_0043_0062.jpg 1 108 31 43 62
0207_0057_0023_0047_0067.jpg 1 57 23 47 67
0208_0087_0029_0043_0061.jpg 1 87 29 43 61
0209_0079_0006_0048_0069.jpg 1 79 6 48 69
0210_0075_0038_0046_0065.jpg 1 75 38 46 65
0211_0093_0016_0037_0053.jpg 1 93 16 37 53
0212_0105_0011_0038_0054.jpg 1 105 11 38 54
0213_0079_0028_0038_0055.jpg 1 79 28 38 55
0214_0115_0009_0050_0071.jpg 1 115 9 50 71
0215_0121_0043_0037_0054.jpg 1 121 43 37 54
0216_0063_0024_0048_0069.jpg 1 63 24 48 69
0217_0135_0044_0035_0050.jpg 1 135 44 35 50
0218_0114_0019_0047_0068.jpg 1 114 19 47 68
0219_0090_0035_0043_0062.jpg 1 90 35 43 62
0220_0020_0021_0045_0065.jpg 1 20 21 45 65
0221_0038_0029_0045_0065.jpg 1 38 29 45 65
0222_0088_0017_0051_0073.jpg 1 88 17 51 73
0223_0115_0043_0035_0051.jpg 1 115 43 35 51
0224_0100_0044_0039_0055.jpg 1 100 44 39 55
0225_0069_0039_0043_0062.jpg 1 69 39 43 62
0226_0073_0014_0039_0057.jpg 1 73 14 39 57
0227_0126_0014_0043_0062.jpg 1 126 14 43 62
0228_0062_0012_0045_0064.jpg 1 62 12 45 64
0229_0074_0025_0051_0074.jpg 1 74 25 51 74
0230_0018_0008_0052_0074.jpg 1 18 8 52 74
0231_0020_0034_0037_0052.jpg 1 20 34 37 52
0232_0094_0017_0036_0051.jpg 1 94 17 36 51
0233_0030_0013_0044_0063.jpg 1 30 13 44 63
0234_0088_0014_0043_0062.jpg 1 88 14 43 62
0235_0062_0017_0043_0062.jpg 1 62 17 43 62
0236_0027_0022_0050_0072.jpg 1 27 22 50 72
0237_0060_0020_0043_0062.jpg 1 60 20 43 62
0238_0096_0031_0036_0051.jpg 1 96 31 36 51
0239_0095_0022_0047_0068.jpg 1 95 22 47 68
0240_0033_0014_0049_0070.jpg 1 33 14 49 70
0241_0128_0009_0046_0066.jpg 1 128 9 46 66
0242_0124_0016_0043_0062.jpg 1 124 16 43 62
0243_0123_0013_0035_0050.jpg 1 123 13 35 50
0244_0034_0030_0037_0052.jpg 1 34 30 37 52
0245_0068_0008_0039_0056.jpg 1 68 8 39 56
0246_0085_0022_0043_0061.jpg 1 85 22 43 61
0247_0071_0035_0046_0066.jpg 1 71 35 46 66
0248_0020_0037_0042_0061.jpg 1 20 37 42 61
0249_0048_0009_0038_0055.jpg 1 48 9 38 55
0250_0106_0040_0036_0052.jpg 1 106 40 36 52
0251_0041_0015_0050_0072.jpg 1 41 15 50 72
0252_0053_0009_0036_0052.jpg 1 53 9 36 52
0253_0134_0013_0038_0054.jpg 1 134 13 38 54
0254_0062_0024_0049_0070.jpg 1 62 24 49 70
0255_0062_0006_0052_0075.jpg 1 62 6 52 75
0256_0074_0022_0046_0065.jpg 1 74 22 46 65
0257_0108_0029_0048_0069.jpg 1 108 29 48 69
0258_0112_0023_0044_0063.jpg 1 112 23 44 63
0259_0055_0027_0046_0066.jpg 1 55 27 46 66
0260_0045_0033_0044_0063.jpg 1 45 33 44 63
0261_0036_0015_0052_0074.jpg 1 36 15 52 74
0262_0050_0021_0035_0050.jpg 1 50 21 35 50
0263_0048_0024_0036_0051.jpg 1 48 24 36 51
0264_0037_0018_0044_0063.jpg 1 37 18 44 63
0265_0018_0021_0035_0050.jpg 1 18 21 35 50
0266_0107_0017_0042_0061.jpg 1 107 17 42 61
0267_0022_0004_0048_0068.jpg 1 22 4 48 68
0268_0051_0038_0036_0051.jpg 1 51 38 36 51
0269_0033_0048_0035_0050.jpg 1 33 48 35 50
0270_0103_0019_0035_0050.jpg 1 103 19 35 50
0271_0111_0024_0044_0063.jpg 1 111 24 44 63
0272_0135_0050_0036_0052.jpg 1 135 50 36 52
0273_0018_0030_0039_0056.jpg 1 18 30 39 56
0274_0126_0011_0047_0068.jpg 1 126 11 47 68
0275_0084_0047_0038_0055.jpg 1 84 47 38 55
0276_0070_0008_0042_0060.jpg 1 70 8 42 60
0277_0054_0016_0051_0074.jpg 1 54 16 51 74
0278_0102_0037_0041_0058.jpg 1 102 37 41 58
0279_0029_0014_0048_0069.jpg 1 29 14 48 69
0280_0052_0025_0042_0060.jpg 1 52 25 42 60
0281_0076_0007_0043_0062.jpg 1 76 7 43 62
0282_0121_0019_0045_0065.jpg 1 121 19 45 65
0283_0128_0019_0040_0057.jpg 1 128 19 40 57
0284_0018_0023_0044_0064.jpg 1 18 23 44 64
0285_0099_0036_0036_0051.jpg 1 99 36 36 51
0286_0125_0036_0038_0054.jpg 1 125 36 38 54
0287_0129_0016_0040_0057.jpg 1 129 16 40 57
0288_0077_0038_0040_0057.jpg 1 77 38 40 57
0289_0019_0038_0038_0054.jpg 1 19 38 38 54
0290_0026_0026_0047_0068.jpg 1 26 26 47 68
0291_0104_0030_0045_0064.jpg 1 104 30 45 64
0292_0053_0033_0041_0059.jpg 1 53 33 41 59
0293_0108_0005_0045_0065.jpg 1 108 5 45 65
0294_0080_0021_0050_0071.jpg 1 80 21 50 71
0295_0060_0006_0051_0073.jpg 1 60 6 51 73
0296_0077_0012_0040_0057.jpg 1 77 12 40 57
0297_0095_0022_0046_0066.jpg 1 95 22 46 66
0298_0120_0050_0036_0051.jpg 1 120 50 36 51
0299_0083_0011_0037_0053.jpg 1 83 11 37 53
0300_0080_0030_0048_0069.jpg 1 80 30 48 69
0301_0126_0037_0043_0062.jpg 1 126 37 43 62
0302_0016_0005_0040_0058.jpg 1 16 5 40 58
0303_0080_0017_0042_0061.jpg 1 80 17 42 61
0304_0076_0044_0040_0058.jpg 1 76 44 40 58
0305_0063_0044_0039_0055.jpg 1 63 44 39 55
0306_0085_0016_0048_0068.jpg 1 85 16 48 68
0307_0074_0031_0050_0072.jpg 1 74 31 50 72
0308_0041_0028_0052_0074.jpg 1 41 28 52 74
0309_0055_0031_0035_0050.jpg 1 55 31 35 50
0310_0057_0014_0047_0067.jpg 1 57 14 47 67
0311_0067_0011_0046_0066.jpg 1 67 11 46 66
0312_0078_0012_0046_0066.jpg 1 78 12 46 66
0313_0038_0040_0043_0061.jpg 1 38 40 43 61
0314_0029_0015_0036_0051.jpg 1 29 15 36 51
0315_0079_0025_0044_0063.jpg 1 79 25 44 63
0316_0071_0010_0035_0051.jpg 1 71 10 35 51
0317_0018_0030_0041_0059.jpg 1 18 30 41 59
0318_0062_0048_0037_0053.jpg 1 62 48 37 53
0319_0116_0018_0050_0072.jpg 1 116 18 50 72
0320_0090_0029_0045_0065.jpg 1 90 29 45 65
0321_0044_0029_0036_0052.jpg 1 44 29 36 52
0322_0115_0044_0037_0054.jpg 1 115 44 37 54
0323_0027_0026_0051_0073.jpg 1 27 26 51 73
0324_0017_0027_0050_0071.jpg 1 17 27 50 71
0325_0139_0037_0037_0053.jpg 1 139 37 37 53
0326_0117_0009_0045_0065.jpg 1 117 9 45 65
0327_0022_0034_0036_0052.jpg 1 22 34 36 52
0328_0117_0024_0038_0055.jpg 1 117 24 38 55
0329_0053_0031_0041_0059.jpg 1 53 31 41 59
0330_0016_0018_0051_0073.jpg 1 16 18 51 73
0331_0017_0034_0042_0060.jpg 1 17 34 42 60
0332_0036_0015_0037_0053.jpg 1 36 15 37 53
0333_0057_0029_0037_0053.jpg 1 57 29 37 53
0334_0120_0019_0049_0071.jpg 1 120 19 49 71
0335_0057_0027_0037_0053.jpg 1 57 27 37 53
0336_0024_0023_0047_0067.jpg 1 24 23 47 67
0337_0030_0010_0052_0074.jpg 1 30 10 52 74
0338_0067_0035_0041_0059.jpg 1 67 35 41 59
0339_0039_0035_0047_0067.jpg 1 39 35 47 67
0340_0102_0018_0047_0067.jpg 1 102 18 47 67
0341_0031_0028_0047_0067.jpg 1 31 28 47 67
0342_0117_0016_0049_0070.jpg 1 117 16 49 70
0343_0099_0011_0051_0073.jpg 1 99 11 51 73
0344_0117_0030_0045_0065.jpg 1 117 30 45 65
0345_0130_0020_0035_0051.jpg 1 130 20 35 51
0346_0104_0009_0041_0059.jpg 1 104 9 41 59
0347_0095_0012_0051_0073.jpg 1 95 12 51 73
0348_0051_0012_0041_0059.jpg 1 51 12 41 59
0349_0118_0041_0039_0056.jpg 1 118 41 39 56
0350_0124_0020_0051_0073.jpg 1 124 20 51 73
0351_0017_0018_0045_0065.jpg 1 17 18 45 65
0352_0075_0026_0039_0056.jpg 1 75 26 39 56
0353_0050_0029_0051_0073.jpg 1 50 29 51 73
0354_0082_0025_0047_0067.jpg 1 82 25 47 67
0355_0028_0004_0049_0070.jpg 1 28 4 49 70
0356_0080_0021_0041_0059.jpg 1 80 21 41 59
0357_0098_0026_0039_0056.jpg 1 98 26 39 56
0358_0086_0011_0049_0070.jpg 1 86 11 49 70
0359_0017_0015_0039_0055.jpg 1 17 15 39 55
0360_0113_0047_0038_0055.jpg 1 113 47 38 55
0361_0028_0020_0037_0053.jpg 1 28 20 37 53
0362_0071_0014_0042_0060.jpg 1 71 14 42 60
0363_0085_0033_0045_0065.jpg 1 85 33 45 65
0364_0129_0037_0043_0061.jpg 1 129 37 43 61
0365_0066_0007_0041_0059.jpg 1 66 7 41 59
0366_0120_0021_0045_0065.jpg 1 120 21 45 65
0367_0110_0024_0048_0069.jpg 1 110 24 48 69
0368_0025_0023_0045_0065.jpg 1 25 23 45 65
0369_0092_0020_0036_0051.jpg 1 92 20 36 51
0370_0083_0006_0049_0070.jpg 1 83 6 49 70
0371_0082_0008_0045_0065.jpg 1 82 8 45 65
0372_0063_0033_0042_0060.jpg 1 63 33 42 60
0373_0116_0009_0049_0070.jpg 1 116 9 49 70
0374_0022_0009_0037_0053.jpg 1 22 9 37 53
0375_0130_0021_0044_0063.jpg 1 130 21 44 63
0376_0061_0022_0038_0055.jpg 1 61 22 38 55
0377_0027_0010_0040_0057.jpg 1 27 10 40 57
0378_0032_0034_0047_0068.jpg 1 32 34 47 68
0379_0104_0032_0042_0060.jpg 1 104 32 42 60
0380_0075_0031_0047_0067.jpg 1 75 31 47 67
0381_0085_0039_0042_0060.jpg 1 85 39 42 60
0382_0042_0036_0038_0055.jpg 1 42 36 38 55
0383_0055_0006_0037_0053.jpg 1 55 6 37 53
0384_0054_0034_0036_0052.jpg 1 54 34 36 52
0385_0034_0027_0050_0072.jpg 1 34 27 50 72
0386_0100_0021_0044_0064.jpg 1 100 21 44 64
0387_0034_0039_0035_0051.jpg 1 34 39 35 51
0388_0048_0024_0037_0054.jpg 1 48 24 37 54
0389_0062_0011_0038_0055.jpg 1 62 11 38 55
0390_0130_0020_0045_0064.jpg 1 130 20 45 64
0391_0030_0007_0039_0057.jpg 1 30 7 39 57
0392_0033_0027_0049_0070.jpg 1 33 27 49 70
0393_0091_0035_0042_0060.jpg 1 91 35 42 60
0394_0127_0037_0040_0057.jpg 1 127 37 40 57
0395_0104_0027_0042_0060.jpg 1 104 27 42 60
0396_0116_0029_0050_0072.jpg 1 116 29 50 72
0397_0039_0015_0051_0074.jpg 1 39 15 51 74
0398_0128_0044_0040_0057.jpg 1 128 44 40 57
0399_0127_0027_0044_0063.jpg 1 127 27 44 63
0400_0016_0022_0049_0070.jpg 1 16 22 49 70
0401_0016_0012_0049_0070.jpg 1 16 12 49 70
0402_0121_0046_0035_0050.jpg 1 121 46 35 50
0403_0084_0019_0049_0070.jpg 1 84 19 49 70
0404_0085_0022_0038_0055.jpg 1 85 22 38 55
0405_0020_0029_0048_0069.jpg 1 20 29 48 69
0406_0050_0025_0047_0067.jpg 1 50 25 47 67
0407_0125_0037_0043_0061.jpg 1 125 37 43 61
0408_0073_0016_0037_0053.jpg 1 73 16 37 53
0409_0107_0011_0042_0060.jpg 1 107 11 42 60
0410_0079_0026_0038_0054.jpg 1 79 26 38 54
0411_0099_0013_0043_0062.jpg 1 99 13 43 62
0412_0016_0040_0036_0051.jpg 1 16 40 36 51
0413_0046_0012_0038_0054.jpg 1 46 12 38 54
0414_0113_0026_0051_0074.jpg 1 113 26 51 74
0415_0132_0021_0035_0050.jpg 1 132 21 35 50
0416_0114_0045_0040_0057.jpg 1 114 45 40 57
0417_0116_0027_0049_0070.jpg 1 116 27 49 70
0418_0116_0031_0037_0054.jpg 1 116 31 37 54
0419_0021_0009_0047_0068.jpg 1 21 9 47 68
0420_0063_0040_0035_0051.jpg 1 63 40 35 51
0421_0117_0007_0036_0051.jpg 1 117 7 36 51
0422_0045_0020_0043_0062.jpg 1 45 20 43 62
0423_0037_0029_0043_0061.jpg 1 37 29 43 61
0424_0128_0017_0040_0057.jpg 1 128 17 40 57
0425_0113_0020_0038_0055.jpg 1 113 20 38 55
0426_0106_0012_0050_0072.jpg 1 106 12 50 72
0427_0077_0019_0052_0074.jpg 1 77 19 52 74
0428_0022_0017_0039_0056.jpg 1 22 17 39 56
0429_0019_0032_0042_0061.jpg 1 19 32 42 61
0430_0066_0037_0044_0064.jpg 1 66 37 44 64
0431_0021_0033_0044_0064.jpg 1 21 33 44 64
0432_0064_0007_0046_0066.jpg 1 64 7 46 66
0433_0122_0008_0035_0050.jpg 1 122 8 35 50
0434_0103_0038_0045_0064.jpg 1 103 38 45 64
0435_0105_0022_0046_0065.jpg 1 105 22 46 65
0436_0053_0005_0046_0066.jpg 1 53 5 46 66
0437_0044_0019_0051_0073.jpg 1 44 19 51 73
0438_0101_0010_0042_0060.jpg 1 101 10 42 60
0439_0060_0009_0042_0061.jpg 1 60 9 42 61
0440_0016_0009_0052_0074.jpg 1 16 9 52 74
0441_0035_0004_0045_0065.jpg 1 35 4 45 65
0442_0112_0007_0040_0057.jpg 1 112 7 40 57
0443_0111_0005_0050_0071.jpg 1 111 5 50 71
0444_0128_0015_0044_0064.jpg 1 128 15 44 64
0445_0128_0012_0043_0062.jpg 1 128 12 43 62
0446_0022_0048_0035_0050.jpg 1 22 48 35 50
0447_0113_0011_0051_0073.jpg 1 113 11 51 73
0448_0030_0013_0043_0062.jpg 1 30 13 43 62
0449_0065_0029_0048_0069.jpg 1 65 29 48 69
0450_0083_0037_0039_0056.jpg 1 83 37 39 56
0451_0109_0012_0047_0067.jpg 1 109 12 47 67
0452_0098_0029_0041_0059.jpg 1 98 29 41 59
0453_0053_0016_0045_0065.jpg 1 53 16 45 65
0454_0022_0015_0036_0051.jpg 1 22 15 36 51
0455_0108_0018_0040_0058.jpg 1 108 18 40 58
0456_0112_0032_0044_0064.jpg 1 112 32 44 64
0457_0080_0022_0050_0072.jpg 1 80 22 50 72
0458_0028_0025_0044_0063.jpg 1 28 25 44 63
0459_0133_0030_0037_0053.jpg 1 133 30 37 53
0460_0108_0025_0045_0064.jpg 1 108 25 45 64
0461_0113_0015_0046_0066.jpg 1 113 15 46 66
0462_0076_0028_0047_0068.jpg 1 76 28 47 68
0463_0109_0025_0046_0066.jpg 1 109 25 46 66
0464_0098_0045_0036_0051.jpg 1 98 45 36 51
0465_0093_0009_0038_0055.jpg 1 93 9 38 55
0466_0070_0036_0045_0065.jpg 1 70 36 45 65
0467_0126_0019_0050_0071.jpg 1 126 19 50 71
0468_0124_0009_0052_0074.jpg 1 124 9 52 74
0469_0060_0028_0042_0061.jpg 1 60 28 42 61
0470_0032_0030_0043_0062.jpg 1 32 30 43 62
0471_0117_0010_0037_0053.jpg 1 117 10 37 53
0472_0122_0005_0041_0059.jpg 1 122 5 41 59
0473_0023_0018_0049_0070.jpg 1 23 18 49 70
0474_0063_0008_0035_0050.jpg 1 63 8 35 50
0475_0064_0011_0048_0069.jpg 1 64 11 48 69
0476_0125_0009_0048_0069.jpg 1 125 9 48 69
0477_0103_0029_0046_0066.jpg 1 103 29 46 66
0478_0040_0034_0038_0054.jpg 1 40 34 38 54
0479_0016_0004_0044_0063.jpg 1 16 4 44 63
0480_0070_0008_0051_0073.jpg 1 70 8 51 73
0481_0053_0029_0043_0061.jpg 1 53 29 43 61
0482_0054_0015_0036_0051.jpg 1 54 15 36 51
0483_0119_0028_0038_0054.jpg 1 119 28 38 54
0484_0106_0035_0046_0066.jpg 1 106 35 46 66
0485_0057_0025_0046_0066.jpg 1 57 25 46 66
0486_0039_0010_0040_0058.jpg 1 39 10 40 58
0487_0079_0046_0037_0054.jpg 1 79 46 37 54
0488_0026_0029_0037_0053.jpg 1 26 29 37 53
0489_0057_0019_0042_0061.jpg 1 57 19 42 61
0490_0071_0032_0047_0068.jpg 1 71 32 47 68
0491_0104_0039_0039_0056.jpg 1 104 39 39 56
0492_0108_0009_0052_0074.jpg 1 108 9 52 74
0493_0055_0028_0052_0074.jpg 1 55 28 52 74
0494_0059_0022_0045_0065.jpg 1 59 22 45 65
0495_0023_0023_0045_0065.jpg 1 23 23 45 65
0496_0087_0022_0042_0061.jpg 1 87 22 42 61
0497_0092_0023_0052_0075.jpg 1 92 23 52 75
0498_0110_0005_0047_0067.jpg 1 110 5 47 67
0499_0133_0013_0044_0064.jpg 1 133 13 44 64
0500_0016_0010_0037_0052.jpg 1 16 10 37 52
0501_0089_0021_0048_0068.jpg 1 89 21 48 68
0502_0072_0034_0040_0058.jpg 1 72 34 40 58
0503_0070_0027_0049_0070.jpg 1 70 27 49 70
0504_0066_0008_0039_0056.jpg 1 66 8 39 56
0505_0096_0022_0036_0051.jpg 1 96 22 36 51
0506_0029_0024_0051_0074.jpg 1 29 24 51 74
0507_0099_0014_0050_0071.jpg 1 99 14 50 71
0508_0117_0018_0051_0074.jpg 1 117 18 51 74
0509_0060_0032_0042_0061.jpg 1 60 32 42 61
0510_0092_0005_0052_0075.jpg 1 92 5 52 75
0511_0087_0012_0042_0061.jpg 1 87 12 42 61
0512_0075_0023_0052_0074.jpg 1 75 23 52 74
0513_0097_0027_0039_0056.jpg 1 97 27 39 56
0514_0089_0022_0046_0065.jpg 1 89 22 46 65
0515_0061_0022_0049_0071.jpg 1 61 22 49 71
0516_0119_0012_0051_0073.jpg 1 119 12 51 73
0517_0033_0035_0045_0064.jpg 1 33 35 45 64
0518_0041_0008_0035_0050.jpg 1 41 8 35 50
0519_0102_0027_0044_0064.jpg 1 102 27 44 64
0520_0081_0022_0048_0069.jpg 1 81 22 48 69
0521_0024_0010_0048_0069.jpg 1 24 10 48 69
0522_0022_0042_0042_0060.jpg 1 22 42 42 60
0523_0042_0010_0048_0069.jpg 1 42 10 48 69
0524_0059_0022_0045_0064.jpg 1 59 22 45 64
0525_0140_0050_0035_0051.jpg 1 140 50 35 51
0526_0030_0015_0048_0069.jpg 1 30 15 48 69
0527_0089_0024_0045_0064.jpg 1 89 24 45 64
0528_0058_0025_0049_0070.jpg 1 58 25 49 70
0529_0015_0031_0048_0069.jpg 1 15 31 48 69
0530_0129_0027_0035_0050.jpg 1 129 27 35 50
0531_0018_0013_0042_0061.jpg 1 18 13 42 61
0532_0111_0005_0043_0062.jpg 1 111 5 43 62
0533_0059_0020_0047_0067.jpg 1 59 20 47 67
0534_0133_0037_0035_0050.jpg 1 133 37 35 50
0535_0065_0011_0047_0067.jpg 1 65 11 47 67
0536_0087_0008_0047_0068.jpg 1 87 8 47 68
0537_0069_0011_0048_0069.jpg 1 69 11 48 69
0538_0087_0004_0050_0072.jpg 1 87 4 50 72
0539_0080_0030_0045_0065.jpg 1 80 30 45 65
0540_0034_0011_0049_0071.jpg 1 34 11 49 71
0541_0103_0031_0044_0063.jpg 1 103 31 44 63
0542_0108_0036_0042_0061.jpg 1 108 36 42 61
0543_0047_0019_0045_0065.jpg 1 47 19 45 65
0544_0111_0043_0035_0050.jpg 1 111 43 35 50
0545_0027_0023_0045_0065.jpg 1 27 23 45 65
0546_0038_0026_0052_0074.jpg 1 38 26 52 74
0547_0030_0009_0040_0057.jpg 1 30 9 40 57
0548_0015_0013_0045_0065.jpg 1 15 13 45 65
0549_0115_0015_0048_0069.jpg 1 115 15 48 69
0550_0058_0020_0044_0063.jpg 1 58 20 44 63
0551_0022_0013_0035_0050.jpg 1 22 13 35 50
0552_0124_0039_0039_0056.jpg 1 124 39 39 56
0553_0080_0040_0038_0055.jpg 1 80 40 38 55
0554_0065_0005_0047_0067.jpg 1 65 5 47 67
0555_0070_0009_0039_0056.jpg 1 70 9 39 56
0556_0099_0028_0046_0066.jpg 1 99 28 46 66
0557_0106_0010_0036_0051.jpg 1 106 10 36 51
0558_0057_0009_0047_0067.jpg 1 57 9 47 67
0559_0040_0042_0035_0050.jpg 1 40 42 35 50
0560_0035_0021_0050_0071.jpg 1 35 21 50 71
0561_0082_0028_0052_0074.jpg 1 82 28 52 74
0562_0074_0027_0047_0067.jpg 1 74 27 47 67
0563_0028_0013_0048_0069.jpg 1 28 13 48 69
0564_0034_0006_0041_0059.jpg 1 34 6 41 59
0565_0091_0029_0036_0052.jpg 1 91 29 36 52
0566_0066_0047_0035_0051.jpg 1 66 47 35 51
0567_0024_0010_0050_0072.jpg 1 24 10 50 72
0568_0036_0013_0050_0072.jpg 1 36 13 50 72
0569_0081_0014_0047_0067.jpg 1 81 14 47 67
0570_0139_0032_0036_0052.jpg 1 139 32 36 52
0571_0121_0030_0043_0061.jpg 1 121 30 43 61
0572_0115_0030_0038_0055.jpg 1 115 30 38 55
0573_0045_0036_0041_0059.jpg 1 45 36 41 59
0574_0125_0039_0045_0064.jpg 1 125 39 45 64
0575_0054_0027_0037_0053.jpg 1 54 27 37 53
0576_0115_0008_0051_0073.jpg 1 115 8 51 73
0577_0065_0023_0050_0072.jpg 1 65 23 50 72
0578_0056_0012_0038_0055.jpg 1 56 12 38 55
0579_0095_0036_0046_0066.jpg 1 95 36 46 66
0580_0088_0018_0038_0055.jpg 1 88 18 38 55
0581_0102_0035_0037_0054.jpg 1 102 35 37 54
0582_0098_0007_0045_0065.jpg 1 98 7 45 65
0583_0115_0009_0044_0063.jpg 1 115 9 44 63
0584_0100_0012_0042_0061.jpg 1 100 12 42 61
0585_0019_0027_0049_0070.jpg 1 19 27 49 70
0586_0025_0033_0046_0066.jpg 1 25 33 46 66
0587_0086_0033_0041_0059.jpg 1 86 33 41 59
0588_0080_0011_0038_0054.jpg 1 80 11 38 54
0589_0072_0015_0052_0075.jpg 1 72 15 52 75
0590_0041_0017_0038_0055.jpg 1 41 17 38 55
0591_0083_0015_0041_0058.jpg 1 83 15 41 58
0592_0025_0019_0047_0067.jpg 1 25 19 47 67
0593_0125_0045_0039_0057.jpg 1 125 45 39 57
0594_0102_0042_0042_0060.jpg 1 102 42 42 60
0595_0065_0033_0047_0067.jpg 1 65 33 47 67
0596_0075_0014_0036_0052.jpg 1 75 14 36 52
0597_0097_0022_0035_0051.jpg 1 97 22 35 51
0598_0064_0006_0052_0075.jpg 1 64 6 52 75
0599_0030_0024_0048_0069.jpg 1 30 24 48 69
0600_0110_0014_0047_0067.jpg 1 110 14 47 67
0601_0014_0025_0051_0073.jpg 1 14 25 51 73
0602_0084_0009_0047_0068.jpg 1 84 9 47 68
0603_0116_0022_0050_0072.jpg 1 116 22 50 72
0604_0044_0012_0037_0052.jpg 1 44 12 37 52
0605_0057_0028_0040_0058.jpg 1 57 28 40 58
0606_0094_0012_0039_0056.jpg 1 94 12 39 56
0607_0092_0013_0050_0071.jpg 1 92 13 50 71
0608_0108_0030_0038_0054.jpg 1 108 30 38 54
0609_0025_0005_0045_0065.jpg 1 25 5 45 65
0610_0035_0007_0040_0057.jpg 1 35 7 40 57
0611_0111_0043_0039_0055.jpg 1 111 43 39 55
0612_0071_0042_0041_0059.jpg 1 71 42 41 59
0613_0058_0046_0037_0053.jpg 1 58 46 37 53
0614_0112_0009_0049_0070.jpg 1 112 9 49 70
0615_0043_0022_0050_0071.jpg 1 43 22 50 71
0616_0116_0005_0047_0067.jpg 1 116 5 47 67
0617_0031_0008_0047_0068.jpg 1 31 8 47 68
0618_0025_0051_0035_0050.jpg 1 25 51 35 50
0619_0065_0021_0047_0067.jpg 1 65 21 47 67
0620_0027_0020_0051_0073.jpg 1 27 20 51 73
0621_0074_0030_0043_0061.jpg 1 74 30 43 61
0622_0057_0004_0049_0070.jpg 1 57 4 49 70
0623_0067_0026_0052_0074.jpg 1 67 26 52 74
0624_0023_0023_0045_0065.jpg 1 23 23 45 65
0625_0072_0009_0051_0073.jpg 1 72 9 51 73
0626_0108_0028_0041_0059.jpg 1 108 28 41 59
0627_0116_0010_0039_0056.jpg 1 116 10 39 56
0628_0097_0014_0042_0060.jpg 1 97 14 42 60
0629_0133_0031_0038_0054.jpg 1 133 31 38 54
0630_0085_0023_0050_0072.jpg 1 85 23 50 72
0631_0071_0026_0043_0061.jpg 1 71 26 43 61
0632_0019_0024_0042_0061.jpg 1 19 24 42 61
0633_0099_0023_0035_0050.jpg 1 99 23 35 50
0634_0026_0044_0036_0051.jpg 1 26 44 36 51
0635_0044_0009_0036_0052.jpg 1 44 9 36 52
0636_0087_0015_0036_0051.jpg 1 87 15 36 51
0637_0092_0022_0041_0059.jpg 1 92 22 41 59
0638_0080_0025_0049_0070.jpg 1 80 25 49 70
0639_0117_0041_0040_0058.jpg 1 117 41 40 58
0640_0063_0021_0046_0066.jpg 1 63 21 46 66
0641_0070_0024_0049_0070.jpg 1 70 24 49 70
0642_0019_0028_0046_0066.jpg 1 19 28 46 66
0643_0085_0025_0051_0072.jpg 1 85 25 51 72
0644_0089_0020_0047_0068.jpg 1 89 20 47 68
0645_0077_0024_0051_0073.jpg 1 77 24 51 73
0646_0135_0047_0036_0052.jpg 1 135 47 36 52
0647_0065_0005_0049_0071.jpg 1 65 5 49 71
0648_0108_0021_0047_0068.jpg 1 108 21 47 68
0649_0124_0031_0037_0053.jpg 1 124 31 37 53
0650_0063_0013_0042_0061.jpg 1 63 13 42 61
0651_0120_0014_0043_0062.jpg 1 120 14 43 62
0652_0136_0046_0036_0052.jpg 1 136 46 36 52
0653_0058_0024_0050_0072.jpg 1 58 24 50 72
0654_0113_0045_0037_0054.jpg 1 113 45 37 54
0655_0036_0019_0045_0064.jpg 1 36 19 45 64
0656_0082_0009_0049_0070.jpg 1 82 9 49 70
0657_0049_0022_0047_0067.jpg 1 49 22 47 67
0658_0093_0021_0036_0051.jpg 1 93 21 36 51
0659_0113_0025_0036_0051.jpg 1 113 25 36 51
0660_0037_0019_0045_0065.jpg 1 37 19 45 65
0661_0096_0017_0043_0062.jpg 1 96 17 43 62
0662_0106_0043_0039_0056.jpg 1 106 43 39 56
0663_0124_0005_0045_0064.jpg 1 124 5 45 64
0664_0057_0006_0047_0067.jpg 1 57 6 47 67
0665_0091_0024_0052_0075.jpg 1 91 24 52 75
0666_0029_0032_0047_0067.jpg 1 29 32 47 67
0667_0054_0042_0041_0058.jpg 1 54 42 41 58
0668_0055_0022_0036_0051.jpg 1 55 22 36 51
0669_0088_0022_0038_0054.jpg 1 88 22 38 54
0670_0026_0043_0037_0053.jpg 1 26 43 37 53
0671_0102_0032_0042_0060.jpg 1 102 32 42 60
0672_0070_0005_0049_0070.jpg 1 70 5 49 70
0673_0046_0043_0035_0050.jpg 1 46 43 35 50
0674_0097_0013_0035_0051.jpg 1 97 13 35 51
0675_0031_0037_0044_0063.jpg 1 31 37 44 63
0676_0137_0039_0035_0051.jpg 1 137 39 35 51
0677_0100_0034_0047_0067.jpg 1 100 34 47 67
0678_0097_0005_0035_0050.jpg 1 97 5 35 50
0679_0036_0027_0051_0073.jpg 1 36 27 51 73
0680_0054_0029_0038_0054.jpg 1 54 29 38 54
0681_0071_0005_0039_0057.jpg 1 71 5 39 57
0682_0107_0019_0048_0069.jpg 1 107 19 48 69
0683_0048_0010_0049_0071.jpg 1 48 10 49 71
0684_0065_0016_0040_0058.jpg 1 65 16 40 58
0685_0104_0022_0046_0065.jpg 1 104 22 46 65
0686_0095_0029_0047_0068.jpg 1 95 29 47 68
0687_0100_0012_0049_0070.jpg 1 100 12 49 70
0688_0074_0020_0051_0073.jpg 1 74 20 51 73
0689_0080_0026_0040_0057.jpg 1 80 26 40 57
0690_0035_0006_0045_0064.jpg 1 35 6 45 64
0691_0111_0043_0042_0060.jpg 1 111 43 42 60
0692_0090_0045_0039_0055.jpg 1 90 45 39 55
0693_0063_0034_0048_0069.jpg 1 63 34 48 69
0694_0085_0032_0041_0059.jpg 1 85 32 41 59
0695_0099_0032_0046_0066.jpg 1 99 32 46 66
0696_0107_0017_0047_0068.jpg 1 107 17 47 68
0697_0056_0016_0041_0059.jpg 1 56 16 41 59
0698_0128_0034_0042_0061.jpg 1 128 34 42 61
0699_0098_0023_0047_0067.jpg 1 98 23 47 67
0700_0029_0022_0040_0057.jpg 1 29 22 40 57
0701_0066_0024_0036_0051.jpg 1 66 24 36 51
0702_0114_0049_0036_0051.jpg 1 114 49 36 51
0703_0057_0012_0039_0055.jpg 1 57 12 39 55
0704_0106_0029_0051_0073.jpg 1 106 29 51 73
0705_0059_0028_0046_0065.jpg 1 59 28 46 65
0706_0042_0027_0044_0063.jpg 1 42 27 44 63
0707_0124_0024_0048_0068.jpg 1 124 24 48 68
0708_0045_0016_0035_0050.jpg 1 45 16 35 50
0709_0015_0008_0046_0067.jpg 1 15 8 46 67
0710_0030_0025_0049_0070.jpg 1 30 25 49 70
0711_0079_0027_0051_0073.jpg 1 79 27 51 73
0712_0074_0011_0048_0069.jpg 1 74 11 48 69
0713_0093_0013_0051_0074.jpg 1 93 13 51 74
0714_0062_0031_0041_0058.jpg 1 62 31 41 58
0715_0037_0035_0047_0067.jpg 1 37 35 47 67
0716_0096_0022_0048_0068.jpg 1 96 22 48 68
0717_0125_0035_0047_0067.jpg 1 125 35 47 67
0718_0090_0033_0041_0058.jpg 1 90 33 41 58
0719_0059_0006_0042_0060.jpg 1 59 6 42 60
0720_0026_0014_0043_0061.jpg 1 26 14 43 61
0721_0068_0036_0038_0055.jpg 1 68 36 38 55
0722_0124_0012_0043_0061.jpg 1 124 12 43 61
0723_0138_0005_0037_0053.jpg 1 138 5 37 53
0724_0122_0034_0045_0065.jpg 1 122 34 45 65
0725_0103_0043_0035_0050.jpg 1 103 43 35 50
0726_0068_0035_0045_0065.jpg 1 68 35 45 65
0727_0043_0032_0043_0062.jpg 1 43 32 43 62
0728_0023_0021_0051_0073.jpg 1 23 21 51 73
0729_0017_0011_0050_0071.jpg 1 17 11 50 71
0730_0039_0014_0044_0063.jpg 1 39 14 44 63
0731_0094_0040_0042_0061.jpg 1 94 40 42 61
0732_0119_0006_0038_0055.jpg 1 119 6 38 55
0733_0082_0014_0042_0060.jpg 1 82 14 42 60
0734_0061_0011_0049_0071.jpg 1 61 11 49 71
0735_0110_0021_0043_0061.jpg 1 110 21 43 61
0736_0105_0045_0035_0050.jpg 1 105 45 35 50
0737_0044_0014_0046_0066.jpg 1 44 14 46 66
0738_0057_0041_0042_0061.jpg 1 57 41 42 61
0739_0019_0012_0042_0061.jpg 1 19 12 42 61
0740_0040_0035_0039_0057.jpg 1 40 35 39 57
0741_0069_0010_0046_0067.jpg 1 69 10 46 67
0742_0092_0027_0038_0054.jpg 1 92 27 38 54
0743_0123_0008_0038_0054.jpg 1 123 8 38 54
0744_0032_0021_0044_0064.jpg 1 32 21 44 64
0745_0115_0016_0038_0054.jpg 1 115 16 38 54
0746_0114_0005_0044_0063.jpg 1 114 5 44 63
0747_0120_0028_0047_0067.jpg 1 120 28 47 67
0748_0128_0024_0042_0061.jpg 1 128 24 42 61
0749_0071_0044_0041_0058.jpg 1 71 44 41 58
0750_0116_0014_0038_0055.jpg 1 116 14 38 55
0751_0099_0041_0041_0059.jpg 1 99 41 41 59
0752_0093_0047_0038_0054.jpg 1 93 47 38 54
0753_0093_0026_0051_0074.jpg 1 93 26 51 74
0754_0050_0027_0047_0068.jpg 1 50 27 47 68
0755_0080_0022_0052_0075.jpg 1 80 22 52 75
0756_0045_0028_0041_0059.jpg 1 45 28 41 59
0757_0104_0031_0038_0055.jpg 1 104 31 38 55
0758_0031_0013_0041_0058.jpg 1 31 13 41 58
0759_0115_0036_0035_0050.jpg 1 115 36 35 50
0760_0129_0022_0035_0051.jpg 1 129 22 35 51
0761_0117_0029_0041_0059.jpg 1 117 29 41 59
0762_0054_0021_0039_0056.jpg 1 54 21 39 56
0763_0089_0026_0044_0063.jpg 1 89 26 44 63
0764_0017_0022_0040_0057.jpg 1 17 22 40 57
0765_0102_0007_0038_0055.jpg 1 102 7 38 55
0766_0079_0042_0040_0057.jpg 1 79 42 40 57
0767_0090_0030_0039_0056.jpg 1 90 30 39 56
0768_0082_0042_0042_0060.jpg 1 82 42 42 60
0769_0073_0042_0035_0051.jpg 1 73 42 35 51
0770_0111_0030_0039_0055.jpg 1 111 30 39 55
0771_0123_0035_0042_0061.jpg 1 123 35 42 61
0772_0088_0039_0041_0059.jpg 1 88 39 41 59
0773_0031_0034_0042_0061.jpg 1 31 34 42 61
0774_0070_0024_0045_0064.jpg 1 70 24 45 64
0775_0052_0006_0035_0051.jpg 1 52 6 35 51
0776_0109_0006_0048_0069.jpg 1 109 6 48 69
0777_0104_0018_0048_0069.jpg 1 104 18 48 69
0778_0046_0021_0035_0050.jpg 1 46 21 35 50
0779_0021_0020_0047_0068.jpg 1 21 20 47 68
0780_0117_0010_0047_0067.jpg 1 117 10 47 67
0781_0094_0008_0042_0061.jpg 1 94 8 42 61
0782_0110_0033_0042_0061.jpg 1 110 33 42 61
0783_0097_0015_0045_0065.jpg 1 97 15 45 65
0784_0045_0022_0038_0055.jpg 1 45 22 38 55
0785_0119_0038_0038_0054.jpg 1 119 38 38 54
0786_0055_0011_0051_0073.jpg 1 55 11 51 73
0787_0105_0008_0043_0062.jpg 1 105 8 43 62
0788_0057_0032_0050_0071.jpg 1 57 32 50 71
0789_0039_0021_0036_0052.jpg 1 39 21 36 52
0790_0087_0033_0045_0065.jpg 1 87 33 45 65
0791_0081_0010_0044_0063.jpg 1 81 10 44 63
0792_0029_0023_0047_0068.jpg 1 29 23 47 68
0793_0072_0034_0038_0055.jpg 1 72 34 38 55
0794_0065_0018_0036_0052.jpg 1 65 18 36 52
0795_0088_0034_0035_0050.jpg 1 88 34 35 50
0796_0082_0036_0036_0052.jpg 1 82 36 36 52
0797_0064_0027_0045_0065.jpg 1 64 27 45 65
0798_0114_0009_0051_0073.jpg 1 114 9 51 73
0799_0091_0030_0044_0063.jpg 1 91 30 44 63
0800_0069_0004_0051_0073.jpg 1 69 4 51 73
0801_0058_0031_0047_0068.jpg 1 58 31 47 68
0802_0100_0024_0043_0062.jpg 1 100 24 43 62
0803_0117_0027_0040_0058.jpg 1 117 27 40 58
0804_0084_0036_0037_0053.jpg 1 84 36 37 53
0805_0100_0012_0037_0053.jpg 1 100 12 37 53
0806_0041_0023_0038_0054.jpg 1 41 23 38 54
0807_0093_0019_0052_0074.jpg 1 93 19 52 74
0808_0127_0033_0048_0069.jpg 1 127 33 48 69
0809_0024_0018_0037_0053.jpg 1 24 18 37 53
0810_0139_0043_0036_0051.jpg 1 139 43 36 51
0811_0110_0016_0050_0072.jpg 1 110 16 50 72
0812_0048_0011_0050_0072.jpg 1 48 11 50 72
0813_0091_0028_0040_0058.jpg 1 91 28 40 58
