0001_0064_0024_0040_0057.jpg 1 64 24 40 57
0002_0061_0032_0041_0058.jpg 1 61 32 41 58
0003_0105_0035_0035_0051.jpg 1 105 35 35 51
0004_0024_0030_0049_0070.jpg 1 24 30 49 70
0005_0074_0025_0040_0057.jpg 1 74 25 40 57
0006_0026_0006_0051_0073.jpg 1 26 6 51 73
0007_0035_0011_0047_0067.jpg 1 35 11 47 67
0008_0061_0026_0042_0060.jpg 1 61 26 42 60
0009_0111_0009_0043_0061.jpg 1 111 9 43 61
0010_0074_0021_0039_0056.jpg 1 74 21 39 56
0011_0113_0010_0050_0071.jpg 1 113 10 50 71
0012_0040_0014_0037_0054.jpg 1 40 14 37 54
0013_0074_0038_0039_0055.jpg 1 74 38 39 55
0014_0098_0019_0043_0062.jpg 1 98 19 43 62
0015_0078_0039_0039_0056.jpg 1 78 39 39 56
0016_0027_0032_0041_0058.jpg 1 27 32 41 58
0017_0127_0028_0037_0053.jpg 1 127 28 37 53
0018_0071_0032_0042_0061.jpg 1 71 32 42 61
0019_0058_0024_0044_0063.jpg 1 58 24 44 63
0020_0049_0021_0040_0058.jpg 1 49 21 40 58
0021_0028_0027_0039_0057.jpg 1 28 27 39 57
0022_0047_0040_0043_0061.jpg 1 47 40 43 61
0023_0125_0019_0047_0067.jpg 1 125 19 47 67
0024_0113_0029_0048_0069.jpg 1 113 29 48 69
0025_0107_0008_0052_0074.jpg 1 107 8 52 74
0026_0084_0034_0049_0070.jpg 1 84 34 49 70
0027_0051_0003_0051_0074.jpg 1 51 3 51 74
0028_0046_0023_0047_0068.jpg 1 46 23 47 68
0029_0107_0010_0041_0059.jpg 1 107 10 41 59
0030_0063_0021_0042_0060.jpg 1 63 21 42 60
0031_0127_0006_0049_0071.jpg 1 127 6 49 71
0032_0037_0023_0050_0072.jpg 1 37 23 50 72
0033_0087_0048_0036_0052.jpg 1 87 48 36 52
0034_0022_0039_0036_0051.jpg 1 22 39 36 51
0035_0110_0017_0038_0055.jpg 1 110 17 38 55
0036_0064_0035_0046_0066.jpg 1 64 35 46 66
0037_0058_0030_0043_0061.jpg 1 58 30 43 61
0038_0085_0021_0045_0064.jpg 1 85 21 45 64
0039_0081_0019_0050_0071.jpg 1 81 19 50 71
0040_0131_0028_0038_0055.jpg 1 131 28 38 55
0041_0084_0031_0044_0063.jpg 1 84 31 44 63
0042_0136_0009_0038_0055.jpg 1 136 9 38 55
0043_0090_0037_0040_0057.jpg 1 90 37 40 57
0044_0063_0012_0038_0054.jpg 1 63 12 38 54
0045_0046_0018_0048_0069.jpg 1 46 18 48 69
0046_0129_0035_0036_0052.jpg 1 129 35 36 52
0047_0061_0011_0048_0068.jpg 1 61 11 48 68
0048_0127_0031_0039_0055.jpg 1 127 31 39 55
0049_0125_0007_0044_0063.jpg 1 125 7 44 63
0050_0015_0007_0044_0063.jpg 1 15 7 44 63
0051_0119_0032_0037_0053.jpg 1 119 32 37 53
0052_0070_0021_0050_0071.jpg 1 70 21 50 71
0053_0071_0027_0046_0065.jpg 1 71 27 46 65
0054_0068_0015_0050_0071.jpg 1 68 15 50 71
0055_0041_0008_0035_0051.jpg 1 41 8 35 51
0056_0118_0022_0044_0063.jpg 1 118 22 44 63
0057_0025_0004_0050_0071.jpg 1 25 4 50 71
0058_0023_0023_0039_0055.jpg 1 23 23 39 55
0059_0093_0044_0038_0054.jpg 1 93 44 38 54
0060_0055_0014_0043_0062.jpg 1 55 14 43 62
0061_0113_0011_0048_0068.jpg 1 113 11 48 68
0062_0118_0021_0050_0072.jpg 1 118 21 50 72
0063_0069_0005_0049_0070.jpg 1 69 5 49 70
0064_0046_0005_0042_0060.jpg 1 46 5 42 60
0065_0019_0017_0038_0055.jpg 1 19 17 38 55
0066_0132_0034_0038_0055.jpg 1 132 34 38 55
0067_0027_0008_0048_0068.jpg 1 27 8 48 68
0068_0090_0027_0044_0063.jpg 1 90 27 44 63
0069_0132_0043_0035_0050.jpg 1 132 43 35 50
0070_0062_0007_0037_0054.jpg 1 62 7 37 54
0071_0077_0022_0044_0064.jpg 1 77 22 44 64
0072_0101_0028_0048_0069.jpg 1 101 28 48 69
0073_0025_0033_0043_0061.jpg 1 25 33 43 61
0074_0016_0018_0042_0060.jpg 1 16 18 42 60
0075_0096_0022_0051_0073.jpg 1 96 22 51 73
0076_0133_0031_0040_0057.jpg 1 133 31 40 57
0077_0069_0019_0045_0065.jpg 1 69 19 45 65
0078_0115_0008_0051_0074.jpg 1 115 8 51 74
0079_0056_0031_0045_0064.jpg 1 56 31 45 64
0080_0039_0017_0048_0069.jpg 1 39 17 48 69
0081_0101_0012_0036_0052.jpg 1 101 12 36 52
0082_0117_0043_0040_0057.jpg 1 117 43 40 57
0083_0121_0025_0035_0051.jpg 1 121 25 35 51
0084_0100_0029_0043_0061.jpg 1 100 29 43 61
0085_0091_0007_0046_0065.jpg 1 91 7 46 65
0086_0086_0049_0035_0050.jpg 1 86 49 35 50
0087_0027_0016_0037_0053.jpg 1 27 16 37 53
0088_0036_0017_0046_0066.jpg 1 36 17 46 66
0089_0055_0016_0039_0056.jpg 1 55 16 39 56
0090_0037_0041_0042_0060.jpg 1 37 41 42 60
0091_0041_0026_0044_0063.jpg 1 41 26 44 63
0092_0083_0037_0039_0056.jpg 1 83 37 39 56
0093_0072_0005_0044_0063.jpg 1 72 5 44 63
0094_0019_0011_0051_0074.jpg 1 19 11 51 74
0095_0050_0019_0037_0053.jpg 1 50 19 37 53
0096_0118_0031_0037_0053.jpg 1 118 31 37 53
0097_0016_0005_0039_0056.jpg 1 16 5 39 56
0098_0100_0048_0036_0052.jpg 1 100 48 36 52
0099_0050_0015_0041_0059.jpg 1 50 15 41 59
0100_0088_0005_0044_0063.jpg 1 88 5 44 63
0101_0128_0005_0043_0062.jpg 1 128 5 43 62
0102_0091_0004_0050_0072.jpg 1 91 4 50 72
0103_0032_0010_0050_0072.jpg 1 32 10 50 72
0104_0111_0009_0045_0064.jpg 1 111 9 45 64
0105_0107_0008_0036_0051.jpg 1 107 8 36 51
0106_0055_0030_0043_0062.jpg 1 55 30 43 62
0107_0102_0038_0037_0053.jpg 1 102 38 37 53
0108_0025_0026_0052_0075.jpg 1 25 26 52 75
0109_0050_0009_0038_0054.jpg 1 50 9 38 54
0110_0092_0017_0045_0065.jpg 1 92 17 45 65
0111_0029_0019_0041_0059.jpg 1 29 19 41 59
0112_0024_0038_0037_0053.jpg 1 24 38 37 53
0113_0031_0028_0049_0070.jpg 1 31 28 49 70
0114_0041_0013_0035_0051.jpg 1 41 13 35 51
0115_0106_0009_0045_0064.jpg 1 106 9 45 64
0116_0025_0019_0045_0065.jpg 1 25 19 45 65
0117_0037_0013_0035_0050.jpg 1 37 13 35 50
0118_0098_0016_0048_0069.jpg 1 98 16 48 69
0119_0116_0015_0046_0066.jpg 1 116 15 46 66
0120_0115_0029_0047_0067.jpg 1 115 29 47 67
0121_0060_0006_0050_0072.jpg 1 60 6 50 72
0122_0087_0007_0051_0073.jpg 1 87 7 51 73
0123_0043_0022_0046_0066.jpg 1 43 22 46 66
0124_0099_0038_0040_0058.jpg 1 99 38 40 58
0125_0049_0027_0038_0054.jpg 1 49 27 38 54
0126_0061_0038_0043_0062.jpg 1 61 38 43 62
0127_0033_0006_0037_0054.jpg 1 33 6 37 54
0128_0091_0035_0045_0065.jpg 1 91 35 45 65
0129_0074_0023_0040_0057.jpg 1 74 23 40 57
0130_0094_0014_0052_0074.jpg 1 94 14 52 74
0131_0037_0032_0041_0058.jpg 1 37 32 41 58
0132_0122_0015_0052_0074.jpg 1 122 15 52 74
0133_0096_0006_0039_0056.jpg 1 96 6 39 56
0134_0119_0016_0047_0067.jpg 1 119 16 47 67
0135_0109_0017_0050_0072.jpg 1 109 17 50 72
0136_0016_0035_0044_0063.jpg 1 16 35 44 63
0137_0128_0011_0043_0062.jpg 1 128 11 43 62
0138_0021_0016_0052_0075.jpg 1 21 16 52 75
0139_0114_0018_0043_0061.jpg 1 114 18 43 61
0140_0037_0015_0047_0067.jpg 1 37 15 47 67
0141_0063_0027_0052_0075.jpg 1 63 27 52 75
0142_0018_0027_0039_0056.jpg 1 18 27 39 56
0143_0091_0009_0049_0070.jpg 1 91 9 49 70
0144_0082_0026_0049_0070.jpg 1 82 26 49 70
0145_0029_0012_0045_0065.jpg 1 29 12 45 65
0146_0101_0030_0043_0061.jpg 1 101 30 43 61
0147_0035_0005_0043_0061.jpg 1 35 5 43 61
0148_0068_0039_0040_0057.jpg 1 68 39 40 57
0149_0069_0017_0050_0071.jpg 1 69 17 50 71
0150_0111_0005_0052_0074.jpg 1 111 5 52 74
0151_0041_0039_0042_0061.jpg 1 41 39 42 61
0152_0131_0009_0043_0062.jpg 1 131 9 43 62
0153_0024_0011_0052_0074.jpg 1 24 11 52 74
0154_0098_0013_0041_0059.jpg 1 98 13 41 59
0155_0127_0034_0041_0058.jpg 1 127 34 41 58
0156_0084_0019_0039_0056.jpg 1 84 19 39 56
0157_0044_0007_0046_0066.jpg 1 44 7 46 66
0158_0058_0022_0048_0069.jpg 1 58 22 48 69
0159_0052_0019_0038_0054.jpg 1 52 19 38 54
0160_0073_0007_0048_0068.jpg 1 73 7 48 68
0161_0043_0032_0045_0064.jpg 1 43 32 45 64
0162_0099_0049_0035_0050.jpg 1 99 49 35 50
0163_0121_0025_0040_0058.jpg 1 121 25 40 58
0164_0059_0030_0045_0064.jpg 1 59 30 45 64
0165_0093_0031_0036_0051.jpg 1 93 31 36 51
0166_0075_0031_0048_0069.jpg 1 75 31 48 69
0167_0072_0013_0051_0073.jpg 1 72 13 51 73
0168_0027_0016_0044_0063.jpg 1 27 16 44 63
0169_0087_0010_0043_0061.jpg 1 87 10 43 61
0170_0089_0009_0046_0066.jpg 1 89 9 46 66
0171_0098_0015_0039_0056.jpg 1 98 15 39 56
0172_0098_0004_0047_0067.jpg 1 98 4 47 67
0173_0121_0045_0036_0051.jpg 1 121 45 36 51
0174_0019_0017_0046_0066.jpg 1 19 17 46 66
0175_0037_0026_0052_0075.jpg 1 37 26 52 75
0176_0018_0044_0035_0050.jpg 1 18 44 35 50
0177_0069_0031_0048_0069.jpg 1 69 31 48 69
0178_0038_0032_0039_0056.jpg 1 38 32 39 56
0179_0069_0014_0049_0071.jpg 1 69 14 49 71
0180_0109_0013_0042_0061.jpg 1 109 13 42 61
0181_0058_0034_0047_0067.jpg 1 58 34 47 67
0182_0134_0046_0037_0053.jpg 1 134 46 37 53
0183_0055_0014_0050_0072.jpg 1 55 14 50 72
0184_0050_0013_0050_0072.jpg 1 50 13 50 72
0185_0074_0020_0042_0060.jpg 1 74 20 42 60
0186_0066_0041_0035_0050.jpg 1 66 41 35 50
0187_0078_0037_0037_0053.jpg 1 78 37 37 53
0188_0059_0016_0049_0071.jpg 1 59 16 49 71
0189_0051_0039_0040_0057.jpg 1 51 39 40 57
0190_0034_0011_0044_0063.jpg 1 34 11 44 63
0191_0053_0017_0045_0065.jpg 1 53 17 45 65
0192_0065_0038_0044_0063.jpg 1 65 38 44 63
0193_0126_0031_0045_0065.jpg 1 126 31 45 65
0194_0079_0015_0035_0051.jpg 1 79 15 35 51
0195_0050_0030_0048_0068.jpg 1 50 30 48 68
0196_0016_0017_0052_0074.jpg 1 16 17 52 74
0197_0090_0007_0045_0065.jpg 1 90 7 45 65
0198_0065_0006_0037_0054.jpg 1 65 6 37 54
0199_0049_0017_0048_0069.jpg 1 49 17 48 69
0200_0071_0031_0045_0065.jpg 1 71 31 45 65
0201_0079_0017_0041_0059.jpg 1 79 17 41 59
0202_0038_0010_0049_0070.jpg 1 38 10 49 70
0203_0028_0044_0039_0056.jpg 1 28 44 39 56
0204_0105_0022_0044_0063.jpg 1 105 22 44 63
0205_0067_0043_0039_0055.jpg 1 67 43 39 55
0206_0112_0021_0049_0070.jpg 1 112 21 49 70
0207_0018_0028_0046_0067.jpg 1 18 28 46 67
0208_0034_0049_0036_0051.jpg 1 34 49 36 51
0209_0065_0041_0036_0052.jpg 1 65 41 36 52
0210_0081_0039_0040_0057.jpg 1 81 39 40 57
0211_0076_0008_0044_0064.jpg 1 76 8 44 64
0212_0094_0034_0038_0054.jpg 1 94 34 38 54
0213_0122_0024_0049_0070.jpg 1 122 24 49 70
0214_0049_0027_0045_0064.jpg 1 49 27 45 64
0215_0102_0003_0052_0075.jpg 1 102 3 52 75
0216_0082_0017_0039_0055.jpg 1 82 17 39 55
0217_0108_0009_0035_0050.jpg 1 108 9 35 50
0218_0047_0032_0037_0053.jpg 1 47 32 37 53
0219_0075_0029_0049_0071.jpg 1 75 29 49 71
0220_0064_0009_0050_0072.jpg 1 64 9 50 72
0221_0086_0036_0043_0061.jpg 1 86 36 43 61
0222_0042_0016_0049_0070.jpg 1 42 16 49 70
0223_0089_0023_0044_0064.jpg 1 89 23 44 64
0224_0125_0011_0036_0051.jpg 1 125 11 36 51
0225_0133_0050_0035_0051.jpg 1 133 50 35 51
0226_0103_0007_0047_0068.jpg 1 103 7 47 68
0227_0071_0018_0051_0073.jpg 1 71 18 51 73
0228_0123_0011_0040_0057.jpg 1 123 11 40 57
0229_0118_0028_0051_0072.jpg 1 118 28 51 72
0230_0085_0039_0038_0055.jpg 1 85 39 38 55
0231_0038_0042_0043_0061.jpg 1 38 42 43 61
0232_0113_0009_0048_0069.jpg 1 113 9 48 69
0233_0101_0020_0037_0052.jpg 1 101 20 37 52
0234_0053_0017_0044_0063.jpg 1 53 17 44 63
0235_0082_0012_0040_0057.jpg 1 82 12 40 57
0236_0095_0004_0046_0065.jpg 1 95 4 46 65
0237_0038_0014_0048_0069.jpg 1 38 14 48 69
0238_0072_0022_0052_0074.jpg 1 72 22 52 74
0239_0115_0037_0043_0062.jpg 1 115 37 43 62
0240_0036_0020_0039_0056.jpg 1 36 20 39 56
0241_0072_0031_0037_0054.jpg 1 72 31 37 54
0242_0105_0037_0036_0052.jpg 1 105 37 36 52
0243_0131_0038_0044_0063.jpg 1 131 38 44 63
0244_0048_0047_0037_0053.jpg 1 48 47 37 53
0245_0134_0016_0035_0050.jpg 1 134 16 35 50
0246_0060_0022_0052_0074.jpg 1 60 22 52 74
0247_0047_0030_0046_0066.jpg 1 47 30 46 66
0248_0115_0040_0043_0061.jpg 1 115 40 43 61
0249_0096_0019_0036_0052.jpg 1 96 19 36 52
0250_0054_0031_0035_0050.jpg 1 54 31 35 50
0251_0035_0006_0044_0063.jpg 1 35 6 44 63
0252_0065_0036_0035_0051.jpg 1 65 36 35 51
0253_0121_0027_0049_0071.jpg 1 121 27 49 71
0254_0097_0031_0036_0051.jpg 1 97 31 36 51
0255_0045_0018_0044_0063.jpg 1 45 18 44 63
0256_0058_0005_0051_0073.jpg 1 58 5 51 73
0257_0032_0010_0044_0063.jpg 1 32 10 44 63
0258_0092_0012_0051_0073.jpg 1 92 12 51 73
0259_0043_0029_0049_0070.jpg 1 43 29 49 70
0260_0133_0014_0038_0055.jpg 1 133 14 38 55
0261_0060_0010_0042_0060.jpg 1 60 10 42 60
0262_0050_0025_0037_0053.jpg 1 50 25 37 53
0263_0053_0025_0049_0070.jpg 1 53 25 49 70
0264_0035_0032_0049_0070.jpg 1 35 32 49 70
0265_0026_0020_0042_0061.jpg 1 26 20 42 61
0266_0022_0033_0049_0070.jpg 1 22 33 49 70
0267_0024_0026_0050_0071.jpg 1 24 26 50 71
0268_0025_0030_0043_0061.jpg 1 25 30 43 61
0269_0062_0049_0035_0051.jpg 1 62 49 35 51
0270_0092_0032_0050_0072.jpg 1 92 32 50 72
0271_0082_0017_0041_0059.jpg 1 82 17 41 59
0272_0072_0007_0036_0051.jpg 1 72 7 36 51
0273_0015_0019_0051_0072.jpg 1 15 19 51 72
0274_0079_0031_0050_0071.jpg 1 79 31 50 71
0275_0067_0038_0037_0053.jpg 1 67 38 37 53
0276_0075_0022_0036_0052.jpg 1 75 22 36 52
0277_0038_0005_0046_0066.jpg 1 38 5 46 66
0278_0107_0009_0047_0068.jpg 1 107 9 47 68
0279_0078_0043_0037_0053.jpg 1 78 43 37 53
0280_0120_0036_0039_0056.jpg 1 120 36 39 56
0281_0042_0032_0042_0060.jpg 1 42 32 42 60
0282_0078_0008_0040_0057.jpg 1 78 8 40 57
0283_0090_0040_0035_0050.jpg 1 90 40 35 50
0284_0066_0030_0045_0064.jpg 1 66 30 45 64
0285_0107_0019_0046_0066.jpg 1 107 19 46 66
0286_0032_0022_0042_0060.jpg 1 32 22 42 60
0287_0124_0015_0050_0072.jpg 1 124 15 50 72
0288_0087_0020_0040_0057.jpg 1 87 20 40 57
0289_0046_0019_0046_0066.jpg 1 46 19 46 66
0290_0023_0025_0050_0071.jpg 1 23 25 50 71
0291_0018_0035_0044_0063.jpg 1 18 35 44 63
0292_0127_0025_0042_0061.jpg 1 127 25 42 61
0293_0057_0025_0050_0071.jpg 1 57 25 50 71
0294_0041_0027_0052_0074.jpg 1 41 27 52 74
0295_0038_0042_0036_0052.jpg 1 38 42 36 52
0296_0080_0033_0042_0060.jpg 1 80 33 42 60
0297_0052_0015_0038_0055.jpg 1 52 15 38 55
0298_0026_0038_0045_0064.jpg 1 26 38 45 64
0299_0052_0004_0052_0075.jpg 1 52 4 52 75
0300_0079_0003_0052_0075.jpg 1 79 3 52 75
0301_0024_0025_0048_0069.jpg 1 24 25 48 69
0302_0041_0004_0051_0073.jpg 1 41 4 51 73
0303_0117_0016_0038_0054.jpg 1 117 16 38 54
0304_0094_0020_0047_0068.jpg 1 94 20 47 68
0305_0035_0033_0047_0068.jpg 1 35 33 47 68
0306_0114_0021_0036_0052.jpg 1 114 21 36 52
0307_0127_0010_0047_0068.jpg 1 127 10 47 68
0308_0089_0027_0042_0060.jpg 1 89 27 42 60
0309_0071_0039_0038_0055.jpg 1 71 39 38 55
0310_0024_0012_0042_0061.jpg 1 24 12 42 61
0311_0022_0014_0039_0056.jpg 1 22 14 39 56
0312_0092_0009_0052_0074.jpg 1 92 9 52 74
0313_0064_0004_0051_0073.jpg 1 64 4 51 73
0314_0021_0007_0040_0057.jpg 1 21 7 40 57
0315_0098_0005_0043_0061.jpg 1 98 5 43 61
0316_0118_0025_0039_0056.jpg 1 118 25 39 56
0317_0051_0015_0044_0063.jpg 1 51 15 44 63
0318_0105_0014_0038_0055.jpg 1 105 14 38 55
0319_0080_0008_0047_0067.jpg 1 80 8 47 67
0320_0124_0023_0038_0054.jpg 1 124 23 38 54
0321_0101_0033_0038_0055.jpg 1 101 33 38 55
0322_0066_0023_0048_0069.jpg 1 66 23 48 69
0323_0060_0022_0038_0055.jpg 1 60 22 38 55
0324_0034_0025_0044_0064.jpg 1 34 25 44 64
0325_0056_0028_0050_0071.jpg 1 56 28 50 71
0326_0071_0033_0040_0057.jpg 1 71 33 40 57
0327_0059_0031_0041_0059.jpg 1 59 31 41 59
0328_0049_0028_0050_0071.jpg 1 49 28 50 71
0329_0042_0018_0036_0052.jpg 1 42 18 36 52
0330_0047_0028_0038_0054.jpg 1 47 28 38 54
0331_0019_0020_0045_0064.jpg 1 19 20 45 64
0332_0084_0010_0047_0068.jpg 1 84 10 47 68
0333_0089_0011_0051_0073.jpg 1 89 11 51 73
0334_0057_0039_0038_0055.jpg 1 57 39 38 55
0335_0122_0033_0045_0065.jpg 1 122 33 45 65
0336_0063_0041_0041_0059.jpg 1 63 41 41 59
0337_0106_0008_0035_0051.jpg 1 106 8 35 51
0338_0062_0034_0042_0061.jpg 1 62 34 42 61
0339_0067_0030_0051_0073.jpg 1 67 30 51 73
0340_0067_0017_0039_0056.jpg 1 67 17 39 56
0341_0088_0024_0035_0051.jpg 1 88 24 35 51
0342_0114_0030_0049_0071.jpg 1 114 30 49 71
0343_0022_0040_0042_0061.jpg 1 22 40 42 61
0344_0045_0009_0052_0075.jpg 1 45 9 52 75
0345_0092_0023_0035_0051.jpg 1 92 23 35 51
0346_0124_0024_0051_0073.jpg 1 124 24 51 73
0347_0069_0014_0045_0064.jpg 1 69 14 45 64
0348_0088_0034_0045_0064.jpg 1 88 34 45 64
0349_0075_0015_0036_0052.jpg 1 75 15 36 52
0350_0051_0041_0042_0061.jpg 1 51 41 42 61
0351_0026_0043_0040_0057.jpg 1 26 43 40 57
0352_0018_0019_0043_0062.jpg 1 18 19 43 62
0353_0041_0014_0037_0053.jpg 1 41 14 37 53
0354_0091_0011_0043_0061.jpg 1 91 11 43 61
0355_0104_0030_0041_0058.jpg 1 104 30 41 58
0356_0054_0033_0040_0058.jpg 1 54 33 40 58
0357_0094_0044_0035_0050.jpg 1 94 44 35 50
0358_0103_0004_0048_0068.jpg 1 103 4 48 68
0359_0112_0016_0036_0052.jpg 1 112 16 36 52
0360_0059_0016_0046_0065.jpg 1 59 16 46 65
0361_0061_0037_0046_0065.jpg 1 61 37 46 65
0362_0094_0022_0039_0056.jpg 1 94 22 39 56
0363_0020_0022_0042_0061.jpg 1 20 22 42 61
0364_0125_0015_0037_0053.jpg 1 125 15 37 53
0365_0026_0016_0051_0073.jpg 1 26 16 51 73
0366_0085_0009_0044_0063.jpg 1 85 9 44 63
0367_0132_0008_0041_0059.jpg 1 132 8 41 59
0368_0117_0018_0047_0067.jpg 1 117 18 47 67
0369_0077_0015_0045_0064.jpg 1 77 15 45 64
0370_0116_0010_0041_0059.jpg 1 116 10 41 59
0371_0017_0004_0048_0069.jpg 1 17 4 48 69
0372_0068_0022_0047_0067.jpg 1 68 22 47 67
0373_0049_0006_0048_0069.jpg 1 49 6 48 69
0374_0072_0009_0036_0051.jpg 1 72 9 36 51
0375_0114_0014_0048_0069.jpg 1 114 14 48 69
0376_0037_0043_0037_0053.jpg 1 37 43 37 53
0377_0053_0014_0039_0057.jpg 1 53 14 39 57
0378_0071_0012_0040_0057.jpg 1 71 12 40 57
0379_0058_0009_0039_0055.jpg 1 58 9 39 55
0380_0093_0030_0039_0055.jpg 1 93 30 39 55
0381_0030_0036_0037_0054.jpg 1 30 36 37 54
0382_0081_0007_0041_0059.jpg 1 81 7 41 59
0383_0114_0019_0051_0074.jpg 1 114 19 51 74
0384_0106_0012_0049_0070.jpg 1 106 12 49 70
0385_0076_0024_0041_0059.jpg 1 76 24 41 59
0386_0059_0022_0035_0051.jpg 1 59 22 35 51
0387_0100_0020_0039_0056.jpg 1 100 20 39 56
0388_0067_0031_0047_0067.jpg 1 67 31 47 67
0389_0026_0032_0049_0071.jpg 1 26 32 49 71
0390_0130_0037_0041_0059.jpg 1 130 37 41 59
0391_0066_0038_0042_0060.jpg 1 66 38 42 60
0392_0027_0032_0035_0051.jpg 1 27 32 35 51
0393_0099_0036_0035_0050.jpg 1 99 36 35 50
0394_0042_0015_0052_0075.jpg 1 42 15 52 75
0395_0016_0014_0049_0070.jpg 1 16 14 49 70
0396_0023_0004_0051_0073.jpg 1 23 4 51 73
0397_0055_0034_0049_0070.jpg 1 55 34 49 70
0398_0073_0030_0044_0063.jpg 1 73 30 44 63
0399_0118_0014_0048_0068.jpg 1 118 14 48 68
0400_0084_0049_0037_0052.jpg 1 84 49 37 52
0401_0047_0047_0037_0053.jpg 1 47 47 37 53
0402_0111_0024_0039_0056.jpg 1 111 24 39 56
0403_0043_0006_0049_0071.jpg 1 43 6 49 71
0404_0035_0013_0049_0070.jpg 1 35 13 49 70
0405_0058_0022_0050_0071.jpg 1 58 22 50 71
0406_0076_0014_0048_0069.jpg 1 76 14 48 69
0407_0062_0023_0038_0055.jpg 1 62 23 38 55
0408_0049_0043_0037_0054.jpg 1 49 43 37 54
0409_0090_0032_0049_0070.jpg 1 90 32 49 70
0410_0115_0033_0043_0061.jpg 1 115 33 43 61
0411_0125_0027_0039_0056.jpg 1 125 27 39 56
0412_0113_0044_0038_0055.jpg 1 113 44 38 55
0413_0088_0015_0052_0075.jpg 1 88 15 52 75
0414_0072_0043_0037_0053.jpg 1 72 43 37 53
0415_0060_0021_0052_0075.jpg 1 60 21 52 75
0416_0122_0023_0042_0061.jpg 1 122 23 42 61
0417_0023_0045_0036_0052.jpg 1 23 45 36 52
0418_0107_0004_0050_0071.jpg 1 107 4 50 71
0419_0130_0008_0039_0056.jpg 1 130 8 39 56
0420_0133_0015_0038_0055.jpg 1 133 15 38 55
0421_0065_0031_0047_0067.jpg 1 65 31 47 67
0422_0081_0014_0048_0069.jpg 1 81 14 48 69
0423_0080_0015_0043_0062.jpg 1 80 15 43 62
0424_0019_0029_0040_0057.jpg 1 19 29 40 57
0425_0069_0038_0042_0060.jpg 1 69 38 42 60
0426_0047_0033_0042_0060.jpg 1 47 33 42 60
0427_0116_0020_0039_0056.jpg 1 116 20 39 56
0428_0095_0011_0047_0067.jpg 1 95 11 47 67
0429_0110_0042_0039_0056.jpg 1 110 42 39 56
0430_0065_0004_0044_0064.jpg 1 65 4 44 64
0431_0047_0017_0049_0071.jpg 1 47 17 49 71
0432_0079_0016_0050_0071.jpg 1 79 16 50 71
0433_0059_0036_0043_0062.jpg 1 59 36 43 62
0434_0020_0005_0051_0073.jpg 1 20 5 51 73
0435_0115_0007_0050_0072.jpg 1 115 7 50 72
0436_0098_0032_0038_0054.jpg 1 98 32 38 54
0437_0021_0023_0036_0052.jpg 1 21 23 36 52
0438_0078_0028_0052_0075.jpg 1 78 28 52 75
0439_0043_0009_0036_0052.jpg 1 43 9 36 52
0440_0020_0030_0050_0072.jpg 1 20 30 50 72
0441_0022_0023_0046_0066.jpg 1 22 23 46 66
0442_0020_0028_0036_0051.jpg 1 20 28 36 51
0443_0044_0030_0052_0074.jpg 1 44 30 52 74
0444_0090_0014_0046_0065.jpg 1 90 14 46 65
0445_0129_0039_0037_0054.jpg 1 129 39 37 54
0446_0070_0006_0051_0073.jpg 1 70 6 51 73
0447_0102_0034_0038_0055.jpg 1 102 34 38 55
0448_0102_0008_0052_0074.jpg 1 102 8 52 74
0449_0106_0007_0039_0056.jpg 1 106 7 39 56
0450_0040_0011_0040_0057.jpg 1 40 11 40 57
0451_0068_0022_0052_0075.jpg 1 68 22 52 75
0452_0128_0038_0035_0051.jpg 1 128 38 35 51
0453_0124_0035_0045_0065.jpg 1 124 35 45 65
0454_0107_0022_0040_0058.jpg 1 107 22 40 58
0455_0097_0032_0043_0062.jpg 1 97 32 43 62
0456_0081_0006_0036_0052.jpg 1 81 6 36 52
0457_0133_0031_0035_0051.jpg 1 133 31 35 51
0458_0086_0016_0040_0058.jpg 1 86 16 40 58
0459_0087_0016_0051_0074.jpg 1 87 16 51 74
0460_0109_0040_0039_0055.jpg 1 109 40 39 55
0461_0035_0004_0048_0068.jpg 1 35 4 48 68
0462_0041_0033_0046_0065.jpg 1 41 33 46 65
0463_0075_0033_0045_0065.jpg 1 75 33 45 65
0464_0091_0006_0045_0064.jpg 1 91 6 45 64
0465_0102_0035_0042_0061.jpg 1 102 35 42 61
0466_0052_0009_0035_0051.jpg 1 52 9 35 51
0467_0105_0036_0035_0051.jpg 1 105 36 35 51
0468_0071_0009_0046_0066.jpg 1 71 9 46 66
0469_0125_0008_0046_0066.jpg 1 125 8 46 66
0470_0092_0008_0052_0074.jpg 1 92 8 52 74
0471_0055_0030_0035_0050.jpg 1 55 30 35 50
0472_0022_0026_0045_0065.jpg 1 22 26 45 65
0473_0047_0008_0043_0061.jpg 1 47 8 43 61
0474_0048_0021_0040_0057.jpg 1 48 21 40 57
0475_0017_0010_0046_0065.jpg 1 17 10 46 65
0476_0054_0013_0037_0053.jpg 1 54 13 37 53
0477_0031_0033_0044_0063.jpg 1 31 33 44 63
0478_0082_0005_0040_0058.jpg 1 82 5 40 58
0479_0027_0006_0047_0067.jpg 1 27 6 47 67
0480_0016_0028_0039_0057.jpg 1 16 28 39 57
0481_0125_0032_0050_0071.jpg 1 125 32 50 71
0482_0033_0021_0049_0070.jpg 1 33 21 49 70
0483_0138_0031_0037_0052.jpg 1 138 31 37 52
0484_0062_0013_0044_0063.jpg 1 62 13 44 63
0485_0036_0027_0045_0065.jpg 1 36 27 45 65
0486_0057_0026_0039_0055.jpg 1 57 26 39 55
0487_0096_0024_0044_0063.jpg 1 96 24 44 63
0488_0049_0041_0037_0054.jpg 1 49 41 37 54
0489_0098_0041_0042_0060.jpg 1 98 41 42 60
0490_0038_0006_0052_0075.jpg 1 38 6 52 75
0491_0044_0023_0036_0051.jpg 1 44 23 36 51
0492_0114_0046_0037_0053.jpg 1 114 46 37 53
0493_0053_0009_0037_0053.jpg 1 53 9 37 53
0494_0020_0044_0039_0056.jpg 1 20 44 39 56
0495_0083_0013_0039_0056.jpg 1 83 13 39 56
0496_0101_0016_0052_0075.jpg 1 101 16 52 75
0497_0035_0047_0035_0050.jpg 1 35 47 35 50
0498_0045_0029_0050_0072.jpg 1 45 29 50 72
0499_0110_0029_0039_0056.jpg 1 110 29 39 56
0500_0031_0018_0038_0054.jpg 1 31 18 38 54
0501_0068_0030_0043_0061.jpg 1 68 30 43 61
0502_0071_0042_0042_0060.jpg 1 71 42 42 60
0503_0133_0020_0036_0052.jpg 1 133 20 36 52
0504_0031_0023_0051_0073.jpg 1 31 23 51 73
0505_0124_0036_0043_0061.jpg 1 124 36 43 61
0506_0078_0014_0045_0064.jpg 1 78 14 45 64
0507_0129_0026_0040_0058.jpg 1 129 26 40 58
0508_0045_0009_0052_0075.jpg 1 45 9 52 75
0509_0028_0031_0045_0064.jpg 1 28 31 45 64
0510_0059_0043_0036_0052.jpg 1 59 43 36 52
0511_0031_0004_0047_0067.jpg 1 31 4 47 67
0512_0074_0046_0037_0053.jpg 1 74 46 37 53
0513_0058_0028_0047_0068.jpg 1 58 28 47 68
0514_0066_0016_0048_0069.jpg 1 66 16 48 69
0515_0058_0031_0050_0071.jpg 1 58 31 50 71
0516_0023_0017_0040_0058.jpg 1 23 17 40 58
0517_0118_0013_0050_0072.jpg 1 118 13 50 72
0518_0056_0030_0047_0067.jpg 1 56 30 47 67
0519_0079_0010_0044_0064.jpg 1 79 10 44 64
0520_0106_0046_0038_0055.jpg 1 106 46 38 55
0521_0030_0033_0044_0063.jpg 1 30 33 44 63
0522_0135_0038_0035_0050.jpg 1 135 38 35 50
0523_0028_0018_0038_0054.jpg 1 28 18 38 54
0524_0133_0046_0039_0056.jpg 1 133 46 39 56
0525_0058_0014_0052_0074.jpg 1 58 14 52 74
0526_0069_0007_0045_0064.jpg 1 69 7 45 64
0527_0106_0026_0041_0059.jpg 1 106 26 41 59
0528_0039_0026_0045_0065.jpg 1 39 26 45 65
0529_0041_0023_0045_0064.jpg 1 41 23 45 64
0530_0030_0034_0045_0065.jpg 1 30 34 45 65
0531_0087_0025_0049_0070.jpg 1 87 25 49 70
0532_0111_0007_0052_0075.jpg 1 111 7 52 75
0533_0041_0033_0047_0067.jpg 1 41 33 47 67
0534_0045_0036_0043_0062.jpg 1 45 36 43 62
0535_0082_0023_0045_0064.jpg 1 82 23 45 64
0536_0108_0025_0051_0074.jpg 1 108 25 51 74
0537_0065_0005_0042_0061.jpg 1 65 5 42 61
0538_0066_0016_0046_0066.jpg 1 66 16 46 66
0539_0055_0031_0037_0054.jpg 1 55 31 37 54
0540_0015_0007_0044_0062.jpg 1 15 7 44 62
0541_0092_0034_0040_0057.jpg 1 92 34 40 57
0542_0115_0022_0047_0067.jpg 1 115 22 47 67
0543_0093_0033_0046_0066.jpg 1 93 33 46 66
0544_0065_0032_0036_0052.jpg 1 65 32 36 52
0545_0023_0010_0039_0056.jpg 1 23 10 39 56
0546_0029_0024_0043_0061.jpg 1 29 24 43 61
0547_0056_0043_0041_0059.jpg 1 56 43 41 59
0548_0089_0011_0047_0067.jpg 1 89 11 47 67
0549_0061_0041_0043_0061.jpg 1 61 41 43 61
0550_0113_0013_0051_0074.jpg 1 113 13 51 74
0551_0081_0020_0052_0074.jpg 1 81 20 52 74
0552_0071_0021_0048_0068.jpg 1 71 21 48 68
0553_0073_0026_0038_0055.jpg 1 73 26 38 55
0554_0084_0018_0043_0061.jpg 1 84 18 43 61
0555_0064_0013_0052_0075.jpg 1 64 13 52 75
0556_0052_0030_0048_0068.jpg 1 52 30 48 68
0557_0088_0040_0042_0060.jpg 1 88 40 42 60
0558_0080_0004_0046_0066.jpg 1 80 4 46 66
0559_0099_0032_0037_0053.jpg 1 99 32 37 53
0560_0116_0027_0045_0065.jpg 1 116 27 45 65
0561_0049_0031_0043_0062.jpg 1 49 31 43 62
0562_0126_0035_0044_0064.jpg 1 126 35 44 64
0563_0117_0012_0047_0067.jpg 1 117 12 47 67
0564_0131_0014_0035_0051.jpg 1 131 14 35 51
0565_0027_0006_0037_0053.jpg 1 27 6 37 53
0566_0121_0024_0052_0075.jpg 1 121 24 52 75
0567_0101_0022_0044_0063.jpg 1 101 22 44 63
0568_0033_0039_0037_0054.jpg 1 33 39 37 54
0569_0035_0020_0039_0055.jpg 1 35 20 39 55
0570_0088_0012_0035_0050.jpg 1 88 12 35 50
0571_0119_0017_0045_0065.jpg 1 119 17 45 65
0572_0048_0023_0052_0075.jpg 1 48 23 52 75
0573_0108_0012_0045_0065.jpg 1 108 12 45 65
0574_0022_0019_0050_0072.jpg 1 22 19 50 72
0575_0028_0035_0036_0051.jpg 1 28 35 36 51
0576_0106_0021_0035_0051.jpg 1 106 21 35 51
0577_0067_0036_0043_0062.jpg 1 67 36 43 62
0578_0106_0018_0047_0067.jpg 1 106 18 47 67
0579_0093_0025_0048_0069.jpg 1 93 25 48 69
0580_0055_0045_0038_0055.jpg 1 55 45 38 55
0581_0096_0016_0037_0053.jpg 1 96 16 37 53
0582_0104_0026_0039_0056.jpg 1 104 26 39 56
0583_0092_0023_0049_0071.jpg 1 92 23 49 71
0584_0027_0010_0047_0068.jpg 1 27 10 47 68
0585_0014_0026_0050_0071.jpg 1 14 26 50 71
0586_0087_0027_0048_0069.jpg 1 87 27 48 69
0587_0109_0009_0046_0066.jpg 1 109 9 46 66
0588_0123_0021_0049_0071.jpg 1 123 21 49 71
0589_0026_0035_0039_0056.jpg 1 26 35 39 56
0590_0092_0012_0041_0058.jpg 1 92 12 41 58
0591_0109_0019_0042_0060.jpg 1 109 19 42 60
0592_0063_0004_0045_0065.jpg 1 63 4 45 65
0593_0059_0036_0041_0058.jpg 1 59 36 41 58
0594_0125_0029_0044_0063.jpg 1 125 29 44 63
0595_0113_0030_0045_0064.jpg 1 113 30 45 64
0596_0101_0039_0036_0052.jpg 1 101 39 36 52
0597_0037_0014_0043_0062.jpg 1 37 14 43 62
0598_0040_0030_0039_0057.jpg 1 40 30 39 57
0599_0099_0031_0035_0050.jpg 1 99 31 35 50
0600_0123_0032_0041_0059.jpg 1 123 32 41 59
0601_0058_0046_0036_0051.jpg 1 58 46 36 51
0602_0086_0028_0048_0069.jpg 1 86 28 48 69
0603_0094_0028_0036_0051.jpg 1 94 28 36 51
0604_0101_0025_0047_0067.jpg 1 101 25 47 67
0605_0059_0020_0038_0054.jpg 1 59 20 38 54
0606_0061_0011_0046_0067.jpg 1 61 11 46 67
0607_0037_0017_0044_0063.jpg 1 37 17 44 63
0608_0041_0021_0039_0056.jpg 1 41 21 39 56
0609_0063_0008_0046_0066.jpg 1 63 8 46 66
0610_0090_0037_0037_0053.jpg 1 90 37 37 53
0611_0100_0029_0049_0070.jpg 1 100 29 49 70
0612_0095_0014_0038_0055.jpg 1 95 14 38 55
0613_0109_0028_0039_0056.jpg 1 109 28 39 56
0614_0062_0013_0051_0073.jpg 1 62 13 51 73
0615_0070_0004_0044_0063.jpg 1 70 4 44 63
0616_0034_0038_0044_0063.jpg 1 34 38 44 63
0617_0115_0048_0037_0053.jpg 1 115 48 37 53
0618_0062_0028_0048_0069.jpg 1 62 28 48 69
0619_0105_0036_0038_0054.jpg 1 105 36 38 54
0620_0016_0016_0048_0069.jpg 1 16 16 48 69
0621_0103_0008_0047_0067.jpg 1 103 8 47 67
0622_0041_0045_0035_0050.jpg 1 41 45 35 50
0623_0090_0050_0036_0051.jpg 1 90 50 36 51
0624_0023_0038_0039_0056.jpg 1 23 38 39 56
0625_0027_0043_0036_0052.jpg 1 27 43 36 52
0626_0119_0009_0046_0066.jpg 1 119 9 46 66
0627_0021_0005_0052_0075.jpg 1 21 5 52 75
0628_0015_0021_0048_0069.jpg 1 15 21 48 69
0629_0064_0030_0049_0070.jpg 1 64 30 49 70
0630_0095_0019_0052_0075.jpg 1 95 19 52 75
0631_0042_0031_0048_0068.jpg 1 42 31 48 68
0632_0087_0036_0045_0064.jpg 1 87 36 45 64
0633_0078_0018_0043_0062.jpg 1 78 18 43 62
0634_0131_0007_0044_0063.jpg 1 131 7 44 63
0635_0094_0037_0035_0050.jpg 1 94 37 35 50
0636_0027_0023_0045_0064.jpg 1 27 23 45 64
0637_0099_0008_0052_0075.jpg 1 99 8 52 75
0638_0098_0014_0043_0062.jpg 1 98 14 43 62
0639_0103_0005_0052_0074.jpg 1 103 5 52 74
0640_0106_0022_0045_0064.jpg 1 106 22 45 64
0641_0023_0038_0042_0060.jpg 1 23 38 42 60
0642_0062_0015_0046_0067.jpg 1 62 15 46 67
0643_0089_0032_0043_0062.jpg 1 89 32 43 62
0644_0057_0016_0046_0066.jpg 1 57 16 46 66
0645_0024_0020_0042_0060.jpg 1 24 20 42 60
0646_0065_0029_0045_0065.jpg 1 65 29 45 65
0647_0076_0018_0041_0059.jpg 1 76 18 41 59
0648_0114_0009_0043_0061.jpg 1 114 9 43 61
0649_0065_0021_0041_0058.jpg 1 65 21 41 58
0650_0112_0045_0038_0054.jpg 1 112 45 38 54
0651_0093_0031_0040_0057.jpg 1 93 31 40 57
0652_0061_0011_0040_0057.jpg 1 61 11 40 57
0653_0117_0025_0035_0051.jpg 1 117 25 35 51
0654_0066_0027_0044_0064.jpg 1 66 27 44 64
0655_0067_0015_0049_0071.jpg 1 67 15 49 71
0656_0017_0045_0040_0057.jpg 1 17 45 40 57
0657_0093_0011_0045_0065.jpg 1 93 11 45 65
0658_0082_0026_0045_0064.jpg 1 82 26 45 64
0659_0051_0007_0049_0070.jpg 1 51 7 49 70
0660_0051_0024_0039_0057.jpg 1 51 24 39 57
0661_0074_0018_0052_0075.jpg 1 74 18 52 75
0662_0060_0005_0047_0068.jpg 1 60 5 47 68
0663_0014_0016_0047_0068.jpg 1 14 16 47 68
0664_0066_0006_0044_0063.jpg 1 66 6 44 63
0665_0027_0019_0040_0058.jpg 1 27 19 40 58
0666_0029_0045_0037_0053.jpg 1 29 45 37 53
0667_0111_0043_0041_0059.jpg 1 111 43 41 59
0668_0080_0026_0052_0075.jpg 1 80 26 52 75
0669_0066_0013_0050_0071.jpg 1 66 13 50 71
0670_0076_0025_0048_0069.jpg 1 76 25 48 69
0671_0082_0023_0043_0061.jpg 1 82 23 43 61
0672_0025_0026_0047_0068.jpg 1 25 26 47 68
0673_0066_0011_0037_0053.jpg 1 66 11 37 53
0674_0113_0006_0051_0072.jpg 1 113 6 51 72
0675_0067_0030_0046_0065.jpg 1 67 30 46 65
0676_0115_0026_0039_0056.jpg 1 115 26 39 56
0677_0042_0013_0052_0075.jpg 1 42 13 52 75
0678_0026_0021_0038_0054.jpg 1 26 21 38 54
0679_0090_0036_0046_0065.jpg 1 90 36 46 65
0680_0111_0010_0051_0073.jpg 1 111 10 51 73
0681_0085_0029_0039_0055.jpg 1 85 29 39 55
0682_0096_0033_0035_0050.jpg 1 96 33 35 50
0683_0117_0033_0047_0067.jpg 1 117 33 47 67
0684_0080_0019_0050_0072.jpg 1 80 19 50 72
0685_0081_0013_0035_0050.jpg 1 81 13 35 50
0686_0127_0026_0048_0069.jpg 1 127 26 48 69
0687_0055_0010_0045_0065.jpg 1 55 10 45 65
0688_0071_0006_0038_0054.jpg 1 71 6 38 54
0689_0084_0017_0037_0052.jpg 1 84 17 37 52
0690_0131_0039_0044_0063.jpg 1 131 39 44 63
0691_0092_0018_0050_0072.jpg 1 92 18 50 72
0692_0109_0022_0050_0072.jpg 1 109 22 50 72
0693_0018_0006_0050_0072.jpg 1 18 6 50 72
0694_0118_0033_0040_0057.jpg 1 118 33 40 57
0695_0067_0007_0050_0072.jpg 1 67 7 50 72
0696_0057_0014_0051_0072.jpg 1 57 14 51 72
0697_0048_0012_0052_0074.jpg 1 48 12 52 74
0698_0039_0027_0046_0065.jpg 1 39 27 46 65
0699_0078_0020_0042_0060.jpg 1 78 20 42 60
0700_0105_0021_0036_0052.jpg 1 105 21 36 52
0701_0084_0028_0041_0059.jpg 1 84 28 41 59
0702_0034_0004_0050_0072.jpg 1 34 4 50 72
0703_0067_0010_0052_0074.jpg 1 67 10 52 74
0704_0051_0031_0040_0057.jpg 1 51 31 40 57
0705_0097_0035_0038_0055.jpg 1 97 35 38 55
0706_0046_0034_0045_0064.jpg 1 46 34 45 64
0707_0092_0006_0040_0058.jpg 1 92 6 40 58
0708_0060_0027_0047_0068.jpg 1 60 27 47 68
0709_0024_0037_0041_0059.jpg 1 24 37 41 59
0710_0089_0030_0035_0050.jpg 1 89 30 35 50
0711_0120_0026_0046_0066.jpg 1 120 26 46 66
0712_0014_0030_0051_0073.jpg 1 14 30 51 73
0713_0022_0027_0050_0072.jpg 1 22 27 50 72
0714_0112_0010_0048_0069.jpg 1 112 10 48 69
0715_0027_0029_0051_0074.jpg 1 27 29 51 74
0716_0121_0039_0036_0052.jpg 1 121 39 36 52
0717_0132_0018_0039_0056.jpg 1 132 18 39 56
0718_0083_0022_0047_0067.jpg 1 83 22 47 67
0719_0054_0040_0037_0053.jpg 1 54 40 37 53
0720_0026_0018_0035_0051.jpg 1 26 18 35 51
0721_0083_0031_0039_0056.jpg 1 83 31 39 56
0722_0121_0005_0041_0059.jpg 1 121 5 41 59
0723_0027_0004_0051_0073.jpg 1 27 4 51 73
0724_0050_0015_0037_0054.jpg 1 50 15 37 54
0725_0050_0020_0049_0070.jpg 1 50 20 49 70
0726_0100_0020_0043_0061.jpg 1 100 20 43 61
0727_0041_0005_0051_0073.jpg 1 41 5 51 73
0728_0129_0037_0039_0056.jpg 1 129 37 39 56
0729_0085_0011_0037_0054.jpg 1 85 11 37 54
0730_0045_0034_0037_0054.jpg 1 45 34 37 54
0731_0106_0009_0041_0059.jpg 1 106 9 41 59
0732_0035_0016_0051_0073.jpg 1 35 16 51 73
0733_0034_0028_0049_0071.jpg 1 34 28 49 71
0734_0032_0018_0049_0070.jpg 1 32 18 49 70
0735_0121_0012_0045_0065.jpg 1 121 12 45 65
0736_0022_0008_0038_0054.jpg 1 22 8 38 54
0737_0072_0007_0035_0050.jpg 1 72 7 35 50
0738_0109_0021_0050_0072.jpg 1 109 21 50 72
0739_0100_0033_0035_0050.jpg 1 100 33 35 50
0740_0060_0020_0039_0056.jpg 1 60 20 39 56
0741_0134_0040_0042_0060.jpg 1 134 40 42 60
0742_0034_0010_0045_0065.jpg 1 34 10 45 65
0743_0095_0021_0041_0059.jpg 1 95 21 41 59
0744_0053_0013_0050_0072.jpg 1 53 13 50 72
0745_0096_0018_0042_0060.jpg 1 96 18 42 60
0746_0070_0023_0043_0062.jpg 1 70 23 43 62
0747_0118_0005_0043_0061.jpg 1 118 5 43 61
0748_0122_0037_0045_0065.jpg 1 122 37 45 65
0749_0126_0021_0043_0061.jpg 1 126 21 43 61
0750_0077_0039_0035_0051.jpg 1 77 39 35 51
0751_0063_0013_0040_0058.jpg 1 63 13 40 58
0752_0083_0032_0041_0058.jpg 1 83 32 41 58
0753_0030_0005_0045_0064.jpg 1 30 5 45 64
0754_0048_0025_0043_0061.jpg 1 48 25 43 61
0755_0114_0020_0038_0055.jpg 1 114 20 38 55
0756_0027_0039_0042_0060.jpg 1 27 39 42 60
0757_0106_0032_0049_0070.jpg 1 106 32 49 70
0758_0052_0036_0043_0061.jpg 1 52 36 43 61
0759_0073_0036_0042_0060.jpg 1 73 36 42 60
0760_0109_0005_0042_0060.jpg 1 109 5 42 60
0761_0060_0009_0045_0064.jpg 1 60 9 45 64
0762_0047_0025_0042_0061.jpg 1 47 25 42 61
0763_0098_0014_0042_0060.jpg 1 98 14 42 60
0764_0119_0006_0051_0072.jpg 1 119 6 51 72
0765_0073_0040_0037_0053.jpg 1 73 40 37 53
0766_0105_0020_0035_0050.jpg 1 105 20 35 50
0767_0072_0022_0043_0062.jpg 1 72 22 43 62
0768_0128_0013_0044_0064.jpg 1 128 13 44 64
0769_0106_0045_0039_0056.jpg 1 106 45 39 56
0770_0027_0022_0052_0075.jpg 1 27 22 52 75
0771_0079_0017_0043_0061.jpg 1 79 17 43 61
0772_0031_0013_0049_0070.jpg 1 31 13 49 70
0773_0077_0032_0039_0056.jpg 1 77 32 39 56
0774_0077_0028_0046_0066.jpg 1 77 28 46 66
0775_0061_0010_0051_0073.jpg 1 61 10 51 73
0776_0102_0013_0035_0050.jpg 1 102 13 35 50
0777_0040_0032_0050_0072.jpg 1 40 32 50 72
0778_0053_0018_0047_0068.jpg 1 53 18 47 68
0779_0038_0005_0052_0074.jpg 1 38 5 52 74
0780_0087_0019_0040_0058.jpg 1 87 19 40 58
0781_0052_0018_0038_0054.jpg 1 52 18 38 54
0782_0096_0025_0050_0072.jpg 1 96 25 50 72
0783_0041_0040_0042_0061.jpg 1 41 40 42 61
0784_0107_0019_0049_0071.jpg 1 107 19 49 71
0785_0045_0030_0043_0062.jpg 1 45 30 43 62
0786_0037_0030_0047_0068.jpg 1 37 30 47 68
0787_0113_0014_0052_0075.jpg 1 113 14 52 75
0788_0083_0017_0039_0056.jpg 1 83 17 39 56
0789_0042_0036_0040_0057.jpg 1 42 36 40 57
0790_0095_0017_0039_0056.jpg 1 95 17 39 56
0791_0111_0028_0047_0068.jpg 1 111 28 47 68
0792_0047_0032_0048_0069.jpg 1 47 32 48 69
0793_0080_0048_0035_0050.jpg 1 80 48 35 50
0794_0035_0021_0040_0057.jpg 1 35 21 40 57
0795_0124_0025_0036_0051.jpg 1 124 25 36 51
0796_0038_0036_0047_0067.jpg 1 38 36 47 67
0797_0083_0013_0047_0068.jpg 1 83 13 47 68
0798_0086_0030_0049_0071.jpg 1 86 30 49 71
0799_0128_0016_0038_0055.jpg 1 128 16 38 55
0800_0132_0036_0043_0061.jpg 1 132 36 43 61
0801_0057_0008_0043_0062.jpg 1 57 8 43 62
0802_0090_0032_0038_0055.jpg 1 90 32 38 55
0803_0018_0038_0044_0062.jpg 1 18 38 44 62
0804_0018_0029_0050_0072.jpg 1 18 29 50 72
0805_0084_0039_0041_0058.jpg 1 84 39 41 58
0806_0122_0024_0037_0054.jpg 1 122 24 37 54
0807_0033_0033_0040_0058.jpg 1 33 33 40 58
0808_0079_0024_0044_0063.jpg 1 79 24 44 63
0809_0102_0012_0046_0067.jpg 1 102 12 46 67
0810_0055_0013_0040_0058.jpg 1 55 13 40 58
0811_0023_0022_0052_0075.jpg 1 23 22 52 75
0812_0111_0014_0042_0060.jpg 1 111 14 42 60
0813_0072_0039_0039_0056.jpg 1 72 39 39 56
