0001_0073_0022_0045_0064.jpg 1 73 22 45 64
0002_0063_0030_0047_0067.jpg 1 63 30 47 67
0003_0028_0008_0037_0053.jpg 1 28 8 37 53
0004_0106_0008_0042_0060.jpg 1 106 8 42 60
0005_0131_0013_0044_0063.jpg 1 131 13 44 63
0006_0130_0007_0047_0067.jpg 1 130 7 47 67
0007_0070_0006_0048_0069.jpg 1 70 6 48 69
0008_0109_0038_0038_0054.jpg 1 109 38 38 54
0009_0102_0014_0043_0061.jpg 1 102 14 43 61
0010_0074_0024_0036_0051.jpg 1 74 24 36 51
0011_0126_0019_0049_0071.jpg 1 126 19 49 71
0012_0025_0030_0048_0069.jpg 1 25 30 48 69
0013_0085_0018_0049_0070.jpg 1 85 18 49 70
0014_0120_0037_0046_0066.jpg 1 120 37 46 66
0015_0023_0030_0039_0055.jpg 1 23 30 39 55
0016_0068_0033_0044_0063.jpg 1 68 33 44 63
0017_0035_0019_0048_0068.jpg 1 35 19 48 68
0018_0110_0030_0048_0069.jpg 1 110 30 48 69
0019_0022_0032_0038_0055.jpg 1 22 32 38 55
0020_0094_0020_0042_0060.jpg 1 94 20 42 60
0021_0027_0029_0046_0065.jpg 1 27 29 46 65
0022_0071_0017_0040_0057.jpg 1 71 17 40 57
0023_0075_0014_0042_0060.jpg 1 75 14 42 60
0024_0101_0006_0039_0056.jpg 1 101 6 39 56
0025_0017_0008_0041_0059.jpg 1 17 8 41 59
0026_0057_0008_0047_0068.jpg 1 57 8 47 68
0027_0089_0017_0049_0070.jpg 1 89 17 49 70
0028_0020_0033_0049_0070.jpg 1 20 33 49 70
0029_0060_0020_0048_0069.jpg 1 60 20 48 69
0030_0026_0019_0052_0074.jpg 1 26 19 52 74
0031_0088_0034_0035_0050.jpg 1 88 34 35 50
0032_0119_0010_0045_0064.jpg 1 119 10 45 64
0033_0115_0018_0044_0063.jpg 1 115 18 44 63
0034_0082_0021_0039_0055.jpg 1 82 21 39 55
0035_0094_0007_0052_0075.jpg 1 94 7 52 75
0036_0127_0019_0050_0072.jpg 1 127 19 50 72
0037_0073_0029_0042_0060.jpg 1 73 29 42 60
0038_0091_0005_0049_0070.jpg 1 91 5 49 70
0039_0126_0010_0047_0067.jpg 1 126 10 47 67
0040_0105_0026_0052_0075.jpg 1 105 26 52 75
0041_0063_0020_0036_0052.jpg 1 63 20 36 52
0042_0113_0020_0047_0067.jpg 1 113 20 47 67
0043_0039_0024_0045_0065.jpg 1 39 24 45 65
0044_0093_0011_0045_0064.jpg 1 93 11 45 64
0045_0069_0031_0042_0061.jpg 1 69 31 42 61
0046_0017_0023_0039_0055.jpg 1 17 23 39 55
0047_0016_0013_0052_0074.jpg 1 16 13 52 74
0048_0031_0036_0042_0060.jpg 1 31 36 42 60
0049_0102_0009_0047_0067.jpg 1 102 9 47 67
0050_0118_0005_0050_0072.jpg 1 118 5 50 72
0051_0098_0048_0037_0053.jpg 1 98 48 37 53
0052_0060_0043_0038_0055.jpg 1 60 43 38 55
0053_0136_0041_0037_0053.jpg 1 136 41 37 53
0054_0078_0015_0048_0068.jpg 1 78 15 48 68
0055_0021_0021_0042_0060.jpg 1 21 21 42 60
0056_0046_0034_0036_0052.jpg 1 46 34 36 52
0057_0047_0029_0040_0058.jpg 1 47 29 40 58
0058_0071_0035_0046_0067.jpg 1 71 35 46 67
0059_0090_0012_0043_0062.jpg 1 90 12 43 62
0060_0042_0018_0052_0075.jpg 1 42 18 52 75
0061_0016_0019_0039_0056.jpg 1 16 19 39 56
0062_0085_0009_0041_0059.jpg 1 85 9 41 59
0063_0049_0040_0043_0062.jpg 1 49 40 43 62
0064_0019_0019_0051_0074.jpg 1 19 19 51 74
0065_0061_0035_0038_0054.jpg 1 61 35 38 54
0066_0032_0022_0052_0074.jpg 1 32 22 52 74
0067_0093_0026_0035_0051.jpg 1 93 26 35 51
0068_0038_0029_0038_0054.jpg 1 38 29 38 54
0069_0123_0021_0052_0074.jpg 1 123 21 52 74
0070_0121_0025_0041_0059.jpg 1 121 25 41 59
0071_0134_0005_0039_0056.jpg 1 134 5 39 56
0072_0129_0004_0047_0067.jpg 1 129 4 47 67
0073_0044_0012_0047_0067.jpg 1 44 12 47 67
0074_0115_0025_0051_0074.jpg 1 115 25 51 74
0075_0122_0009_0040_0057.jpg 1 122 9 40 57
0076_0121_0016_0042_0060.jpg 1 121 16 42 60
0077_0047_0023_0049_0070.jpg 1 47 23 49 70
0078_0047_0009_0043_0062.jpg 1 47 9 43 62
0079_0104_0020_0045_0064.jpg 1 104 20 45 64
0080_0125_0022_0044_0063.jpg 1 125 22 44 63
0081_0066_0025_0050_0072.jpg 1 66 25 50 72
0082_0091_0023_0041_0059.jpg 1 91 23 41 59
0083_0094_0033_0038_0055.jpg 1 94 33 38 55
0084_0122_0019_0046_0066.jpg 1 122 19 46 66
0085_0074_0019_0045_0065.jpg 1 74 19 45 65
0086_0132_0028_0044_0063.jpg 1 132 28 44 63
0087_0037_0018_0046_0066.jpg 1 37 18 46 66
0088_0071_0028_0049_0070.jpg 1 71 28 49 70
0089_0037_0018_0052_0074.jpg 1 37 18 52 74
0090_0075_0016_0049_0070.jpg 1 75 16 49 70
0091_0017_0032_0045_0065.jpg 1 17 32 45 65
0092_0066_0043_0037_0053.jpg 1 66 43 37 53
0093_0111_0016_0052_0074.jpg 1 111 16 52 74
0094_0017_0016_0045_0065.jpg 1 17 16 45 65
0095_0108_0011_0044_0063.jpg 1 108 11 44 63
0096_0093_0027_0036_0052.jpg 1 93 27 36 52
0097_0087_0009_0049_0071.jpg 1 87 9 49 71
0098_0061_0020_0036_0052.jpg 1 61 20 36 52
0099_0123_0018_0047_0068.jpg 1 123 18 47 68
0100_0042_0019_0035_0050.jpg 1 42 19 35 50
0101_0069_0019_0043_0061.jpg 1 69 19 43 61
0102_0095_0049_0036_0052.jpg 1 95 49 36 52
0103_0021_0033_0041_0058.jpg 1 21 33 41 58
0104_0098_0021_0035_0050.jpg 1 98 21 35 50
0105_0081_0016_0040_0057.jpg 1 81 16 40 57
0106_0082_0010_0050_0072.jpg 1 82 10 50 72
0107_0034_0023_0040_0057.jpg 1 34 23 40 57
0108_0056_0026_0042_0060.jpg 1 56 26 42 60
0109_0068_0019_0043_0061.jpg 1 68 19 43 61
0110_0063_0032_0044_0063.jpg 1 63 32 44 63
0111_0092_0024_0044_0063.jpg 1 92 24 44 63
0112_0102_0014_0048_0069.jpg 1 102 14 48 69
0113_0050_0016_0045_0065.jpg 1 50 16 45 65
0114_0116_0044_0036_0051.jpg 1 116 44 36 51
0115_0024_0018_0042_0061.jpg 1 24 18 42 61
0116_0094_0030_0042_0060.jpg 1 94 30 42 60
0117_0024_0043_0035_0050.jpg 1 24 43 35 50
0118_0114_0006_0044_0063.jpg 1 114 6 44 63
0119_0057_0016_0047_0067.jpg 1 57 16 47 67
0120_0030_0017_0052_0074.jpg 1 30 17 52 74
0121_0130_0006_0039_0056.jpg 1 130 6 39 56
0122_0110_0028_0050_0071.jpg 1 110 28 50 71
0123_0110_0030_0041_0059.jpg 1 110 30 41 59
0124_0022_0013_0048_0069.jpg 1 22 13 48 69
0125_0041_0014_0049_0070.jpg 1 41 14 49 70
0126_0038_0045_0035_0051.jpg 1 38 45 35 51
0127_0105_0030_0038_0055.jpg 1 105 30 38 55
0128_0015_0024_0041_0059.jpg 1 15 24 41 59
0129_0124_0006_0038_0054.jpg 1 124 6 38 54
0130_0035_0015_0048_0069.jpg 1 35 15 48 69
0131_0041_0021_0040_0058.jpg 1 41 21 40 58
0132_0097_0031_0038_0054.jpg 1 97 31 38 54
0133_0041_0010_0050_0072.jpg 1 41 10 50 72
0134_0096_0011_0043_0062.jpg 1 96 11 43 62
0135_0112_0021_0049_0070.jpg 1 112 21 49 70
0136_0025_0029_0052_0075.jpg 1 25 29 52 75
0137_0089_0014_0042_0060.jpg 1 89 14 42 60
0138_0092_0012_0037_0053.jpg 1 92 12 37 53
0139_0021_0024_0039_0056.jpg 1 21 24 39 56
0140_0102_0007_0050_0072.jpg 1 102 7 50 72
0141_0059_0029_0035_0050.jpg 1 59 29 35 50
0142_0036_0039_0035_0051.jpg 1 36 39 35 51
0143_0107_0032_0050_0072.jpg 1 107 32 50 72
0144_0099_0019_0049_0070.jpg 1 99 19 49 70
0145_0130_0040_0042_0060.jpg 1 130 40 42 60
0146_0045_0040_0035_0050.jpg 1 45 40 35 50
0147_0098_0017_0046_0066.jpg 1 98 17 46 66
0148_0053_0027_0051_0073.jpg 1 53 27 51 73
0149_0076_0031_0041_0058.jpg 1 76 31 41 58
0150_0014_0018_0045_0065.jpg 1 14 18 45 65
0151_0055_0014_0050_0072.jpg 1 55 14 50 72
0152_0069_0040_0041_0058.jpg 1 69 40 41 58
0153_0035_0005_0045_0064.jpg 1 35 5 45 64
0154_0063_0013_0035_0050.jpg 1 63 13 35 50
0155_0029_0031_0041_0059.jpg 1 29 31 41 59
0156_0109_0042_0040_0057.jpg 1 109 42 40 57
0157_0050_0018_0045_0065.jpg 1 50 18 45 65
0158_0030_0011_0051_0073.jpg 1 30 11 51 73
0159_0069_0021_0052_0075.jpg 1 69 21 52 75
0160_0021_0009_0035_0050.jpg 1 21 9 35 50
0161_0131_0029_0046_0066.jpg 1 131 29 46 66
0162_0059_0032_0044_0063.jpg 1 59 32 44 63
0163_0061_0018_0051_0073.jpg 1 61 18 51 73
0164_0135_0023_0036_0051.jpg 1 135 23 36 51
0165_0040_0037_0041_0059.jpg 1 40 37 41 59
0166_0053_0025_0044_0063.jpg 1 53 25 44 63
0167_0029_0012_0044_0062.jpg 1 29 12 44 62
0168_0116_0017_0048_0069.jpg 1 116 17 48 69
0169_0116_0026_0038_0054.jpg 1 116 26 38 54
0170_0047_0005_0040_0057.jpg 1 47 5 40 57
0171_0116_0027_0044_0063.jpg 1 116 27 44 63
0172_0058_0025_0045_0065.jpg 1 58 25 45 65
0173_0126_0031_0038_0055.jpg 1 126 31 38 55
0174_0063_0018_0041_0058.jpg 1 63 18 41 58
0175_0028_0021_0047_0067.jpg 1 28 21 47 67
0176_0047_0004_0047_0067.jpg 1 47 4 47 67
0177_0111_0023_0052_0074.jpg 1 111 23 52 74
0178_0099_0019_0038_0054.jpg 1 99 19 38 54
0179_0072_0031_0043_0062.jpg 1 72 31 43 62
0180_0070_0042_0037_0053.jpg 1 70 42 37 53
0181_0080_0036_0047_0067.jpg 1 80 36 47 67
0182_0102_0022_0041_0058.jpg 1 102 22 41 58
0183_0088_0008_0050_0072.jpg 1 88 8 50 72
0184_0107_0023_0047_0067.jpg 1 107 23 47 67
0185_0104_0025_0037_0053.jpg 1 104 25 37 53
0186_0030_0041_0039_0055.jpg 1 30 41 39 55
0187_0033_0030_0039_0055.jpg 1 33 30 39 55
0188_0021_0006_0045_0065.jpg 1 21 6 45 65
0189_0133_0016_0043_0061.jpg 1 133 16 43 61
0190_0120_0027_0035_0051.jpg 1 120 27 35 51
0191_0121_0012_0050_0071.jpg 1 121 12 50 71
0192_0043_0014_0048_0069.jpg 1 43 14 48 69
0193_0111_0033_0035_0050.jpg 1 111 33 35 50
0194_0128_0015_0039_0056.jpg 1 128 15 39 56
0195_0063_0024_0048_0069.jpg 1 63 24 48 69
0196_0137_0021_0036_0051.jpg 1 137 21 36 51
0197_0069_0034_0048_0069.jpg 1 69 34 48 69
0198_0038_0030_0043_0062.jpg 1 38 30 43 62
0199_0076_0043_0037_0053.jpg 1 76 43 37 53
0200_0027_0035_0045_0064.jpg 1 27 35 45 64
0201_0058_0031_0036_0051.jpg 1 58 31 36 51
0202_0015_0034_0048_0069.jpg 1 15 34 48 69
0203_0041_0010_0050_0072.jpg 1 41 10 50 72
0204_0099_0030_0036_0051.jpg 1 99 30 36 51
0205_0125_0015_0048_0069.jpg 1 125 15 48 69
0206_0059_0033_0047_0067.jpg 1 59 33 47 67
0207_0119_0021_0035_0050.jpg 1 119 21 35 50
0208_0020_0014_0048_0069.jpg 1 20 14 48 69
0209_0097_0028_0044_0064.jpg 1 97 28 44 64
0210_0092_0020_0042_0060.jpg 1 92 20 42 60
0211_0080_0026_0047_0067.jpg 1 80 26 47 67
0212_0037_0031_0047_0067.jpg 1 37 31 47 67
0213_0092_0034_0042_0060.jpg 1 92 34 42 60
0214_0046_0028_0046_0067.jpg 1 46 28 46 67
0215_0086_0041_0040_0057.jpg 1 86 41 40 57
0216_0095_0007_0042_0061.jpg 1 95 7 42 61
0217_0039_0019_0047_0067.jpg 1 39 19 47 67
0218_0068_0022_0042_0060.jpg 1 68 22 42 60
0219_0088_0004_0048_0068.jpg 1 88 4 48 68
0220_0030_0022_0050_0072.jpg 1 30 22 50 72
0221_0072_0009_0043_0061.jpg 1 72 9 43 61
0222_0095_0008_0052_0075.jpg 1 95 8 52 75
0223_0093_0011_0037_0053.jpg 1 93 11 37 53
0224_0047_0024_0041_0058.jpg 1 47 24 41 58
0225_0080_0039_0044_0063.jpg 1 80 39 44 63
0226_0037_0025_0044_0063.jpg 1 37 25 44 63
0227_0022_0012_0048_0069.jpg 1 22 12 48 69
0228_0014_0004_0052_0075.jpg 1 14 4 52 75
0229_0120_0010_0046_0066.jpg 1 120 10 46 66
0230_0021_0023_0045_0065.jpg 1 21 23 45 65
0231_0065_0021_0052_0075.jpg 1 65 21 52 75
0232_0049_0033_0046_0066.jpg 1 49 33 46 66
0233_0027_0013_0039_0055.jpg 1 27 13 39 55
0234_0099_0024_0047_0068.jpg 1 99 24 47 68
0235_0027_0018_0052_0075.jpg 1 27 18 52 75
0236_0022_0018_0051_0074.jpg 1 22 18 51 74
0237_0064_0041_0041_0059.jpg 1 64 41 41 59
0238_0060_0007_0046_0066.jpg 1 60 7 46 66
0239_0021_0035_0039_0057.jpg 1 21 35 39 57
0240_0058_0020_0042_0060.jpg 1 58 20 42 60
0241_0052_0016_0036_0051.jpg 1 52 16 36 51
0242_0089_0020_0046_0066.jpg 1 89 20 46 66
0243_0124_0019_0052_0075.jpg 1 124 19 52 75
0244_0053_0007_0038_0054.jpg 1 53 7 38 54
0245_0056_0024_0047_0067.jpg 1 56 24 47 67
0246_0102_0032_0048_0069.jpg 1 102 32 48 69
0247_0091_0018_0036_0052.jpg 1 91 18 36 52
0248_0034_0012_0047_0068.jpg 1 34 12 47 68
0249_0131_0007_0035_0050.jpg 1 131 7 35 50
0250_0059_0019_0039_0056.jpg 1 59 19 39 56
0251_0063_0010_0045_0065.jpg 1 63 10 45 65
0252_0106_0009_0046_0066.jpg 1 106 9 46 66
0253_0043_0007_0048_0068.jpg 1 43 7 48 68
0254_0014_0018_0050_0071.jpg 1 14 18 50 71
0255_0085_0019_0050_0072.jpg 1 85 19 50 72
0256_0096_0004_0048_0069.jpg 1 96 4 48 69
0257_0113_0034_0048_0068.jpg 1 113 34 48 68
0258_0117_0028_0051_0073.jpg 1 117 28 51 73
0259_0089_0034_0036_0051.jpg 1 89 34 36 51
0260_0074_0041_0042_0061.jpg 1 74 41 42 61
0261_0103_0028_0044_0064.jpg 1 103 28 44 64
0262_0123_0028_0048_0069.jpg 1 123 28 48 69
0263_0089_0027_0045_0065.jpg 1 89 27 45 65
0264_0059_0005_0037_0053.jpg 1 59 5 37 53
0265_0054_0009_0037_0053.jpg 1 54 9 37 53
0266_0032_0028_0046_0066.jpg 1 32 28 46 66
0267_0030_0023_0044_0063.jpg 1 30 23 44 63
0268_0105_0010_0041_0058.jpg 1 105 10 41 58
0269_0126_0021_0040_0058.jpg 1 126 21 40 58
0270_0098_0026_0042_0061.jpg 1 98 26 42 61
0271_0043_0015_0044_0064.jpg 1 43 15 44 64
0272_0068_0008_0036_0052.jpg 1 68 8 36 52
0273_0054_0028_0044_0063.jpg 1 54 28 44 63
0274_0047_0015_0042_0060.jpg 1 47 15 42 60
0275_0020_0014_0047_0067.jpg 1 20 14 47 67
0276_0099_0026_0050_0071.jpg 1 99 26 50 71
0277_0134_0039_0041_0059.jpg 1 134 39 41 59
0278_0125_0010_0042_0061.jpg 1 125 10 42 61
0279_0129_0028_0039_0057.jpg 1 129 28 39 57
0280_0039_0017_0050_0071.jpg 1 39 17 50 71
0281_0068_0018_0049_0070.jpg 1 68 18 49 70
0282_0127_0015_0049_0070.jpg 1 127 15 49 70
0283_0096_0007_0045_0064.jpg 1 96 7 45 64
0284_0093_0020_0041_0058.jpg 1 93 20 41 58
0285_0129_0020_0040_0058.jpg 1 129 20 40 58
0286_0041_0014_0049_0071.jpg 1 41 14 49 71
0287_0040_0025_0050_0072.jpg 1 40 25 50 72
0288_0036_0037_0042_0061.jpg 1 36 37 42 61
0289_0098_0038_0041_0058.jpg 1 98 38 41 58
0290_0054_0033_0047_0067.jpg 1 54 33 47 67
0291_0032_0015_0050_0072.jpg 1 32 15 50 72
0292_0126_0016_0044_0063.jpg 1 126 16 44 63
0293_0063_0032_0049_0071.jpg 1 63 32 49 71
0294_0122_0019_0048_0069.jpg 1 122 19 48 69
0295_0057_0019_0049_0070.jpg 1 57 19 49 70
0296_0108_0014_0050_0072.jpg 1 108 14 50 72
0297_0097_0049_0035_0051.jpg 1 97 49 35 51
0298_0135_0034_0040_0058.jpg 1 135 34 40 58
0299_0014_0016_0050_0071.jpg 1 14 16 50 71
0300_0077_0022_0035_0051.jpg 1 77 22 35 51
0301_0104_0029_0045_0064.jpg 1 104 29 45 64
0302_0092_0041_0042_0060.jpg 1 92 41 42 60
0303_0043_0034_0038_0054.jpg 1 43 34 38 54
0304_0081_0009_0044_0062.jpg 1 81 9 44 62
0305_0074_0009_0038_0055.jpg 1 74 9 38 55
0306_0048_0006_0052_0074.jpg 1 48 6 52 74
0307_0018_0024_0036_0052.jpg 1 18 24 36 52
0308_0115_0014_0043_0062.jpg 1 115 14 43 62
0309_0024_0031_0043_0061.jpg 1 24 31 43 61
0310_0035_0009_0043_0062.jpg 1 35 9 43 62
0311_0048_0020_0046_0066.jpg 1 48 20 46 66
0312_0063_0036_0041_0059.jpg 1 63 36 41 59
0313_0070_0017_0036_0051.jpg 1 70 17 36 51
0314_0099_0019_0052_0074.jpg 1 99 19 52 74
0315_0080_0028_0044_0063.jpg 1 80 28 44 63
0316_0029_0034_0039_0056.jpg 1 29 34 39 56
0317_0016_0031_0041_0058.jpg 1 16 31 41 58
0318_0093_0035_0044_0063.jpg 1 93 35 44 63
0319_0097_0039_0039_0056.jpg 1 97 39 39 56
0320_0130_0041_0039_0056.jpg 1 130 41 39 56
0321_0029_0016_0037_0054.jpg 1 29 16 37 54
0322_0099_0020_0039_0056.jpg 1 99 20 39 56
0323_0118_0036_0041_0059.jpg 1 118 36 41 59
0324_0131_0010_0035_0050.jpg 1 131 10 35 50
0325_0086_0023_0042_0060.jpg 1 86 23 42 60
0326_0030_0031_0039_0055.jpg 1 30 31 39 55
0327_0067_0025_0048_0069.jpg 1 67 25 48 69
0328_0058_0009_0035_0050.jpg 1 58 9 35 50
0329_0023_0045_0035_0050.jpg 1 23 45 35 50
0330_0015_0022_0041_0058.jpg 1 15 22 41 58
0331_0049_0020_0038_0055.jpg 1 49 20 38 55
0332_0073_0027_0036_0052.jpg 1 73 27 36 52
0333_0107_0025_0042_0061.jpg 1 107 25 42 61
0334_0016_0016_0035_0050.jpg 1 16 16 35 50
0335_0092_0007_0039_0056.jpg 1 92 7 39 56
0336_0062_0010_0049_0070.jpg 1 62 10 49 70
0337_0105_0026_0039_0056.jpg 1 105 26 39 56
0338_0043_0012_0047_0068.jpg 1 43 12 47 68
0339_0067_0024_0052_0075.jpg 1 67 24 52 75
0340_0050_0011_0045_0064.jpg 1 50 11 45 64
0341_0045_0045_0035_0051.jpg 1 45 45 35 51
0342_0016_0005_0052_0074.jpg 1 16 5 52 74
0343_0086_0028_0042_0060.jpg 1 86 28 42 60
0344_0015_0004_0044_0063.jpg 1 15 4 44 63
0345_0035_0026_0039_0055.jpg 1 35 26 39 55
0346_0074_0023_0049_0071.jpg 1 74 23 49 71
0347_0127_0008_0046_0066.jpg 1 127 8 46 66
0348_0051_0008_0049_0070.jpg 1 51 8 49 70
0349_0074_0022_0039_0056.jpg 1 74 22 39 56
0350_0127_0040_0044_0062.jpg 1 127 40 44 62
0351_0097_0035_0039_0056.jpg 1 97 35 39 56
0352_0018_0030_0046_0066.jpg 1 18 30 46 66
0353_0014_0026_0052_0074.jpg 1 14 26 52 74
0354_0082_0040_0040_0058.jpg 1 82 40 40 58
0355_0074_0015_0049_0070.jpg 1 74 15 49 70
0356_0079_0012_0048_0069.jpg 1 79 12 48 69
0357_0099_0009_0051_0073.jpg 1 99 9 51 73
0358_0043_0011_0051_0073.jpg 1 43 11 51 73
0359_0119_0010_0043_0062.jpg 1 119 10 43 62
0360_0031_0012_0051_0073.jpg 1 31 12 51 73
0361_0081_0043_0039_0056.jpg 1 81 43 39 56
0362_0073_0027_0051_0073.jpg 1 73 27 51 73
0363_0099_0022_0048_0069.jpg 1 99 22 48 69
0364_0093_0020_0041_0059.jpg 1 93 20 41 59
0365_0036_0042_0038_0054.jpg 1 36 42 38 54
0366_0027_0022_0048_0069.jpg 1 27 22 48 69
0367_0123_0034_0048_0069.jpg 1 123 34 48 69
0368_0046_0006_0051_0074.jpg 1 46 6 51 74
0369_0076_0007_0051_0073.jpg 1 76 7 51 73
0370_0109_0035_0035_0050.jpg 1 109 35 35 50
0371_0015_0023_0036_0051.jpg 1 15 23 36 51
0372_0056_0019_0050_0071.jpg 1 56 19 50 71
0373_0099_0020_0051_0073.jpg 1 99 20 51 73
0374_0062_0018_0045_0064.jpg 1 62 18 45 64
0375_0117_0035_0043_0062.jpg 1 117 35 43 62
0376_0081_0014_0040_0058.jpg 1 81 14 40 58
0377_0113_0017_0048_0068.jpg 1 113 17 48 68
0378_0115_0004_0049_0070.jpg 1 115 4 49 70
0379_0051_0009_0048_0069.jpg 1 51 9 48 69
0380_0060_0012_0049_0070.jpg 1 60 12 49 70
0381_0116_0010_0044_0063.jpg 1 116 10 44 63
0382_0102_0027_0037_0053.jpg 1 102 27 37 53
0383_0083_0006_0051_0073.jpg 1 83 6 51 73
0384_0106_0004_0051_0073.jpg 1 106 4 51 73
0385_0053_0023_0048_0068.jpg 1 53 23 48 68
0386_0094_0010_0050_0072.jpg 1 94 10 50 72
0387_0101_0006_0035_0051.jpg 1 101 6 35 51
0388_0062_0009_0038_0054.jpg 1 62 9 38 54
0389_0040_0046_0037_0053.jpg 1 40 46 37 53
0390_0018_0009_0052_0074.jpg 1 18 9 52 74
0391_0024_0029_0051_0072.jpg 1 24 29 51 72
0392_0026_0010_0048_0069.jpg 1 26 10 48 69
0393_0023_0032_0043_0061.jpg 1 23 32 43 61
0394_0075_0026_0043_0061.jpg 1 75 26 43 61
0395_0031_0035_0043_0061.jpg 1 31 35 43 61
0396_0097_0041_0041_0059.jpg 1 97 41 41 59
0397_0049_0032_0037_0053.jpg 1 49 32 37 53
0398_0056_0024_0052_0074.jpg 1 56 24 52 74
0399_0051_0024_0046_0065.jpg 1 51 24 46 65
0400_0116_0022_0045_0065.jpg 1 116 22 45 65
0401_0031_0025_0044_0063.jpg 1 31 25 44 63
0402_0063_0025_0052_0075.jpg 1 63 25 52 75
0403_0074_0037_0043_0062.jpg 1 74 37 43 62
0404_0047_0015_0039_0056.jpg 1 47 15 39 56
0405_0047_0035_0041_0059.jpg 1 47 35 41 59
0406_0079_0032_0049_0070.jpg 1 79 32 49 70
0407_0079_0022_0052_0074.jpg 1 79 22 52 74
0408_0105_0007_0041_0059.jpg 1 105 7 41 59
0409_0040_0012_0047_0068.jpg 1 40 12 47 68
0410_0120_0019_0050_0072.jpg 1 120 19 50 72
0411_0090_0013_0046_0066.jpg 1 90 13 46 66
0412_0120_0018_0052_0075.jpg 1 120 18 52 75
0413_0043_0036_0035_0051.jpg 1 43 36 35 51
0414_0078_0041_0043_0061.jpg 1 78 41 43 61
0415_0072_0046_0038_0055.jpg 1 72 46 38 55
0416_0134_0008_0041_0059.jpg 1 134 8 41 59
0417_0020_0020_0048_0069.jpg 1 20 20 48 69
0418_0031_0046_0035_0050.jpg 1 31 46 35 50
0419_0095_0019_0047_0067.jpg 1 95 19 47 67
0420_0039_0028_0038_0054.jpg 1 39 28 38 54
0421_0044_0011_0050_0072.jpg 1 44 11 50 72
0422_0122_0021_0048_0069.jpg 1 122 21 48 69
0423_0098_0022_0048_0069.jpg 1 98 22 48 69
0424_0084_0019_0035_0050.jpg 1 84 19 35 50
0425_0126_0019_0040_0057.jpg 1 126 19 40 57
0426_0113_0023_0049_0070.jpg 1 113 23 49 70
0427_0130_0038_0037_0053.jpg 1 130 38 37 53
0428_0030_0014_0045_0065.jpg 1 30 14 45 65
0429_0060_0033_0048_0069.jpg 1 60 33 48 69
0430_0091_0017_0042_0061.jpg 1 91 17 42 61
0431_0047_0030_0050_0072.jpg 1 47 30 50 72
0432_0038_0044_0036_0052.jpg 1 38 44 36 52
0433_0064_0026_0046_0065.jpg 1 64 26 46 65
0434_0073_0050_0035_0051.jpg 1 73 50 35 51
0435_0092_0041_0035_0050.jpg 1 92 41 35 50
0436_0018_0032_0050_0071.jpg 1 18 32 50 71
0437_0030_0018_0038_0055.jpg 1 30 18 38 55
0438_0034_0035_0047_0068.jpg 1 34 35 47 68
0439_0031_0020_0045_0064.jpg 1 31 20 45 64
0440_0103_0014_0043_0062.jpg 1 103 14 43 62
0441_0019_0025_0037_0053.jpg 1 19 25 37 53
0442_0061_0019_0040_0057.jpg 1 61 19 40 57
0443_0131_0017_0043_0061.jpg 1 131 17 43 61
0444_0038_0034_0036_0051.jpg 1 38 34 36 51
0445_0048_0025_0038_0055.jpg 1 48 25 38 55
0446_0124_0005_0045_0064.jpg 1 124 5 45 64
0447_0113_0039_0037_0052.jpg 1 113 39 37 52
0448_0094_0031_0049_0070.jpg 1 94 31 49 70
0449_0031_0033_0044_0062.jpg 1 31 33 44 62
0450_0044_0016_0048_0069.jpg 1 44 16 48 69
0451_0095_0005_0041_0059.jpg 1 95 5 41 59
0452_0078_0033_0036_0052.jpg 1 78 33 36 52
0453_0113_0036_0041_0058.jpg 1 113 36 41 58
0454_0033_0006_0050_0071.jpg 1 33 6 50 71
0455_0089_0020_0046_0066.jpg 1 89 20 46 66
0456_0104_0032_0042_0060.jpg 1 104 32 42 60
0457_0125_0013_0049_0070.jpg 1 125 13 49 70
0458_0064_0024_0037_0053.jpg 1 64 24 37 53
0459_0073_0025_0047_0067.jpg 1 73 25 47 67
0460_0069_0043_0040_0058.jpg 1 69 43 40 58
0461_0018_0034_0040_0058.jpg 1 18 34 40 58
0462_0114_0044_0040_0057.jpg 1 114 44 40 57
0463_0081_0036_0045_0065.jpg 1 81 36 45 65
0464_0109_0020_0048_0069.jpg 1 109 20 48 69
0465_0040_0011_0050_0072.jpg 1 40 11 50 72
0466_0064_0026_0052_0074.jpg 1 64 26 52 74
0467_0105_0012_0047_0068.jpg 1 105 12 47 68
0468_0047_0013_0047_0067.jpg 1 47 13 47 67
0469_0082_0016_0041_0059.jpg 1 82 16 41 59
0470_0043_0034_0044_0063.jpg 1 43 34 44 63
0471_0049_0011_0047_0067.jpg 1 49 11 47 67
0472_0076_0019_0052_0075.jpg 1 76 19 52 75
0473_0024_0024_0041_0059.jpg 1 24 24 41 59
0474_0106_0009_0046_0066.jpg 1 106 9 46 66
0475_0062_0026_0050_0072.jpg 1 62 26 50 72
0476_0104_0004_0048_0068.jpg 1 104 4 48 68
0477_0061_0047_0039_0055.jpg 1 61 47 39 55
0478_0020_0026_0040_0058.jpg 1 20 26 40 58
0479_0041_0030_0045_0064.jpg 1 41 30 45 64
0480_0110_0024_0037_0053.jpg 1 110 24 37 53
0481_0110_0013_0036_0052.jpg 1 110 13 36 52
0482_0122_0018_0038_0054.jpg 1 122 18 38 54
0483_0132_0032_0036_0052.jpg 1 132 32 36 52
0484_0066_0010_0048_0068.jpg 1 66 10 48 68
0485_0061_0016_0049_0071.jpg 1 61 16 49 71
0486_0080_0022_0048_0069.jpg 1 80 22 48 69
0487_0106_0021_0043_0062.jpg 1 106 21 43 62
0488_0109_0010_0038_0055.jpg 1 109 10 38 55
0489_0091_0018_0040_0058.jpg 1 91 18 40 58
0490_0085_0028_0041_0059.jpg 1 85 28 41 59
0491_0041_0016_0047_0067.jpg 1 41 16 47 67
0492_0102_0021_0050_0072.jpg 1 102 21 50 72
0493_0137_0031_0038_0054.jpg 1 137 31 38 54
0494_0110_0009_0045_0064.jpg 1 110 9 45 64
0495_0033_0020_0052_0075.jpg 1 33 20 52 75
0496_0078_0014_0039_0056.jpg 1 78 14 39 56
0497_0094_0014_0036_0051.jpg 1 94 14 36 51
0498_0032_0015_0037_0054.jpg 1 32 15 37 54
0499_0048_0021_0051_0073.jpg 1 48 21 51 73
0500_0126_0013_0038_0054.jpg 1 126 13 38 54
0501_0039_0012_0035_0050.jpg 1 39 12 35 50
0502_0052_0036_0043_0061.jpg 1 52 36 43 61
0503_0030_0025_0039_0056.jpg 1 30 25 39 56
0504_0018_0019_0043_0062.jpg 1 18 19 43 62
0505_0104_0038_0041_0058.jpg 1 104 38 41 58
0506_0088_0026_0052_0075.jpg 1 88 26 52 75
0507_0094_0006_0050_0072.jpg 1 94 6 50 72
0508_0047_0017_0046_0065.jpg 1 47 17 46 65
0509_0101_0033_0044_0063.jpg 1 101 33 44 63
0510_0075_0004_0051_0073.jpg 1 75 4 51 73
0511_0085_0027_0048_0069.jpg 1 85 27 48 69
0512_0135_0038_0035_0050.jpg 1 135 38 35 50
0513_0108_0008_0042_0060.jpg 1 108 8 42 60
0514_0101_0035_0046_0067.jpg 1 101 35 46 67
0515_0032_0033_0035_0050.jpg 1 32 33 35 50
0516_0061_0019_0050_0072.jpg 1 61 19 50 72
0517_0026_0011_0036_0052.jpg 1 26 11 36 52
0518_0116_0027_0050_0071.jpg 1 116 27 50 71
0519_0019_0016_0049_0070.jpg 1 19 16 49 70
0520_0073_0012_0037_0052.jpg 1 73 12 37 52
0521_0106_0035_0047_0067.jpg 1 106 35 47 67
0522_0059_0009_0041_0059.jpg 1 59 9 41 59
0523_0043_0011_0043_0062.jpg 1 43 11 43 62
0524_0030_0016_0039_0056.jpg 1 30 16 39 56
0525_0097_0017_0052_0074.jpg 1 97 17 52 74
0526_0051_0015_0036_0052.jpg 1 51 15 36 52
0527_0077_0015_0044_0063.jpg 1 77 15 44 63
0528_0110_0023_0044_0063.jpg 1 110 23 44 63
0529_0124_0007_0041_0059.jpg 1 124 7 41 59
0530_0070_0036_0041_0059.jpg 1 70 36 41 59
0531_0068_0021_0044_0064.jpg 1 68 21 44 64
0532_0027_0012_0035_0050.jpg 1 27 12 35 50
0533_0056_0008_0052_0075.jpg 1 56 8 52 75
0534_0030_0034_0048_0069.jpg 1 30 34 48 69
0535_0042_0030_0045_0065.jpg 1 42 30 45 65
0536_0116_0014_0047_0067.jpg 1 116 14 47 67
0537_0083_0025_0052_0074.jpg 1 83 25 52 74
0538_0126_0031_0048_0069.jpg 1 126 31 48 69
0539_0113_0005_0038_0055.jpg 1 113 5 38 55
0540_0023_0043_0038_0055.jpg 1 23 43 38 55
0541_0135_0044_0036_0052.jpg 1 135 44 36 52
0542_0078_0012_0052_0074.jpg 1 78 12 52 74
0543_0116_0011_0042_0061.jpg 1 116 11 42 61
0544_0123_0009_0042_0060.jpg 1 123 9 42 60
0545_0025_0009_0039_0055.jpg 1 25 9 39 55
0546_0082_0026_0048_0069.jpg 1 82 26 48 69
0547_0063_0007_0052_0074.jpg 1 63 7 52 74
0548_0118_0017_0048_0069.jpg 1 118 17 48 69
0549_0026_0014_0039_0055.jpg 1 26 14 39 55
0550_0091_0034_0036_0052.jpg 1 91 34 36 52
0551_0061_0007_0040_0057.jpg 1 61 7 40 57
0552_0052_0020_0050_0071.jpg 1 52 20 50 71
0553_0101_0005_0044_0063.jpg 1 101 5 44 63
0554_0140_0050_0035_0050.jpg 1 140 50 35 50
0555_0019_0008_0043_0062.jpg 1 19 8 43 62
0556_0052_0014_0043_0062.jpg 1 52 14 43 62
0557_0051_0015_0041_0059.jpg 1 51 15 41 59
0558_0021_0014_0046_0066.jpg 1 21 14 46 66
0559_0057_0021_0046_0066.jpg 1 57 21 46 66
0560_0086_0012_0037_0052.jpg 1 86 12 37 52
0561_0027_0026_0046_0066.jpg 1 27 26 46 66
0562_0081_0035_0046_0066.jpg 1 81 35 46 66
0563_0066_0029_0046_0067.jpg 1 66 29 46 67
0564_0108_0012_0049_0070.jpg 1 108 12 49 70
0565_0026_0042_0036_0051.jpg 1 26 42 36 51
0566_0102_0014_0050_0072.jpg 1 102 14 50 72
0567_0121_0015_0052_0074.jpg 1 121 15 52 74
0568_0111_0029_0047_0067.jpg 1 111 29 47 67
0569_0122_0022_0050_0071.jpg 1 122 22 50 71
0570_0080_0041_0037_0052.jpg 1 80 41 37 52
0571_0070_0033_0041_0058.jpg 1 70 33 41 58
0572_0118_0017_0047_0067.jpg 1 118 17 47 67
0573_0125_0035_0046_0066.jpg 1 125 35 46 66
0574_0090_0037_0038_0054.jpg 1 90 37 38 54
0575_0129_0021_0043_0062.jpg 1 129 21 43 62
0576_0123_0032_0044_0063.jpg 1 123 32 44 63
0577_0087_0005_0051_0073.jpg 1 87 5 51 73
0578_0035_0023_0043_0061.jpg 1 35 23 43 61
0579_0111_0035_0045_0065.jpg 1 111 35 45 65
0580_0096_0006_0049_0070.jpg 1 96 6 49 70
0581_0051_0022_0052_0075.jpg 1 51 22 52 75
0582_0113_0007_0040_0058.jpg 1 113 7 40 58
0583_0063_0027_0040_0057.jpg 1 63 27 40 57
0584_0061_0018_0041_0058.jpg 1 61 18 41 58
0585_0073_0022_0045_0065.jpg 1 73 22 45 65
0586_0049_0014_0047_0067.jpg 1 49 14 47 67
0587_0035_0008_0042_0060.jpg 1 35 8 42 60
0588_0041_0008_0042_0060.jpg 1 41 8 42 60
0589_0074_0032_0046_0066.jpg 1 74 32 46 66
0590_0103_0016_0037_0053.jpg 1 103 16 37 53
0591_0026_0023_0037_0053.jpg 1 26 23 37 53
0592_0049_0020_0048_0068.jpg 1 49 20 48 68
0593_0080_0040_0044_0063.jpg 1 80 40 44 63
0594_0037_0017_0044_0063.jpg 1 37 17 44 63
0595_0118_0028_0050_0071.jpg 1 118 28 50 71
0596_0121_0040_0036_0052.jpg 1 121 40 36 52
0597_0043_0041_0038_0054.jpg 1 43 41 38 54
0598_0047_0037_0042_0060.jpg 1 47 37 42 60
0599_0106_0032_0042_0060.jpg 1 106 32 42 60
0600_0037_0040_0037_0054.jpg 1 37 40 37 54
0601_0078_0027_0048_0069.jpg 1 78 27 48 69
0602_0128_0035_0041_0059.jpg 1 128 35 41 59
0603_0094_0011_0040_0057.jpg 1 94 11 40 57
0604_0103_0035_0046_0066.jpg 1 103 35 46 66
0605_0055_0020_0042_0060.jpg 1 55 20 42 60
0606_0018_0033_0043_0062.jpg 1 18 33 43 62
0607_0014_0027_0046_0066.jpg 1 14 27 46 66
0608_0083_0011_0039_0056.jpg 1 83 11 39 56
0609_0052_0043_0039_0056.jpg 1 52 43 39 56
0610_0047_0008_0050_0072.jpg 1 47 8 50 72
0611_0090_0019_0041_0058.jpg 1 90 19 41 58
0612_0066_0032_0046_0066.jpg 1 66 32 46 66
0613_0117_0010_0049_0070.jpg 1 117 10 49 70
0614_0132_0024_0038_0054.jpg 1 132 24 38 54
0615_0132_0035_0042_0060.jpg 1 132 35 42 60
0616_0114_0017_0052_0075.jpg 1 114 17 52 75
0617_0046_0038_0042_0060.jpg 1 46 38 42 60
0618_0079_0034_0048_0069.jpg 1 79 34 48 69
0619_0087_0018_0043_0061.jpg 1 87 18 43 61
0620_0027_0004_0050_0071.jpg 1 27 4 50 71
0621_0109_0024_0043_0061.jpg 1 109 24 43 61
0622_0058_0025_0048_0068.jpg 1 58 25 48 68
0623_0069_0012_0051_0073.jpg 1 69 12 51 73
0624_0016_0025_0041_0059.jpg 1 16 25 41 59
0625_0089_0043_0036_0052.jpg 1 89 43 36 52
0626_0022_0040_0035_0050.jpg 1 22 40 35 50
0627_0045_0019_0051_0073.jpg 1 45 19 51 73
0628_0104_0005_0037_0054.jpg 1 104 5 37 54
0629_0049_0026_0052_0074.jpg 1 49 26 52 74
0630_0018_0041_0039_0056.jpg 1 18 41 39 56
0631_0103_0025_0038_0054.jpg 1 103 25 38 54
0632_0050_0023_0041_0058.jpg 1 50 23 41 58
0633_0135_0047_0037_0053.jpg 1 135 47 37 53
0634_0058_0005_0040_0057.jpg 1 58 5 40 57
0635_0052_0008_0052_0075.jpg 1 52 8 52 75
0636_0046_0027_0039_0056.jpg 1 46 27 39 56
0637_0021_0037_0042_0060.jpg 1 21 37 42 60
0638_0065_0025_0051_0073.jpg 1 65 25 51 73
0639_0098_0035_0043_0062.jpg 1 98 35 43 62
0640_0021_0020_0049_0070.jpg 1 21 20 49 70
0641_0088_0037_0043_0062.jpg 1 88 37 43 62
0642_0127_0043_0037_0053.jpg 1 127 43 37 53
0643_0036_0016_0036_0052.jpg 1 36 16 36 52
0644_0115_0009_0048_0069.jpg 1 115 9 48 69
0645_0041_0036_0039_0056.jpg 1 41 36 39 56
0646_0119_0029_0052_0074.jpg 1 119 29 52 74
0647_0034_0016_0036_0051.jpg 1 34 16 36 51
0648_0101_0011_0045_0064.jpg 1 101 11 45 64
0649_0077_0028_0036_0051.jpg 1 77 28 36 51
0650_0123_0014_0052_0074.jpg 1 123 14 52 74
0651_0029_0024_0043_0061.jpg 1 29 24 43 61
0652_0060_0011_0040_0058.jpg 1 60 11 40 58
0653_0087_0023_0044_0063.jpg 1 87 23 44 63
0654_0052_0010_0050_0072.jpg 1 52 10 50 72
0655_0031_0019_0040_0057.jpg 1 31 19 40 57
0656_0122_0026_0050_0072.jpg 1 122 26 50 72
0657_0060_0029_0050_0072.jpg 1 60 29 50 72
0658_0040_0021_0043_0061.jpg 1 40 21 43 61
0659_0034_0026_0049_0071.jpg 1 34 26 49 71
0660_0067_0019_0043_0061.jpg 1 67 19 43 61
0661_0108_0010_0035_0050.jpg 1 108 10 35 50
0662_0106_0021_0040_0057.jpg 1 106 21 40 57
0663_0124_0022_0048_0069.jpg 1 124 22 48 69
0664_0093_0017_0041_0058.jpg 1 93 17 41 58
0665_0089_0034_0042_0060.jpg 1 89 34 42 60
0666_0052_0013_0038_0055.jpg 1 52 13 38 55
0667_0116_0014_0049_0070.jpg 1 116 14 49 70
0668_0035_0005_0048_0068.jpg 1 35 5 48 68
0669_0032_0047_0038_0054.jpg 1 32 47 38 54
0670_0033_0010_0044_0064.jpg 1 33 10 44 64
0671_0036_0043_0038_0055.jpg 1 36 43 38 55
0672_0056_0026_0037_0052.jpg 1 56 26 37 52
0673_0091_0016_0043_0062.jpg 1 91 16 43 62
0674_0048_0025_0037_0053.jpg 1 48 25 37 53
0675_0017_0037_0045_0064.jpg 1 17 37 45 64
0676_0076_0041_0038_0055.jpg 1 76 41 38 55
0677_0066_0030_0042_0060.jpg 1 66 30 42 60
0678_0074_0008_0050_0072.jpg 1 74 8 50 72
0679_0065_0042_0039_0056.jpg 1 65 42 39 56
0680_0063_0023_0042_0060.jpg 1 63 23 42 60
0681_0086_0030_0044_0063.jpg 1 86 30 44 63
0682_0043_0036_0040_0058.jpg 1 43 36 40 58
0683_0017_0021_0047_0067.jpg 1 17 21 47 67
0684_0088_0042_0038_0055.jpg 1 88 42 38 55
0685_0058_0008_0046_0065.jpg 1 58 8 46 65
0686_0066_0028_0042_0060.jpg 1 66 28 42 60
0687_0076_0020_0049_0070.jpg 1 76 20 49 70
0688_0073_0010_0043_0062.jpg 1 73 10 43 62
0689_0103_0031_0050_0072.jpg 1 103 31 50 72
0690_0032_0016_0046_0066.jpg 1 32 16 46 66
0691_0038_0029_0036_0051.jpg 1 38 29 36 51
0692_0131_0032_0038_0055.jpg 1 131 32 38 55
0693_0022_0037_0037_0053.jpg 1 22 37 37 53
0694_0069_0007_0045_0064.jpg 1 69 7 45 64
0695_0044_0009_0047_0067.jpg 1 44 9 47 67
0696_0056_0028_0039_0056.jpg 1 56 28 39 56
0697_0120_0020_0040_0058.jpg 1 120 20 40 58
0698_0037_0030_0050_0072.jpg 1 37 30 50 72
0699_0112_0007_0047_0067.jpg 1 112 7 47 67
0700_0020_0020_0049_0070.jpg 1 20 20 49 70
0701_0087_0009_0048_0069.jpg 1 87 9 48 69
0702_0069_0029_0047_0068.jpg 1 69 29 47 68
0703_0119_0028_0036_0051.jpg 1 119 28 36 51
0704_0029_0034_0039_0056.jpg 1 29 34 39 56
0705_0019_0023_0044_0064.jpg 1 19 23 44 64
0706_0040_0014_0036_0051.jpg 1 40 14 36 51
0707_0128_0013_0043_0061.jpg 1 128 13 43 61
0708_0129_0019_0043_0062.jpg 1 129 19 43 62
0709_0095_0021_0049_0070.jpg 1 95 21 49 70
0710_0114_0025_0049_0070.jpg 1 114 25 49 70
0711_0037_0041_0041_0059.jpg 1 37 41 41 59
0712_0119_0025_0044_0064.jpg 1 119 25 44 64
0713_0076_0045_0038_0055.jpg 1 76 45 38 55
0714_0070_0041_0040_0057.jpg 1 70 41 40 57
0715_0034_0041_0040_0057.jpg 1 34 41 40 57
0716_0059_0015_0038_0055.jpg 1 59 15 38 55
0717_0073_0015_0048_0069.jpg 1 73 15 48 69
0718_0055_0037_0038_0055.jpg 1 55 37 38 55
0719_0067_0005_0036_0052.jpg 1 67 5 36 52
0720_0093_0005_0046_0066.jpg 1 93 5 46 66
0721_0092_0029_0036_0052.jpg 1 92 29 36 52
0722_0037_0005_0047_0067.jpg 1 37 5 47 67
0723_0031_0032_0046_0066.jpg 1 31 32 46 66
0724_0074_0029_0042_0060.jpg 1 74 29 42 60
0725_0059_0022_0050_0072.jpg 1 59 22 50 72
0726_0109_0028_0047_0067.jpg 1 109 28 47 67
0727_0094_0008_0044_0063.jpg 1 94 8 44 63
0728_0032_0022_0052_0075.jpg 1 32 22 52 75
0729_0100_0034_0040_0057.jpg 1 100 34 40 57
0730_0103_0019_0050_0071.jpg 1 103 19 50 71
0731_0118_0025_0050_0071.jpg 1 118 25 50 71
0732_0106_0010_0047_0067.jpg 1 106 10 47 67
0733_0075_0006_0041_0059.jpg 1 75 6 41 59
0734_0095_0025_0039_0056.jpg 1 95 25 39 56
0735_0093_0011_0050_0072.jpg 1 93 11 50 72
0736_0130_0017_0044_0063.jpg 1 130 17 44 63
0737_0074_0041_0038_0055.jpg 1 74 41 38 55
0738_0067_0015_0052_0075.jpg 1 67 15 52 75
0739_0129_0006_0045_0065.jpg 1 129 6 45 65
0740_0025_0014_0046_0066.jpg 1 25 14 46 66
0741_0084_0024_0035_0050.jpg 1 84 24 35 50
0742_0084_0024_0038_0054.jpg 1 84 24 38 54
0743_0053_0008_0042_0060.jpg 1 53 8 42 60
0744_0117_0022_0048_0068.jpg 1 117 22 48 68
0745_0114_0036_0039_0056.jpg 1 114 36 39 56
0746_0066_0004_0051_0073.jpg 1 66 4 51 73
0747_0093_0024_0042_0060.jpg 1 93 24 42 60
0748_0091_0031_0042_0060.jpg 1 91 31 42 60
0749_0035_0005_0040_0057.jpg 1 35 5 40 57
0750_0083_0036_0039_0056.jpg 1 83 36 39 56
0751_0018_0022_0047_0067.jpg 1 18 22 47 67
0752_0036_0005_0045_0064.jpg 1 36 5 45 64
0753_0082_0039_0040_0057.jpg 1 82 39 40 57
0754_0135_0018_0035_0050.jpg 1 135 18 35 50
0755_0090_0030_0041_0059.jpg 1 90 30 41 59
0756_0023_0033_0037_0054.jpg 1 23 33 37 54
0757_0088_0036_0044_0064.jpg 1 88 36 44 64
0758_0083_0026_0040_0057.jpg 1 83 26 40 57
0759_0040_0033_0046_0066.jpg 1 40 33 46 66
0760_0040_0007_0052_0075.jpg 1 40 7 52 75
0761_0016_0023_0046_0066.jpg 1 16 23 46 66
0762_0106_0028_0046_0066.jpg 1 106 28 46 66
0763_0108_0019_0047_0067.jpg 1 108 19 47 67
0764_0066_0034_0044_0063.jpg 1 66 34 44 63
0765_0036_0030_0041_0059.jpg 1 36 30 41 59
0766_0025_0006_0037_0054.jpg 1 25 6 37 54
0767_0110_0040_0037_0054.jpg 1 110 40 37 54
0768_0092_0027_0044_0063.jpg 1 92 27 44 63
0769_0098_0032_0049_0070.jpg 1 98 32 49 70
0770_0113_0024_0050_0072.jpg 1 113 24 50 72
0771_0049_0041_0043_0061.jpg 1 49 41 43 61
0772_0067_0017_0038_0055.jpg 1 67 17 38 55
0773_0092_0022_0042_0060.jpg 1 92 22 42 60
0774_0080_0024_0040_0057.jpg 1 80 24 40 57
0775_0099_0032_0049_0070.jpg 1 99 32 49 70
0776_0111_0024_0048_0068.jpg 1 111 24 48 68
0777_0097_0020_0039_0056.jpg 1 97 20 39 56
0778_0081_0007_0036_0051.jpg 1 81 7 36 51
0779_0031_0029_0049_0070.jpg 1 31 29 49 70
0780_0045_0006_0052_0075.jpg 1 45 6 52 75
0781_0080_0024_0038_0055.jpg 1 80 24 38 55
0782_0101_0018_0044_0063.jpg 1 101 18 44 63
0783_0116_0014_0051_0073.jpg 1 116 14 51 73
0784_0099_0035_0047_0068.jpg 1 99 35 47 68
0785_0087_0030_0051_0072.jpg 1 87 30 51 72
0786_0098_0011_0052_0075.jpg 1 98 11 52 75
0787_0116_0042_0035_0051.jpg 1 116 42 35 51
0788_0124_0018_0037_0053.jpg 1 124 18 37 53
0789_0132_0035_0038_0055.jpg 1 132 35 38 55
0790_0085_0017_0045_0064.jpg 1 85 17 45 64
0791_0033_0032_0043_0061.jpg 1 33 32 43 61
0792_0070_0007_0052_0075.jpg 1 70 7 52 75
0793_0101_0019_0045_0064.jpg 1 101 19 45 64
0794_0058_0006_0048_0069.jpg 1 58 6 48 69
0795_0042_0013_0044_0063.jpg 1 42 13 44 63
0796_0104_0007_0050_0072.jpg 1 104 7 50 72
0797_0066_0029_0040_0057.jpg 1 66 29 40 57
0798_0093_0045_0037_0053.jpg 1 93 45 37 53
0799_0015_0010_0051_0073.jpg 1 15 10 51 73
0800_0033_0010_0046_0065.jpg 1 33 10 46 65
0801_0022_0016_0050_0072.jpg 1 22 16 50 72
0802_0063_0019_0052_0075.jpg 1 63 19 52 75
0803_0112_0029_0042_0060.jpg 1 112 29 42 60
0804_0093_0035_0045_0064.jpg 1 93 35 45 64
0805_0074_0029_0045_0065.jpg 1 74 29 45 65
0806_0089_0033_0047_0068.jpg 1 89 33 47 68
0807_0062_0021_0046_0067.jpg 1 62 21 46 67
0808_0070_0023_0052_0075.jpg 1 70 23 52 75
0809_0075_0011_0040_0057.jpg 1 75 11 40 57
0810_0121_0026_0043_0062.jpg 1 121 26 43 62
0811_0109_0028_0047_0068.jpg 1 109 28 47 68
0812_0100_0041_0041_0059.jpg 1 100 41 41 59
0813_0063_0030_0051_0072.jpg 1 63 30 51 72
