0001_0074_0008_0046_0065.jpg 1 74 8 46 65
0002_0112_0006_0052_0074.jpg 1 112 6 52 74
0003_0091_0006_0044_0063.jpg 1 91 6 44 63
0004_0082_0041_0036_0052.jpg 1 82 41 36 52
0005_0107_0021_0041_0059.jpg 1 107 21 41 59
0006_0059_0031_0048_0069.jpg 1 59 31 48 69
0007_0018_0012_0050_0071.jpg 1 18 12 50 71
0008_0126_0035_0039_0056.jpg 1 126 35 39 56
0009_0071_0047_0035_0051.jpg 1 71 47 35 51
0010_0120_0020_0035_0050.jpg 1 120 20 35 50
0011_0064_0008_0036_0052.jpg 1 64 8 36 52
0012_0081_0008_0044_0063.jpg 1 81 8 44 63
0013_0129_0024_0040_0057.jpg 1 129 24 40 57
0014_0136_0006_0035_0050.jpg 1 136 6 35 50
0015_0091_0018_0044_0063.jpg 1 91 18 44 63
0016_0092_0013_0045_0065.jpg 1 92 13 45 65
0017_0085_0038_0040_0057.jpg 1 85 38 40 57
0018_0066_0020_0036_0052.jpg 1 66 20 36 52
0019_0111_0013_0052_0074.jpg 1 111 13 52 74
0020_0047_0041_0038_0054.jpg 1 47 41 38 54
0021_0042_0022_0042_0060.jpg 1 42 22 42 60
0022_0136_0028_0037_0052.jpg 1 136 28 37 52
0023_0076_0020_0037_0053.jpg 1 76 20 37 53
0024_0090_0024_0043_0062.jpg 1 90 24 43 62
0025_0015_0008_0050_0072.jpg 1 15 8 50 72
0026_0093_0021_0049_0070.jpg 1 93 21 49 70
0027_0076_0012_0039_0056.jpg 1 76 12 39 56
0028_0128_0021_0046_0065.jpg 1 128 21 46 65
0029_0108_0032_0035_0050.jpg 1 108 32 35 50
0030_0088_0039_0043_0062.jpg 1 88 39 43 62
0031_0066_0049_0036_0051.jpg 1 66 49 36 51
0032_0101_0022_0037_0053.jpg 1 101 22 37 53
0033_0063_0027_0052_0075.jpg 1 63 27 52 75
0034_0059_0015_0035_0050.jpg 1 59 15 35 50
0035_0021_0019_0040_0057.jpg 1 21 19 40 57
0036_0079_0027_0035_0051.jpg 1 79 27 35 51
0037_0051_0010_0046_0066.jpg 1 51 10 46 66
0038_0024_0008_0035_0050.jpg 1 24 8 35 50
0039_0100_0025_0042_0060.jpg 1 100 25 42 60
0040_0080_0041_0040_0057.jpg 1 80 41 40 57
0041_0039_0017_0039_0056.jpg 1 39 17 39 56
0042_0066_0013_0049_0070.jpg 1 66 13 49 70
0043_0081_0017_0042_0061.jpg 1 81 17 42 61
0044_0044_0029_0044_0063.jpg 1 44 29 44 63
0045_0096_0030_0048_0069.jpg 1 96 30 48 69
0046_0059_0017_0052_0075.jpg 1 59 17 52 75
0047_0074_0040_0038_0055.jpg 1 74 40 38 55
0048_0080_0030_0044_0063.jpg 1 80 30 44 63
0049_0101_0026_0049_0071.jpg 1 101 26 49 71
0050_0042_0026_0051_0073.jpg 1 42 26 51 73
0051_0047_0034_0048_0069.jpg 1 47 34 48 69
0052_0058_0029_0042_0060.jpg 1 58 29 42 60
0053_0126_0012_0049_0070.jpg 1 126 12 49 70
0054_0126_0016_0035_0051.jpg 1 126 16 35 51
0055_0060_0023_0045_0064.jpg 1 60 23 45 64
0056_0091_0037_0043_0062.jpg 1 91 37 43 62
0057_0015_0023_0045_0064.jpg 1 15 23 45 64
0058_0085_0020_0038_0055.jpg 1 85 20 38 55
0059_0062_0018_0037_0053.jpg 1 62 18 37 53
0060_0108_0026_0045_0064.jpg 1 108 26 45 64
0061_0022_0020_0047_0067.jpg 1 22 20 47 67
0062_0048_0009_0042_0060.jpg 1 48 9 42 60
0063_0019_0039_0042_0061.jpg 1 19 39 42 61
0064_0016_0034_0044_0063.jpg 1 16 34 44 63
0065_0057_0027_0039_0055.jpg 1 57 27 39 55
0066_0069_0025_0050_0071.jpg 1 69 25 50 71
0067_0020_0006_0041_0058.jpg 1 20 6 41 58
0068_0036_0014_0045_0064.jpg 1 36 14 45 64
0069_0024_0004_0048_0068.jpg 1 24 4 48 68
0070_0076_0011_0045_0064.jpg 1 76 11 45 64
0071_0107_0013_0047_0067.jpg 1 107 13 47 67
0072_0054_0039_0042_0061.jpg 1 54 39 42 61
0073_0053_0040_0038_0054.jpg 1 53 40 38 54
0074_0106_0037_0038_0055.jpg 1 106 37 38 55
0075_0058_0008_0036_0051.jpg 1 58 8 36 51
0076_0108_0015_0050_0072.jpg 1 108 15 50 72
0077_0053_0036_0039_0056.jpg 1 53 36 39 56
0078_0020_0034_0048_0068.jpg 1 20 34 48 68
0079_0033_0036_0043_0061.jpg 1 33 36 43 61
0080_0064_0031_0048_0068.jpg 1 64 31 48 68
0081_0097_0018_0051_0073.jpg 1 97 18 51 73
0082_0129_0024_0047_0067.jpg 1 129 24 47 67
0083_0067_0016_0050_0071.jpg 1 67 16 50 71
0084_0082_0027_0037_0053.jpg 1 82 27 37 53
0085_0017_0034_0043_0062.jpg 1 17 34 43 62
0086_0043_0020_0045_0064.jpg 1 43 20 45 64
0087_0108_0021_0046_0065.jpg 1 108 21 46 65
0088_0073_0013_0041_0059.jpg 1 73 13 41 59
0089_0100_0044_0040_0058.jpg 1 100 44 40 58
0090_0108_0045_0038_0054.jpg 1 108 45 38 54
0091_0099_0008_0036_0052.jpg 1 99 8 36 52
0092_0063_0013_0042_0061.jpg 1 63 13 42 61
0093_0019_0019_0045_0065.jpg 1 19 19 45 65
0094_0042_0029_0046_0066.jpg 1 42 29 46 66
0095_0066_0041_0036_0051.jpg 1 66 41 36 51
0096_0048_0029_0036_0052.jpg 1 48 29 36 52
0097_0124_0032_0036_0052.jpg 1 124 32 36 52
0098_0101_0033_0042_0060.jpg 1 101 33 42 60
0099_0036_0010_0035_0050.jpg 1 36 10 35 50
0100_0102_0011_0039_0055.jpg 1 102 11 39 55
0101_0058_0037_0045_0064.jpg 1 58 37 45 64
0102_0057_0020_0052_0074.jpg 1 57 20 52 74
0103_0110_0014_0050_0072.jpg 1 110 14 50 72
0104_0098_0013_0050_0072.jpg 1 98 13 50 72
0105_0053_0005_0035_0050.jpg 1 53 5 35 50
0106_0127_0032_0045_0065.jpg 1 127 32 45 65
0107_0090_0030_0049_0070.jpg 1 90 30 49 70
0108_0048_0004_0050_0072.jpg 1 48 4 50 72
0109_0125_0048_0035_0050.jpg 1 125 48 35 50
0110_0020_0026_0050_0072.jpg 1 20 26 50 72
0111_0017_0012_0039_0056.jpg 1 17 12 39 56
0112_0058_0027_0041_0059.jpg 1 58 27 41 59
0113_0115_0006_0041_0059.jpg 1 115 6 41 59
0114_0048_0012_0049_0071.jpg 1 48 12 49 71
0115_0062_0043_0041_0058.jpg 1 62 43 41 58
0116_0118_0012_0035_0050.jpg 1 118 12 35 50
0117_0088_0012_0051_0073.jpg 1 88 12 51 73
0118_0035_0007_0050_0072.jpg 1 35 7 50 72
0119_0114_0028_0041_0058.jpg 1 114 28 41 58
0120_0090_0016_0035_0050.jpg 1 90 16 35 50
0121_0081_0028_0038_0054.jpg 1 81 28 38 54
0122_0039_0046_0036_0051.jpg 1 39 46 36 51
0123_0102_0025_0050_0072.jpg 1 102 25 50 72
0124_0112_0005_0039_0056.jpg 1 112 5 39 56
0125_0045_0023_0052_0075.jpg 1 45 23 52 75
0126_0123_0016_0046_0067.jpg 1 123 16 46 67
0127_0106_0024_0042_0060.jpg 1 106 24 42 60
0128_0066_0026_0044_0063.jpg 1 66 26 44 63
0129_0071_0019_0050_0071.jpg 1 71 19 50 71
0130_0039_0032_0037_0053.jpg 1 39 32 37 53
0131_0082_0029_0042_0060.jpg 1 82 29 42 60
0132_0067_0026_0043_0062.jpg 1 67 26 43 62
0133_0050_0030_0045_0065.jpg 1 50 30 45 65
0134_0050_0021_0051_0073.jpg 1 50 21 51 73
0135_0089_0008_0039_0056.jpg 1 89 8 39 56
0136_0066_0003_0051_0074.jpg 1 66 3 51 74
0137_0119_0025_0051_0073.jpg 1 119 25 51 73
0138_0097_0005_0047_0068.jpg 1 97 5 47 68
0139_0114_0035_0040_0057.jpg 1 114 35 40 57
0140_0063_0008_0048_0068.jpg 1 63 8 48 68
0141_0096_0012_0049_0071.jpg 1 96 12 49 71
0142_0073_0022_0043_0062.jpg 1 73 22 43 62
0143_0042_0025_0038_0054.jpg 1 42 25 38 54
0144_0061_0020_0047_0067.jpg 1 61 20 47 67
0145_0112_0019_0040_0058.jpg 1 112 19 40 58
0146_0020_0005_0051_0072.jpg 1 20 5 51 72
0147_0044_0038_0044_0063.jpg 1 44 38 44 63
0148_0106_0031_0038_0055.jpg 1 106 31 38 55
0149_0102_0007_0043_0062.jpg 1 102 7 43 62
0150_0127_0025_0049_0071.jpg 1 127 25 49 71
0151_0137_0031_0037_0053.jpg 1 137 31 37 53
0152_0022_0036_0036_0051.jpg 1 22 36 36 51
0153_0030_0027_0048_0069.jpg 1 30 27 48 69
0154_0075_0020_0045_0065.jpg 1 75 20 45 65
0155_0092_0026_0044_0063.jpg 1 92 26 44 63
0156_0129_0017_0041_0058.jpg 1 129 17 41 58
0157_0122_0025_0044_0063.jpg 1 122 25 44 63
0158_0073_0010_0035_0050.jpg 1 73 10 35 50
0159_0035_0030_0051_0073.jpg 1 35 30 51 73
0160_0042_0037_0042_0060.jpg 1 42 37 42 60
0161_0037_0019_0049_0070.jpg 1 37 19 49 70
0162_0104_0022_0043_0061.jpg 1 104 22 43 61
0163_0080_0008_0041_0058.jpg 1 80 8 41 58
0164_0122_0011_0046_0066.jpg 1 122 11 46 66
0165_0062_0007_0037_0053.jpg 1 62 7 37 53
0166_0140_0010_0035_0050.jpg 1 140 10 35 50
0167_0075_0010_0047_0067.jpg 1 75 10 47 67
0168_0086_0029_0051_0072.jpg 1 86 29 51 72
0169_0090_0023_0051_0073.jpg 1 90 23 51 73
0170_0093_0019_0038_0055.jpg 1 93 19 38 55
0171_0094_0019_0050_0072.jpg 1 94 19 50 72
0172_0128_0006_0045_0065.jpg 1 128 6 45 65
0173_0037_0031_0045_0065.jpg 1 37 31 45 65
0174_0130_0030_0037_0054.jpg 1 130 30 37 54
0175_0127_0026_0046_0066.jpg 1 127 26 46 66
0176_0088_0019_0039_0056.jpg 1 88 19 39 56
0177_0119_0011_0037_0053.jpg 1 119 11 37 53
0178_0040_0050_0036_0051.jpg 1 40 50 36 51
0179_0042_0030_0046_0066.jpg 1 42 30 46 66
0180_0056_0049_0036_0052.jpg 1 56 49 36 52
0181_0117_0021_0038_0055.jpg 1 117 21 38 55
0182_0047_0010_0051_0072.jpg 1 47 10 51 72
0183_0057_0037_0035_0050.jpg 1 57 37 35 50
0184_0029_0023_0041_0058.jpg 1 29 23 41 58
0185_0050_0027_0041_0059.jpg 1 50 27 41 59
0186_0073_0034_0045_0064.jpg 1 73 34 45 64
0187_0021_0013_0051_0074.jpg 1 21 13 51 74
0188_0016_0010_0044_0063.jpg 1 16 10 44 63
0189_0116_0011_0049_0070.jpg 1 116 11 49 70
0190_0115_0025_0048_0069.jpg 1 115 25 48 69
0191_0051_0011_0039_0055.jpg 1 51 11 39 55
0192_0033_0031_0049_0070.jpg 1 33 31 49 70
0193_0025_0039_0044_0063.jpg 1 25 39 44 63
0194_0111_0013_0035_0050.jpg 1 111 13 35 50
0195_0118_0026_0049_0070.jpg 1 118 26 49 70
0196_0096_0005_0043_0062.jpg 1 96 5 43 62
0197_0089_0040_0041_0059.jpg 1 89 40 41 59
0198_0098_0005_0049_0070.jpg 1 98 5 49 70
0199_0096_0012_0050_0072.jpg 1 96 12 50 72
0200_0081_0018_0045_0064.jpg 1 81 18 45 64
0201_0096_0022_0045_0065.jpg 1 96 22 45 65
0202_0087_0017_0043_0062.jpg 1 87 17 43 62
0203_0034_0016_0052_0074.jpg 1 34 16 52 74
0204_0121_0039_0037_0054.jpg 1 121 39 37 54
0205_0024_0008_0043_0062.jpg 1 24 8 43 62
0206_0050_0027_0040_0057.jpg 1 50 27 40 57
0207_0044_0009_0050_0072.jpg 1 44 9 50 72
0208_0070_0025_0041_0059.jpg 1 70 25 41 59
0209_0039_0024_0042_0060.jpg 1 39 24 42 60
0210_0060_0026_0039_0056.jpg 1 60 26 39 56
0211_0054_0043_0035_0051.jpg 1 54 43 35 51
0212_0053_0010_0052_0074.jpg 1 53 10 52 74
0213_0087_0017_0037_0054.jpg 1 87 17 37 54
0214_0073_0030_0042_0060.jpg 1 73 30 42 60
0215_0078_0027_0047_0067.jpg 1 78 27 47 67
0216_0043_0020_0044_0063.jpg 1 43 20 44 63
0217_0066_0039_0040_0057.jpg 1 66 39 40 57
0218_0038_0009_0041_0058.jpg 1 38 9 41 58
0219_0092_0031_0049_0070.jpg 1 92 31 49 70
0220_0090_0024_0044_0063.jpg 1 90 24 44 63
0221_0026_0034_0040_0057.jpg 1 26 34 40 57
0222_0029_0030_0041_0058.jpg 1 29 30 41 58
0223_0113_0023_0049_0070.jpg 1 113 23 49 70
0224_0117_0026_0042_0060.jpg 1 117 26 42 60
0225_0025_0019_0045_0064.jpg 1 25 19 45 64
0226_0075_0005_0046_0065.jpg 1 75 5 46 65
0227_0103_0023_0036_0051.jpg 1 103 23 36 51
0228_0026_0019_0045_0065.jpg 1 26 19 45 65
0229_0021_0012_0041_0059.jpg 1 21 12 41 59
0230_0103_0009_0049_0071.jpg 1 103 9 49 71
0231_0102_0027_0041_0058.jpg 1 102 27 41 58
0232_0076_0038_0044_0063.jpg 1 76 38 44 63
0233_0120_0048_0037_0053.jpg 1 120 48 37 53
0234_0030_0023_0048_0069.jpg 1 30 23 48 69
0235_0027_0004_0052_0074.jpg 1 27 4 52 74
0236_0048_0025_0037_0053.jpg 1 48 25 37 53
0237_0052_0030_0042_0060.jpg 1 52 30 42 60
0238_0106_0026_0035_0050.jpg 1 106 26 35 50
0239_0053_0044_0041_0059.jpg 1 53 44 41 59
0240_0126_0040_0038_0054.jpg 1 126 40 38 54
0241_0117_0030_0037_0053.jpg 1 117 30 37 53
0242_0070_0027_0052_0074.jpg 1 70 27 52 74
0243_0101_0024_0040_0057.jpg 1 101 24 40 57
0244_0099_0005_0048_0069.jpg 1 99 5 48 69
0245_0093_0005_0044_0062.jpg 1 93 5 44 62
0246_0017_0018_0048_0069.jpg 1 17 18 48 69
0247_0041_0034_0041_0058.jpg 1 41 34 41 58
0248_0094_0006_0041_0059.jpg 1 94 6 41 59
0249_0130_0038_0038_0055.jpg 1 130 38 38 55
0250_0088_0020_0050_0072.jpg 1 88 20 50 72
0251_0055_0046_0037_0052.jpg 1 55 46 37 52
0252_0035_0017_0040_0058.jpg 1 35 17 40 58
0253_0038_0028_0035_0050.jpg 1 38 28 35 50
0254_0105_0034_0043_0061.jpg 1 105 34 43 61
0255_0036_0013_0050_0071.jpg 1 36 13 50 71
0256_0126_0051_0035_0050.jpg 1 126 51 35 50
0257_0125_0008_0043_0062.jpg 1 125 8 43 62
0258_0100_0018_0039_0056.jpg 1 100 18 39 56
0259_0046_0005_0046_0067.jpg 1 46 5 46 67
0260_0020_0047_0037_0053.jpg 1 20 47 37 53
0261_0032_0017_0039_0057.jpg 1 32 17 39 57
0262_0119_0029_0044_0063.jpg 1 119 29 44 63
0263_0037_0030_0049_0070.jpg 1 37 30 49 70
0264_0039_0010_0048_0069.jpg 1 39 10 48 69
0265_0077_0007_0045_0064.jpg 1 77 7 45 64
0266_0112_0028_0036_0051.jpg 1 112 28 36 51
0267_0086_0012_0047_0068.jpg 1 86 12 47 68
0268_0095_0039_0042_0060.jpg 1 95 39 42 60
0269_0062_0025_0038_0054.jpg 1 62 25 38 54
0270_0029_0012_0039_0056.jpg 1 29 12 39 56
0271_0118_0006_0036_0052.jpg 1 118 6 36 52
0272_0082_0008_0039_0055.jpg 1 82 8 39 55
0273_0079_0037_0041_0059.jpg 1 79 37 41 59
0274_0078_0022_0047_0068.jpg 1 78 22 47 68
0275_0079_0031_0036_0052.jpg 1 79 31 36 52
0276_0020_0013_0043_0061.jpg 1 20 13 43 61
0277_0029_0029_0039_0056.jpg 1 29 29 39 56
0278_0101_0006_0044_0064.jpg 1 101 6 44 64
0279_0069_0026_0047_0067.jpg 1 69 26 47 67
0280_0052_0039_0042_0061.jpg 1 52 39 42 61
0281_0030_0014_0038_0054.jpg 1 30 14 38 54
0282_0027_0005_0048_0069.jpg 1 27 5 48 69
0283_0089_0022_0045_0065.jpg 1 89 22 45 65
0284_0021_0040_0036_0051.jpg 1 21 40 36 51
0285_0101_0009_0050_0072.jpg 1 101 9 50 72
0286_0017_0038_0038_0054.jpg 1 17 38 38 54
0287_0088_0034_0046_0066.jpg 1 88 34 46 66
0288_0044_0033_0038_0055.jpg 1 44 33 38 55
0289_0055_0029_0051_0073.jpg 1 55 29 51 73
0290_0043_0015_0049_0071.jpg 1 43 15 49 71
0291_0100_0011_0048_0069.jpg 1 100 11 48 69
0292_0027_0017_0039_0056.jpg 1 27 17 39 56
0293_0064_0029_0048_0069.jpg 1 64 29 48 69
0294_0056_0014_0052_0075.jpg 1 56 14 52 75
0295_0029_0038_0045_0064.jpg 1 29 38 45 64
0296_0034_0028_0051_0073.jpg 1 34 28 51 73
0297_0028_0012_0039_0056.jpg 1 28 12 39 56
0298_0117_0030_0039_0056.jpg 1 117 30 39 56
0299_0037_0018_0041_0059.jpg 1 37 18 41 59
0300_0021_0024_0042_0060.jpg 1 21 24 42 60
0301_0034_0012_0038_0054.jpg 1 34 12 38 54
0302_0131_0043_0037_0053.jpg 1 131 43 37 53
0303_0093_0017_0037_0053.jpg 1 93 17 37 53
0304_0058_0047_0036_0052.jpg 1 58 47 36 52
0305_0114_0027_0048_0069.jpg 1 114 27 48 69
0306_0083_0006_0044_0063.jpg 1 83 6 44 63
0307_0020_0013_0041_0058.jpg 1 20 13 41 58
0308_0032_0035_0044_0064.jpg 1 32 35 44 64
0309_0097_0005_0051_0073.jpg 1 97 5 51 73
0310_0078_0030_0042_0061.jpg 1 78 30 42 61
0311_0043_0007_0046_0066.jpg 1 43 7 46 66
0312_0082_0009_0039_0056.jpg 1 82 9 39 56
0313_0067_0008_0039_0056.jpg 1 67 8 39 56
0314_0116_0018_0051_0074.jpg 1 116 18 51 74
0315_0034_0026_0050_0072.jpg 1 34 26 50 72
0316_0115_0023_0047_0067.jpg 1 115 23 47 67
0317_0064_0031_0039_0056.jpg 1 64 31 39 56
0318_0048_0020_0044_0063.jpg 1 48 20 44 63
0319_0058_0038_0043_0061.jpg 1 58 38 43 61
0320_0132_0029_0037_0054.jpg 1 132 29 37 54
0321_0050_0014_0043_0061.jpg 1 50 14 43 61
0322_0111_0043_0039_0055.jpg 1 111 43 39 55
0323_0121_0031_0050_0072.jpg 1 121 31 50 72
0324_0033_0008_0052_0074.jpg 1 33 8 52 74
0325_0061_0036_0046_0066.jpg 1 61 36 46 66
0326_0026_0024_0045_0065.jpg 1 26 24 45 65
0327_0075_0018_0037_0054.jpg 1 75 18 37 54
0328_0036_0007_0038_0055.jpg 1 36 7 38 55
0329_0072_0037_0037_0053.jpg 1 72 37 37 53
0330_0079_0010_0052_0075.jpg 1 79 10 52 75
0331_0121_0013_0041_0059.jpg 1 121 13 41 59
0332_0089_0040_0039_0055.jpg 1 89 40 39 55
0333_0123_0007_0049_0071.jpg 1 123 7 49 71
0334_0087_0037_0037_0052.jpg 1 87 37 37 52
0335_0090_0041_0038_0055.jpg 1 90 41 38 55
0336_0098_0011_0038_0054.jpg 1 98 11 38 54
0337_0053_0024_0045_0064.jpg 1 53 24 45 64
0338_0057_0011_0050_0071.jpg 1 57 11 50 71
0339_0070_0031_0049_0070.jpg 1 70 31 49 70
0340_0133_0046_0037_0053.jpg 1 133 46 37 53
0341_0106_0031_0043_0062.jpg 1 106 31 43 62
0342_0016_0017_0043_0061.jpg 1 16 17 43 61
0343_0111_0039_0040_0058.jpg 1 111 39 40 58
0344_0018_0015_0047_0067.jpg 1 18 15 47 67
0345_0099_0047_0037_0053.jpg 1 99 47 37 53
0346_0060_0036_0042_0060.jpg 1 60 36 42 60
0347_0093_0023_0039_0056.jpg 1 93 23 39 56
0348_0043_0015_0039_0057.jpg 1 43 15 39 57
0349_0018_0018_0039_0056.jpg 1 18 18 39 56
0350_0019_0017_0044_0063.jpg 1 19 17 44 63
0351_0059_0032_0040_0058.jpg 1 59 32 40 58
0352_0022_0022_0047_0067.jpg 1 22 22 47 67
0353_0026_0009_0050_0072.jpg 1 26 9 50 72
0354_0087_0019_0035_0051.jpg 1 87 19 35 51
0355_0064_0045_0035_0050.jpg 1 64 45 35 50
0356_0100_0047_0037_0052.jpg 1 100 47 37 52
0357_0135_0030_0039_0057.jpg 1 135 30 39 57
0358_0022_0033_0048_0069.jpg 1 22 33 48 69
0359_0046_0020_0049_0070.jpg 1 46 20 49 70
0360_0130_0037_0038_0055.jpg 1 130 37 38 55
0361_0104_0021_0049_0071.jpg 1 104 21 49 71
0362_0069_0009_0041_0059.jpg 1 69 9 41 59
0363_0034_0006_0041_0059.jpg 1 34 6 41 59
0364_0106_0017_0042_0060.jpg 1 106 17 42 60
0365_0100_0018_0038_0055.jpg 1 100 18 38 55
0366_0050_0016_0045_0065.jpg 1 50 16 45 65
0367_0086_0015_0043_0062.jpg 1 86 15 43 62
0368_0056_0033_0041_0059.jpg 1 56 33 41 59
0369_0016_0049_0036_0052.jpg 1 16 49 36 52
0370_0032_0033_0037_0053.jpg 1 32 33 37 53
0371_0079_0037_0043_0061.jpg 1 79 37 43 61
0372_0053_0008_0041_0059.jpg 1 53 8 41 59
0373_0085_0047_0035_0051.jpg 1 85 47 35 51
0374_0112_0038_0044_0064.jpg 1 112 38 44 64
0375_0032_0026_0046_0065.jpg 1 32 26 46 65
0376_0075_0030_0049_0071.jpg 1 75 30 49 71
0377_0108_0011_0037_0054.jpg 1 108 11 37 54
0378_0051_0037_0035_0050.jpg 1 51 37 35 50
0379_0120_0004_0048_0069.jpg 1 120 4 48 69
0380_0126_0015_0049_0071.jpg 1 126 15 49 71
0381_0058_0024_0050_0072.jpg 1 58 24 50 72
0382_0079_0010_0037_0052.jpg 1 79 10 37 52
0383_0021_0021_0052_0074.jpg 1 21 21 52 74
0384_0035_0025_0039_0056.jpg 1 35 25 39 56
0385_0097_0029_0044_0064.jpg 1 97 29 44 64
0386_0064_0011_0035_0050.jpg 1 64 11 35 50
0387_0090_0026_0050_0072.jpg 1 90 26 50 72
0388_0064_0038_0038_0054.jpg 1 64 38 38 54
0389_0041_0026_0039_0056.jpg 1 41 26 39 56
0390_0123_0029_0039_0056.jpg 1 123 29 39 56
0391_0047_0023_0047_0067.jpg 1 47 23 47 67
0392_0086_0030_0043_0061.jpg 1 86 30 43 61
0393_0054_0015_0049_0071.jpg 1 54 15 49 71
0394_0038_0031_0044_0064.jpg 1 38 31 44 64
0395_0082_0018_0045_0064.jpg 1 82 18 45 64
0396_0020_0013_0049_0071.jpg 1 20 13 49 71
0397_0117_0005_0037_0054.jpg 1 117 5 37 54
0398_0112_0020_0052_0075.jpg 1 112 20 52 75
0399_0019_0010_0044_0064.jpg 1 19 10 44 64
0400_0039_0011_0046_0067.jpg 1 39 11 46 67
0401_0075_0033_0046_0066.jpg 1 75 33 46 66
0402_0109_0009_0043_0062.jpg 1 109 9 43 62
0403_0038_0035_0045_0064.jpg 1 38 35 45 64
0404_0062_0011_0047_0068.jpg 1 62 11 47 68
0405_0068_0023_0042_0060.jpg 1 68 23 42 60
0406_0060_0008_0040_0057.jpg 1 60 8 40 57
0407_0081_0028_0049_0071.jpg 1 81 28 49 71
0408_0019_0021_0038_0054.jpg 1 19 21 38 54
0409_0073_0031_0041_0059.jpg 1 73 31 41 59
0410_0081_0023_0051_0073.jpg 1 81 23 51 73
0411_0058_0047_0037_0053.jpg 1 58 47 37 53
0412_0060_0011_0039_0056.jpg 1 60 11 39 56
0413_0133_0030_0035_0051.jpg 1 133 30 35 51
0414_0018_0017_0050_0071.jpg 1 18 17 50 71
0415_0015_0006_0043_0062.jpg 1 15 6 43 62
0416_0086_0005_0050_0072.jpg 1 86 5 50 72
0417_0020_0009_0044_0063.jpg 1 20 9 44 63
0418_0075_0015_0040_0058.jpg 1 75 15 40 58
0419_0050_0006_0035_0051.jpg 1 50 6 35 51
0420_0120_0019_0041_0059.jpg 1 120 19 41 59
0421_0132_0034_0042_0060.jpg 1 132 34 42 60
0422_0126_0009_0040_0057.jpg 1 126 9 40 57
0423_0109_0033_0037_0053.jpg 1 109 33 37 53
0424_0040_0039_0043_0061.jpg 1 40 39 43 61
0425_0075_0039_0044_0063.jpg 1 75 39 44 63
0426_0119_0026_0045_0065.jpg 1 119 26 45 65
0427_0083_0019_0047_0067.jpg 1 83 19 47 67
0428_0075_0032_0044_0063.jpg 1 75 32 44 63
0429_0121_0028_0048_0069.jpg 1 121 28 48 69
0430_0061_0034_0047_0067.jpg 1 61 34 47 67
0431_0080_0021_0038_0055.jpg 1 80 21 38 55
0432_0079_0014_0047_0067.jpg 1 79 14 47 67
0433_0060_0046_0037_0053.jpg 1 60 46 37 53
0434_0061_0034_0047_0067.jpg 1 61 34 47 67
0435_0054_0014_0051_0073.jpg 1 54 14 51 73
0436_0123_0031_0046_0066.jpg 1 123 31 46 66
0437_0054_0010_0050_0071.jpg 1 54 10 50 71
0438_0083_0042_0040_0057.jpg 1 83 42 40 57
0439_0122_0025_0050_0072.jpg 1 122 25 50 72
0440_0076_0010_0040_0057.jpg 1 76 10 40 57
0441_0039_0043_0039_0055.jpg 1 39 43 39 55
0442_0019_0014_0051_0074.jpg 1 19 14 51 74
0443_0054_0029_0051_0073.jpg 1 54 29 51 73
0444_0066_0025_0046_0066.jpg 1 66 25 46 66
0445_0117_0021_0036_0051.jpg 1 117 21 36 51
0446_0021_0051_0036_0051.jpg 1 21 51 36 51
0447_0020_0023_0050_0072.jpg 1 20 23 50 72
0448_0031_0013_0048_0069.jpg 1 31 13 48 69
0449_0128_0041_0036_0052.jpg 1 128 41 36 52
0450_0055_0007_0046_0066.jpg 1 55 7 46 66
0451_0030_0004_0051_0073.jpg 1 30 4 51 73
0452_0071_0009_0041_0058.jpg 1 71 9 41 58
0453_0054_0034_0043_0062.jpg 1 54 34 43 62
0454_0120_0024_0045_0065.jpg 1 120 24 45 65
0455_0076_0010_0039_0056.jpg 1 76 10 39 56
0456_0031_0007_0043_0062.jpg 1 31 7 43 62
0457_0044_0018_0049_0070.jpg 1 44 18 49 70
0458_0031_0022_0051_0074.jpg 1 31 22 51 74
0459_0072_0039_0041_0059.jpg 1 72 39 41 59
0460_0095_0027_0052_0074.jpg 1 95 27 52 74
0461_0129_0020_0044_0064.jpg 1 129 20 44 64
0462_0135_0008_0040_0057.jpg 1 135 8 40 57
0463_0056_0031_0039_0055.jpg 1 56 31 39 55
0464_0110_0010_0043_0061.jpg 1 110 10 43 61
0465_0139_0006_0037_0053.jpg 1 139 6 37 53
0466_0087_0013_0049_0070.jpg 1 87 13 49 70
0467_0035_0017_0037_0053.jpg 1 35 17 37 53
0468_0127_0020_0038_0054.jpg 1 127 20 38 54
0469_0030_0008_0042_0060.jpg 1 30 8 42 60
0470_0048_0025_0048_0068.jpg 1 48 25 48 68
0471_0113_0004_0045_0065.jpg 1 113 4 45 65
0472_0029_0027_0050_0072.jpg 1 29 27 50 72
0473_0057_0004_0051_0073.jpg 1 57 4 51 73
0474_0016_0010_0035_0050.jpg 1 16 10 35 50
0475_0025_0013_0036_0052.jpg 1 25 13 36 52
0476_0070_0007_0048_0069.jpg 1 70 7 48 69
0477_0086_0013_0049_0070.jpg 1 86 13 49 70
0478_0098_0013_0041_0058.jpg 1 98 13 41 58
0479_0074_0029_0052_0074.jpg 1 74 29 52 74
0480_0100_0009_0045_0064.jpg 1 100 9 45 64
0481_0024_0015_0036_0052.jpg 1 24 15 36 52
0482_0026_0007_0047_0068.jpg 1 26 7 47 68
0483_0117_0023_0037_0054.jpg 1 117 23 37 54
0484_0093_0028_0048_0069.jpg 1 93 28 48 69
0485_0031_0023_0044_0063.jpg 1 31 23 44 63
0486_0106_0011_0050_0072.jpg 1 106 11 50 72
0487_0116_0027_0049_0070.jpg 1 116 27 49 70
0488_0027_0015_0052_0074.jpg 1 27 15 52 74
0489_0030_0018_0043_0062.jpg 1 30 18 43 62
0490_0092_0044_0040_0057.jpg 1 92 44 40 57
0491_0105_0009_0038_0054.jpg 1 105 9 38 54
0492_0029_0014_0039_0056.jpg 1 29 14 39 56
0493_0028_0034_0043_0062.jpg 1 28 34 43 62
0494_0057_0009_0046_0066.jpg 1 57 9 46 66
0495_0051_0022_0052_0075.jpg 1 51 22 52 75
0496_0084_0016_0036_0052.jpg 1 84 16 36 52
0497_0083_0026_0043_0062.jpg 1 83 26 43 62
0498_0048_0030_0043_0062.jpg 1 48 30 43 62
0499_0078_0012_0051_0073.jpg 1 78 12 51 73
0500_0026_0004_0052_0074.jpg 1 26 4 52 74
0501_0086_0032_0050_0071.jpg 1 86 32 50 71
0502_0080_0017_0048_0068.jpg 1 80 17 48 68
0503_0052_0027_0047_0068.jpg 1 52 27 47 68
0504_0131_0032_0037_0054.jpg 1 131 32 37 54
0505_0032_0028_0050_0072.jpg 1 32 28 50 72
0506_0079_0043_0039_0056.jpg 1 79 43 39 56
0507_0072_0027_0039_0056.jpg 1 72 27 39 56
0508_0053_0016_0049_0070.jpg 1 53 16 49 70
0509_0125_0022_0047_0067.jpg 1 125 22 47 67
0510_0075_0004_0048_0069.jpg 1 75 4 48 69
0511_0094_0011_0045_0065.jpg 1 94 11 45 65
0512_0086_0027_0048_0069.jpg 1 86 27 48 69
0513_0046_0034_0036_0052.jpg 1 46 34 36 52
0514_0089_0012_0047_0067.jpg 1 89 12 47 67
0515_0041_0031_0037_0053.jpg 1 41 31 37 53
0516_0057_0011_0044_0063.jpg 1 57 11 44 63
0517_0097_0025_0050_0071.jpg 1 97 25 50 71
0518_0090_0025_0040_0057.jpg 1 90 25 40 57
0519_0074_0020_0051_0073.jpg 1 74 20 51 73
0520_0104_0018_0050_0072.jpg 1 104 18 50 72
0521_0125_0031_0044_0063.jpg 1 125 31 44 63
0522_0051_0036_0047_0067.jpg 1 51 36 47 67
0523_0113_0027_0048_0068.jpg 1 113 27 48 68
0524_0104_0023_0051_0073.jpg 1 104 23 51 73
0525_0087_0018_0042_0060.jpg 1 87 18 42 60
0526_0015_0044_0040_0058.jpg 1 15 44 40 58
0527_0127_0010_0043_0061.jpg 1 127 10 43 61
0528_0117_0021_0037_0053.jpg 1 117 21 37 53
0529_0059_0016_0048_0068.jpg 1 59 16 48 68
0530_0053_0014_0038_0055.jpg 1 53 14 38 55
0531_0090_0012_0038_0055.jpg 1 90 12 38 55
0532_0133_0019_0037_0054.jpg 1 133 19 37 54
0533_0043_0030_0041_0059.jpg 1 43 30 41 59
0534_0126_0029_0048_0069.jpg 1 126 29 48 69
0535_0061_0017_0050_0071.jpg 1 61 17 50 71
0536_0016_0023_0036_0051.jpg 1 16 23 36 51
0537_0112_0015_0047_0067.jpg 1 112 15 47 67
0538_0118_0040_0036_0052.jpg 1 118 40 36 52
0539_0027_0033_0037_0053.jpg 1 27 33 37 53
0540_0028_0032_0037_0053.jpg 1 28 32 37 53
0541_0026_0016_0052_0074.jpg 1 26 16 52 74
0542_0083_0033_0035_0050.jpg 1 83 33 35 50
0543_0074_0038_0045_0065.jpg 1 74 38 45 65
0544_0072_0044_0036_0051.jpg 1 72 44 36 51
0545_0017_0042_0039_0055.jpg 1 17 42 39 55
0546_0030_0032_0035_0051.jpg 1 30 32 35 51
0547_0051_0028_0046_0066.jpg 1 51 28 46 66
0548_0085_0015_0043_0062.jpg 1 85 15 43 62
0549_0048_0018_0035_0051.jpg 1 48 18 35 51
0550_0019_0028_0050_0072.jpg 1 19 28 50 72
0551_0072_0029_0044_0064.jpg 1 72 29 44 64
0552_0039_0020_0048_0069.jpg 1 39 20 48 69
0553_0028_0016_0043_0061.jpg 1 28 16 43 61
0554_0088_0029_0051_0073.jpg 1 88 29 51 73
0555_0119_0009_0049_0071.jpg 1 119 9 49 71
0556_0081_0009_0040_0058.jpg 1 81 9 40 58
0557_0088_0036_0043_0062.jpg 1 88 36 43 62
0558_0116_0019_0039_0056.jpg 1 116 19 39 56
0559_0111_0024_0041_0059.jpg 1 111 24 41 59
0560_0081_0040_0043_0061.jpg 1 81 40 43 61
0561_0095_0035_0044_0063.jpg 1 95 35 44 63
0562_0127_0038_0044_0063.jpg 1 127 38 44 63
0563_0036_0043_0038_0054.jpg 1 36 43 38 54
0564_0046_0017_0050_0071.jpg 1 46 17 50 71
0565_0093_0038_0042_0060.jpg 1 93 38 42 60
0566_0115_0031_0043_0062.jpg 1 115 31 43 62
0567_0032_0014_0052_0074.jpg 1 32 14 52 74
0568_0042_0015_0035_0051.jpg 1 42 15 35 51
0569_0113_0034_0048_0069.jpg 1 113 34 48 69
0570_0107_0038_0044_0063.jpg 1 107 38 44 63
0571_0030_0012_0051_0073.jpg 1 30 12 51 73
0572_0122_0010_0047_0068.jpg 1 122 10 47 68
0573_0101_0013_0041_0059.jpg 1 101 13 41 59
0574_0112_0004_0051_0073.jpg 1 112 4 51 73
0575_0094_0011_0051_0073.jpg 1 94 11 51 73
0576_0125_0039_0045_0064.jpg 1 125 39 45 64
0577_0053_0035_0039_0056.jpg 1 53 35 39 56
0578_0125_0021_0035_0051.jpg 1 125 21 35 51
0579_0033_0030_0039_0056.jpg 1 33 30 39 56
0580_0022_0035_0047_0067.jpg 1 22 35 47 67
0581_0115_0019_0049_0071.jpg 1 115 19 49 71
0582_0073_0039_0041_0058.jpg 1 73 39 41 58
0583_0061_0005_0040_0057.jpg 1 61 5 40 57
0584_0065_0030_0044_0063.jpg 1 65 30 44 63
0585_0048_0033_0044_0063.jpg 1 48 33 44 63
0586_0105_0004_0045_0064.jpg 1 105 4 45 64
0587_0078_0045_0035_0050.jpg 1 78 45 35 50
0588_0098_0031_0044_0063.jpg 1 98 31 44 63
0589_0067_0011_0036_0052.jpg 1 67 11 36 52
0590_0091_0014_0046_0067.jpg 1 91 14 46 67
0591_0111_0015_0047_0068.jpg 1 111 15 47 68
0592_0097_0025_0045_0065.jpg 1 97 25 45 65
0593_0042_0009_0035_0050.jpg 1 42 9 35 50
0594_0123_0029_0046_0066.jpg 1 123 29 46 66
0595_0082_0010_0041_0059.jpg 1 82 10 41 59
0596_0118_0016_0049_0071.jpg 1 118 16 49 71
0597_0052_0027_0051_0073.jpg 1 52 27 51 73
0598_0036_0004_0050_0071.jpg 1 36 4 50 71
0599_0066_0023_0047_0068.jpg 1 66 23 47 68
0600_0063_0028_0044_0064.jpg 1 63 28 44 64
0601_0120_0025_0043_0061.jpg 1 120 25 43 61
0602_0079_0031_0040_0058.jpg 1 79 31 40 58
0603_0117_0046_0039_0056.jpg 1 117 46 39 56
0604_0016_0039_0039_0056.jpg 1 16 39 39 56
0605_0027_0030_0046_0066.jpg 1 27 30 46 66
0606_0093_0027_0048_0069.jpg 1 93 27 48 69
0607_0065_0011_0043_0062.jpg 1 65 11 43 62
0608_0059_0007_0042_0061.jpg 1 59 7 42 61
0609_0054_0028_0049_0070.jpg 1 54 28 49 70
0610_0068_0032_0049_0071.jpg 1 68 32 49 71
0611_0104_0025_0051_0073.jpg 1 104 25 51 73
0612_0057_0015_0036_0052.jpg 1 57 15 36 52
0613_0091_0012_0047_0068.jpg 1 91 12 47 68
0614_0085_0029_0051_0072.jpg 1 85 29 51 72
0615_0051_0018_0052_0075.jpg 1 51 18 52 75
0616_0098_0005_0046_0066.jpg 1 98 5 46 66
0617_0122_0028_0049_0070.jpg 1 122 28 49 70
0618_0117_0033_0044_0063.jpg 1 117 33 44 63
0619_0049_0037_0046_0066.jpg 1 49 37 46 66
0620_0059_0021_0038_0055.jpg 1 59 21 38 55
0621_0126_0017_0050_0072.jpg 1 126 17 50 72
0622_0116_0035_0047_0068.jpg 1 116 35 47 68
0623_0044_0022_0045_0065.jpg 1 44 22 45 65
0624_0086_0020_0051_0074.jpg 1 86 20 51 74
0625_0039_0013_0044_0063.jpg 1 39 13 44 63
0626_0053_0014_0037_0053.jpg 1 53 14 37 53
0627_0131_0019_0045_0064.jpg 1 131 19 45 64
0628_0066_0009_0035_0051.jpg 1 66 9 35 51
0629_0080_0032_0039_0055.jpg 1 80 32 39 55
0630_0121_0030_0042_0060.jpg 1 121 30 42 60
0631_0073_0045_0039_0056.jpg 1 73 45 39 56
0632_0081_0025_0048_0068.jpg 1 81 25 48 68
0633_0044_0020_0046_0066.jpg 1 44 20 46 66
0634_0055_0010_0047_0068.jpg 1 55 10 47 68
0635_0126_0023_0046_0066.jpg 1 126 23 46 66
0636_0054_0017_0037_0053.jpg 1 54 17 37 53
0637_0031_0026_0046_0066.jpg 1 31 26 46 66
0638_0112_0031_0048_0069.jpg 1 112 31 48 69
0639_0036_0024_0052_0074.jpg 1 36 24 52 74
0640_0051_0018_0048_0069.jpg 1 51 18 48 69
0641_0135_0042_0038_0055.jpg 1 135 42 38 55
0642_0023_0014_0035_0051.jpg 1 23 14 35 51
0643_0057_0004_0047_0068.jpg 1 57 4 47 68
0644_0107_0015_0052_0075.jpg 1 107 15 52 75
0645_0126_0027_0045_0065.jpg 1 126 27 45 65
0646_0071_0014_0045_0064.jpg 1 71 14 45 64
0647_0032_0026_0050_0071.jpg 1 32 26 50 71
0648_0120_0006_0044_0063.jpg 1 120 6 44 63
0649_0047_0013_0043_0061.jpg 1 47 13 43 61
0650_0105_0021_0037_0053.jpg 1 105 21 37 53
0651_0042_0012_0037_0053.jpg 1 42 12 37 53
0652_0127_0037_0037_0054.jpg 1 127 37 37 54
0653_0049_0023_0038_0054.jpg 1 49 23 38 54
0654_0029_0033_0047_0067.jpg 1 29 33 47 67
0655_0128_0027_0043_0062.jpg 1 128 27 43 62
0656_0037_0003_0052_0074.jpg 1 37 3 52 74
0657_0092_0008_0050_0072.jpg 1 92 8 50 72
0658_0054_0004_0052_0074.jpg 1 54 4 52 74
0659_0026_0026_0048_0068.jpg 1 26 26 48 68
0660_0021_0022_0048_0069.jpg 1 21 22 48 69
0661_0107_0015_0045_0064.jpg 1 107 15 45 64
0662_0107_0007_0035_0050.jpg 1 107 7 35 50
0663_0023_0037_0046_0065.jpg 1 23 37 46 65
0664_0026_0019_0047_0067.jpg 1 26 19 47 67
0665_0054_0008_0048_0069.jpg 1 54 8 48 69
0666_0034_0011_0043_0061.jpg 1 34 11 43 61
0667_0063_0006_0049_0070.jpg 1 63 6 49 70
0668_0028_0039_0038_0055.jpg 1 28 39 38 55
0669_0019_0020_0039_0056.jpg 1 19 20 39 56
0670_0022_0034_0049_0070.jpg 1 22 34 49 70
0671_0093_0012_0035_0050.jpg 1 93 12 35 50
0672_0037_0038_0037_0054.jpg 1 37 38 37 54
0673_0098_0019_0048_0068.jpg 1 98 19 48 68
0674_0015_0020_0043_0061.jpg 1 15 20 43 61
0675_0124_0040_0039_0057.jpg 1 124 40 39 57
0676_0029_0015_0037_0053.jpg 1 29 15 37 53
0677_0032_0010_0050_0072.jpg 1 32 10 50 72
0678_0065_0022_0045_0065.jpg 1 65 22 45 65
0679_0023_0030_0040_0057.jpg 1 23 30 40 57
0680_0120_0029_0042_0061.jpg 1 120 29 42 61
0681_0058_0032_0047_0067.jpg 1 58 32 47 67
0682_0047_0023_0040_0057.jpg 1 47 23 40 57
0683_0116_0012_0049_0070.jpg 1 116 12 49 70
0684_0077_0021_0045_0065.jpg 1 77 21 45 65
0685_0134_0025_0040_0057.jpg 1 134 25 40 57
0686_0039_0012_0044_0063.jpg 1 39 12 44 63
0687_0078_0018_0044_0063.jpg 1 78 18 44 63
0688_0112_0035_0045_0064.jpg 1 112 35 45 64
0689_0015_0019_0046_0065.jpg 1 15 19 46 65
0690_0124_0018_0038_0054.jpg 1 124 18 38 54
0691_0084_0011_0047_0067.jpg 1 84 11 47 67
0692_0110_0004_0051_0073.jpg 1 110 4 51 73
0693_0067_0013_0042_0060.jpg 1 67 13 42 60
0694_0107_0043_0038_0054.jpg 1 107 43 38 54
0695_0073_0006_0048_0069.jpg 1 73 6 48 69
0696_0079_0017_0046_0066.jpg 1 79 17 46 66
0697_0124_0008_0052_0074.jpg 1 124 8 52 74
0698_0127_0039_0035_0050.jpg 1 127 39 35 50
0699_0083_0021_0047_0068.jpg 1 83 21 47 68
0700_0117_0016_0036_0051.jpg 1 117 16 36 51
0701_0078_0021_0050_0072.jpg 1 78 21 50 72
0702_0030_0036_0044_0063.jpg 1 30 36 44 63
0703_0103_0038_0041_0059.jpg 1 103 38 41 59
0704_0046_0036_0042_0061.jpg 1 46 36 42 61
0705_0074_0022_0041_0059.jpg 1 74 22 41 59
0706_0045_0019_0051_0073.jpg 1 45 19 51 73
0707_0068_0020_0049_0070.jpg 1 68 20 49 70
0708_0046_0005_0042_0061.jpg 1 46 5 42 61
0709_0032_0020_0052_0074.jpg 1 32 20 52 74
0710_0055_0004_0044_0063.jpg 1 55 4 44 63
0711_0047_0026_0038_0054.jpg 1 47 26 38 54
0712_0125_0010_0051_0073.jpg 1 125 10 51 73
0713_0101_0025_0046_0065.jpg 1 101 25 46 65
0714_0130_0028_0043_0062.jpg 1 130 28 43 62
0715_0050_0032_0047_0067.jpg 1 50 32 47 67
0716_0063_0034_0041_0059.jpg 1 63 34 41 59
0717_0072_0014_0041_0058.jpg 1 72 14 41 58
0718_0090_0016_0041_0059.jpg 1 90 16 41 59
0719_0092_0018_0039_0056.jpg 1 92 18 39 56
0720_0037_0040_0042_0060.jpg 1 37 40 42 60
0721_0046_0035_0040_0058.jpg 1 46 35 40 58
0722_0110_0033_0035_0051.jpg 1 110 33 35 51
0723_0089_0004_0045_0065.jpg 1 89 4 45 65
0724_0068_0051_0035_0050.jpg 1 68 51 35 50
0725_0120_0028_0045_0065.jpg 1 120 28 45 65
0726_0120_0025_0037_0053.jpg 1 120 25 37 53
0727_0038_0010_0050_0072.jpg 1 38 10 50 72
0728_0042_0009_0048_0069.jpg 1 42 9 48 69
0729_0123_0029_0040_0057.jpg 1 123 29 40 57
0730_0053_0035_0048_0068.jpg 1 53 35 48 68
0731_0094_0011_0044_0063.jpg 1 94 11 44 63
0732_0031_0030_0036_0052.jpg 1 31 30 36 52
0733_0021_0010_0041_0059.jpg 1 21 10 41 59
0734_0121_0016_0048_0069.jpg 1 121 16 48 69
0735_0095_0021_0035_0050.jpg 1 95 21 35 50
0736_0076_0017_0036_0052.jpg 1 76 17 36 52
0737_0048_0026_0046_0066.jpg 1 48 26 46 66
0738_0036_0041_0035_0050.jpg 1 36 41 35 50
0739_0015_0017_0041_0059.jpg 1 15 17 41 59
0740_0031_0013_0042_0061.jpg 1 31 13 42 61
0741_0090_0038_0038_0054.jpg 1 90 38 38 54
0742_0065_0009_0038_0054.jpg 1 65 9 38 54
0743_0133_0023_0041_0059.jpg 1 133 23 41 59
0744_0108_0007_0052_0075.jpg 1 108 7 52 75
0745_0131_0015_0039_0056.jpg 1 131 15 39 56
0746_0078_0023_0045_0064.jpg 1 78 23 45 64
0747_0083_0028_0043_0061.jpg 1 83 28 43 61
0748_0114_0021_0045_0064.jpg 1 114 21 45 64
0749_0094_0025_0038_0055.jpg 1 94 25 38 55
0750_0033_0011_0052_0074.jpg 1 33 11 52 74
0751_0133_0029_0037_0053.jpg 1 133 29 37 53
0752_0061_0016_0047_0068.jpg 1 61 16 47 68
0753_0033_0031_0047_0068.jpg 1 33 31 47 68
0754_0054_0004_0052_0074.jpg 1 54 4 52 74
0755_0101_0045_0037_0052.jpg 1 101 45 37 52
0756_0061_0021_0049_0071.jpg 1 61 21 49 71
0757_0115_0048_0038_0054.jpg 1 115 48 38 54
0758_0081_0022_0051_0073.jpg 1 81 22 51 73
0759_0102_0008_0041_0059.jpg 1 102 8 41 59
0760_0086_0008_0047_0067.jpg 1 86 8 47 67
0761_0091_0011_0052_0074.jpg 1 91 11 52 74
0762_0111_0012_0040_0057.jpg 1 111 12 40 57
0763_0070_0014_0045_0065.jpg 1 70 14 45 65
0764_0136_0039_0035_0050.jpg 1 136 39 35 50
0765_0099_0010_0046_0065.jpg 1 99 10 46 65
0766_0080_0017_0039_0056.jpg 1 80 17 39 56
0767_0114_0036_0043_0062.jpg 1 114 36 43 62
0768_0059_0031_0040_0057.jpg 1 59 31 40 57
0769_0098_0039_0038_0054.jpg 1 98 39 38 54
0770_0044_0021_0051_0073.jpg 1 44 21 51 73
0771_0071_0005_0048_0069.jpg 1 71 5 48 69
0772_0074_0024_0042_0061.jpg 1 74 24 42 61
0773_0049_0028_0042_0060.jpg 1 49 28 42 60
0774_0091_0011_0047_0067.jpg 1 91 11 47 67
0775_0091_0019_0035_0050.jpg 1 91 19 35 50
0776_0125_0042_0037_0053.jpg 1 125 42 37 53
0777_0085_0005_0048_0069.jpg 1 85 5 48 69
0778_0038_0037_0045_0064.jpg 1 38 37 45 64
0779_0064_0037_0046_0066.jpg 1 64 37 46 66
0780_0044_0022_0047_0067.jpg 1 44 22 47 67
0781_0034_0004_0047_0067.jpg 1 34 4 47 67
0782_0074_0009_0050_0072.jpg 1 74 9 50 72
0783_0121_0022_0043_0061.jpg 1 121 22 43 61
0784_0036_0022_0036_0052.jpg 1 36 22 36 52
0785_0111_0006_0049_0070.jpg 1 111 6 49 70
0786_0064_0049_0035_0050.jpg 1 64 49 35 50
0787_0046_0036_0040_0057.jpg 1 46 36 40 57
0788_0101_0011_0042_0060.jpg 1 101 11 42 60
0789_0120_0041_0036_0052.jpg 1 120 41 36 52
0790_0041_0013_0043_0062.jpg 1 41 13 43 62
0791_0097_0043_0038_0055.jpg 1 97 43 38 55
0792_0091_0010_0040_0057.jpg 1 91 10 40 57
0793_0050_0024_0046_0065.jpg 1 50 24 46 65
0794_0135_0031_0038_0054.jpg 1 135 31 38 54
0795_0053_0031_0040_0057.jpg 1 53 31 40 57
0796_0049_0039_0041_0058.jpg 1 49 39 41 58
0797_0065_0011_0048_0069.jpg 1 65 11 48 69
0798_0066_0032_0045_0065.jpg 1 66 32 45 65
0799_0086_0019_0039_0056.jpg 1 86 19 39 56
0800_0122_0019_0046_0066.jpg 1 122 19 46 66
0801_0038_0029_0040_0057.jpg 1 38 29 40 57
0802_0131_0017_0039_0057.jpg 1 131 17 39 57
0803_0135_0018_0036_0051.jpg 1 135 18 36 51
0804_0018_0013_0038_0054.jpg 1 18 13 38 54
0805_0120_0009_0045_0064.jpg 1 120 9 45 64
0806_0060_0028_0045_0064.jpg 1 60 28 45 64
0807_0132_0035_0035_0050.jpg 1 132 35 35 50
0808_0078_0027_0050_0071.jpg 1 78 27 50 71
0809_0041_0025_0044_0063.jpg 1 41 25 44 63
0810_0090_0047_0037_0052.jpg 1 90 47 37 52
0811_0030_0012_0051_0073.jpg 1 30 12 51 73
0812_0050_0012_0051_0073.jpg 1 50 12 51 73
0813_0056_0018_0035_0051.jpg 1 56 18 35 51
