0001_0110_0016_0043_0062.jpg 1 110 16 43 62
0002_0061_0027_0048_0069.jpg 1 61 27 48 69
0003_0110_0013_0045_0065.jpg 1 110 13 45 65
0004_0105_0029_0035_0051.jpg 1 105 29 35 51
0005_0053_0024_0049_0070.jpg 1 53 24 49 70
0006_0079_0009_0048_0069.jpg 1 79 9 48 69
0007_0100_0009_0051_0074.jpg 1 100 9 51 74
0008_0105_0031_0035_0051.jpg 1 105 31 35 51
0009_0061_0004_0051_0074.jpg 1 61 4 51 74
0010_0055_0007_0050_0071.jpg 1 55 7 50 71
0011_0064_0014_0048_0069.jpg 1 64 14 48 69
0012_0098_0023_0048_0069.jpg 1 98 23 48 69
0013_0035_0009_0048_0069.jpg 1 35 9 48 69
0014_0092_0017_0041_0058.jpg 1 92 17 41 58
0015_0082_0020_0035_0050.jpg 1 82 20 35 50
0016_0049_0020_0049_0070.jpg 1 49 20 49 70
0017_0127_0031_0035_0050.jpg 1 127 31 35 50
0018_0072_0027_0036_0051.jpg 1 72 27 36 51
0019_0091_0021_0048_0069.jpg 1 91 21 48 69
0020_0047_0026_0041_0058.jpg 1 47 26 41 58
0021_0038_0022_0050_0071.jpg 1 38 22 50 71
0022_0089_0014_0049_0071.jpg 1 89 14 49 71
0023_0085_0042_0041_0059.jpg 1 85 42 41 59
0024_0056_0014_0041_0058.jpg 1 56 14 41 58
0025_0101_0044_0036_0051.jpg 1 101 44 36 51
0026_0021_0022_0038_0054.jpg 1 21 22 38 54
0027_0088_0025_0048_0068.jpg 1 88 25 48 68
0028_0105_0036_0042_0060.jpg 1 105 36 42 60
0029_0085_0021_0041_0059.jpg 1 85 21 41 59
0030_0125_0026_0047_0067.jpg 1 125 26 47 67
0031_0115_0014_0052_0074.jpg 1 115 14 52 74
0032_0017_0008_0040_0057.jpg 1 17 8 40 57
0033_0115_0026_0041_0058.jpg 1 115 26 41 58
0034_0071_0027_0036_0052.jpg 1 71 27 36 52
0035_0115_0011_0045_0064.jpg 1 115 11 45 64
0036_0064_0010_0047_0067.jpg 1 64 10 47 67
0037_0042_0026_0051_0074.jpg 1 42 26 51 74
0038_0112_0041_0038_0055.jpg 1 112 41 38 55
0039_0048_0013_0046_0066.jpg 1 48 13 46 66
0040_0037_0004_0048_0068.jpg 1 37 4 48 68
0041_0036_0023_0051_0073.jpg 1 36 23 51 73
0042_0097_0020_0038_0055.jpg 1 97 20 38 55
0043_0053_0043_0035_0051.jpg 1 53 43 35 51
0044_0113_0008_0050_0072.jpg 1 113 8 50 72
0045_0109_0015_0045_0065.jpg 1 109 15 45 65
0046_0063_0025_0049_0070.jpg 1 63 25 49 70
0047_0026_0019_0037_0053.jpg 1 26 19 37 53
0048_0084_0039_0035_0050.jpg 1 84 39 35 50
0049_0057_0022_0042_0060.jpg 1 57 22 42 60
0050_0029_0037_0042_0061.jpg 1 29 37 42 61
0051_0130_0006_0039_0056.jpg 1 130 6 39 56
0052_0026_0010_0038_0055.jpg 1 26 10 38 55
0053_0048_0047_0036_0051.jpg 1 48 47 36 51
0054_0059_0047_0038_0055.jpg 1 59 47 38 55
0055_0050_0019_0049_0071.jpg 1 50 19 49 71
0056_0020_0015_0046_0066.jpg 1 20 15 46 66
0057_0032_0037_0043_0061.jpg 1 32 37 43 61
0058_0026_0012_0043_0061.jpg 1 26 12 43 61
0059_0062_0025_0047_0067.jpg 1 62 25 47 67
0060_0015_0018_0045_0065.jpg 1 15 18 45 65
0061_0042_0033_0037_0052.jpg 1 42 33 37 52
0062_0068_0012_0038_0055.jpg 1 68 12 38 55
0063_0027_0029_0050_0072.jpg 1 27 29 50 72
0064_0054_0022_0052_0074.jpg 1 54 22 52 74
0065_0055_0017_0052_0075.jpg 1 55 17 52 75
0066_0115_0011_0037_0053.jpg 1 115 11 37 53
0067_0117_0028_0051_0073.jpg 1 117 28 51 73
0068_0091_0020_0039_0056.jpg 1 91 20 39 56
0069_0027_0027_0040_0057.jpg 1 27 27 40 57
0070_0132_0021_0035_0051.jpg 1 132 21 35 51
0071_0053_0020_0046_0066.jpg 1 53 20 46 66
0072_0104_0006_0043_0062.jpg 1 104 6 43 62
0073_0031_0040_0036_0051.jpg 1 31 40 36 51
0074_0040_0013_0040_0057.jpg 1 40 13 40 57
0075_0022_0015_0036_0052.jpg 1 22 15 36 52
0076_0132_0050_0036_0051.jpg 1 132 50 36 51
0077_0081_0023_0050_0072.jpg 1 81 23 50 72
0078_0081_0010_0044_0062.jpg 1 81 10 44 62
0079_0124_0008_0052_0074.jpg 1 124 8 52 74
0080_0041_0024_0038_0054.jpg 1 41 24 38 54
0081_0120_0004_0050_0072.jpg 1 120 4 50 72
0082_0041_0010_0044_0064.jpg 1 41 10 44 64
0083_0065_0024_0051_0073.jpg 1 65 24 51 73
0084_0048_0018_0049_0070.jpg 1 48 18 49 70
0085_0105_0007_0050_0072.jpg 1 105 7 50 72
0086_0108_0042_0035_0051.jpg 1 108 42 35 51
0087_0048_0015_0036_0052.jpg 1 48 15 36 52
0088_0107_0019_0048_0069.jpg 1 107 19 48 69
0089_0133_0039_0042_0061.jpg 1 133 39 42 61
0090_0035_0017_0043_0061.jpg 1 35 17 43 61
0091_0095_0038_0039_0056.jpg 1 95 38 39 56
0092_0106_0043_0040_0057.jpg 1 106 43 40 57
0093_0020_0019_0040_0057.jpg 1 20 19 40 57
0094_0116_0033_0045_0064.jpg 1 116 33 45 64
0095_0070_0008_0050_0072.jpg 1 70 8 50 72
0096_0041_0027_0046_0066.jpg 1 41 27 46 66
0097_0065_0026_0044_0064.jpg 1 65 26 44 64
0098_0051_0004_0052_0074.jpg 1 51 4 52 74
0099_0081_0011_0049_0070.jpg 1 81 11 49 70
0100_0096_0013_0040_0058.jpg 1 96 13 40 58
0101_0084_0048_0037_0053.jpg 1 84 48 37 53
0102_0112_0010_0044_0063.jpg 1 112 10 44 63
0103_0046_0040_0039_0056.jpg 1 46 40 39 56
0104_0018_0009_0043_0062.jpg 1 18 9 43 62
0105_0086_0005_0051_0073.jpg 1 86 5 51 73
0106_0049_0014_0041_0059.jpg 1 49 14 41 59
0107_0120_0020_0046_0066.jpg 1 120 20 46 66
0108_0059_0020_0036_0051.jpg 1 59 20 36 51
0109_0078_0015_0052_0075.jpg 1 78 15 52 75
0110_0121_0031_0049_0070.jpg 1 121 31 49 70
0111_0118_0015_0051_0073.jpg 1 118 15 51 73
0112_0098_0011_0047_0067.jpg 1 98 11 47 67
0113_0051_0026_0050_0072.jpg 1 51 26 50 72
0114_0118_0029_0036_0052.jpg 1 118 29 36 52
0115_0079_0047_0038_0055.jpg 1 79 47 38 55
0116_0092_0018_0047_0068.jpg 1 92 18 47 68
0117_0018_0030_0046_0066.jpg 1 18 30 46 66
0118_0052_0013_0048_0068.jpg 1 52 13 48 68
0119_0024_0012_0042_0061.jpg 1 24 12 42 61
0120_0091_0015_0050_0072.jpg 1 91 15 50 72
0121_0056_0039_0039_0056.jpg 1 56 39 39 56
0122_0130_0021_0043_0062.jpg 1 130 21 43 62
0123_0049_0041_0039_0056.jpg 1 49 41 39 56
0124_0037_0022_0050_0072.jpg 1 37 22 50 72
0125_0071_0024_0041_0059.jpg 1 71 24 41 59
0126_0046_0027_0047_0067.jpg 1 46 27 47 67
0127_0103_0042_0039_0055.jpg 1 103 42 39 55
0128_0043_0023_0049_0070.jpg 1 43 23 49 70
0129_0024_0006_0043_0062.jpg 1 24 6 43 62
0130_0072_0006_0035_0051.jpg 1 72 6 35 51
0131_0071_0011_0044_0063.jpg 1 71 11 44 63
0132_0104_0026_0040_0057.jpg 1 104 26 40 57
0133_0026_0041_0039_0055.jpg 1 26 41 39 55
0134_0040_0035_0047_0068.jpg 1 40 35 47 68
0135_0069_0018_0043_0062.jpg 1 69 18 43 62
0136_0028_0015_0043_0062.jpg 1 28 15 43 62
0137_0026_0043_0036_0051.jpg 1 26 43 36 51
0138_0098_0030_0036_0052.jpg 1 98 30 36 52
0139_0087_0030_0048_0069.jpg 1 87 30 48 69
0140_0081_0017_0047_0067.jpg 1 81 17 47 67
0141_0034_0038_0043_0062.jpg 1 34 38 43 62
0142_0116_0020_0047_0067.jpg 1 116 20 47 67
0143_0065_0029_0043_0062.jpg 1 65 29 43 62
0144_0097_0039_0040_0058.jpg 1 97 39 40 58
0145_0063_0030_0050_0072.jpg 1 63 30 50 72
0146_0061_0013_0043_0061.jpg 1 61 13 43 61
0147_0053_0049_0036_0051.jpg 1 53 49 36 51
0148_0103_0032_0036_0051.jpg 1 103 32 36 51
0149_0134_0013_0037_0053.jpg 1 134 13 37 53
0150_0105_0018_0051_0073.jpg 1 105 18 51 73
0151_0026_0016_0044_0062.jpg 1 26 16 44 62
0152_0060_0036_0035_0051.jpg 1 60 36 35 51
0153_0058_0024_0048_0068.jpg 1 58 24 48 68
0154_0127_0012_0047_0068.jpg 1 127 12 47 68
0155_0075_0026_0047_0068.jpg 1 75 26 47 68
0156_0040_0022_0052_0075.jpg 1 40 22 52 75
0157_0105_0039_0035_0050.jpg 1 105 39 35 50
0158_0130_0039_0035_0051.jpg 1 130 39 35 51
0159_0045_0027_0051_0073.jpg 1 45 27 51 73
0160_0103_0007_0045_0064.jpg 1 103 7 45 64
0161_0063_0010_0052_0075.jpg 1 63 10 52 75
0162_0118_0015_0039_0056.jpg 1 118 15 39 56
0163_0035_0028_0048_0069.jpg 1 35 28 48 69
0164_0074_0006_0042_0060.jpg 1 74 6 42 60
0165_0123_0010_0042_0060.jpg 1 123 10 42 60
0166_0138_0023_0037_0053.jpg 1 138 23 37 53
0167_0104_0022_0046_0066.jpg 1 104 22 46 66
0168_0024_0005_0041_0058.jpg 1 24 5 41 58
0169_0063_0037_0042_0060.jpg 1 63 37 42 60
0170_0028_0007_0044_0064.jpg 1 28 7 44 64
0171_0082_0018_0043_0062.jpg 1 82 18 43 62
0172_0109_0014_0035_0050.jpg 1 109 14 35 50
0173_0094_0013_0043_0061.jpg 1 94 13 43 61
0174_0135_0046_0039_0056.jpg 1 135 46 39 56
0175_0047_0008_0037_0054.jpg 1 47 8 37 54
0176_0041_0033_0038_0054.jpg 1 41 33 38 54
0177_0115_0006_0052_0074.jpg 1 115 6 52 74
0178_0119_0014_0039_0056.jpg 1 119 14 39 56
0179_0084_0021_0049_0071.jpg 1 84 21 49 71
0180_0018_0012_0052_0075.jpg 1 18 12 52 75
0181_0118_0038_0038_0055.jpg 1 118 38 38 55
0182_0051_0043_0037_0053.jpg 1 51 43 37 53
0183_0080_0011_0047_0067.jpg 1 80 11 47 67
0184_0133_0009_0036_0051.jpg 1 133 9 36 51
0185_0105_0026_0035_0050.jpg 1 105 26 35 50
0186_0041_0025_0037_0053.jpg 1 41 25 37 53
0187_0024_0010_0043_0062.jpg 1 24 10 43 62
0188_0062_0034_0046_0066.jpg 1 62 34 46 66
0189_0091_0032_0049_0070.jpg 1 91 32 49 70
0190_0098_0008_0035_0050.jpg 1 98 8 35 50
0191_0093_0026_0039_0056.jpg 1 93 26 39 56
0192_0077_0042_0039_0056.jpg 1 77 42 39 56
0193_0026_0013_0047_0067.jpg 1 26 13 47 67
0194_0059_0008_0043_0062.jpg 1 59 8 43 62
0195_0095_0047_0037_0053.jpg 1 95 47 37 53
0196_0124_0014_0037_0054.jpg 1 124 14 37 54
0197_0129_0014_0036_0051.jpg 1 129 14 36 51
0198_0072_0035_0047_0067.jpg 1 72 35 47 67
0199_0068_0029_0047_0067.jpg 1 68 29 47 67
0200_0093_0016_0039_0056.jpg 1 93 16 39 56
0201_0023_0021_0043_0062.jpg 1 23 21 43 62
0202_0025_0015_0052_0074.jpg 1 25 15 52 74
0203_0131_0007_0045_0065.jpg 1 131 7 45 65
0204_0108_0039_0035_0050.jpg 1 108 39 35 50
0205_0083_0016_0046_0065.jpg 1 83 16 46 65
0206_0062_0014_0039_0056.jpg 1 62 14 39 56
0207_0060_0008_0047_0068.jpg 1 60 8 47 68
0208_0027_0030_0043_0062.jpg 1 27 30 43 62
0209_0095_0031_0041_0058.jpg 1 95 31 41 58
0210_0038_0014_0046_0066.jpg 1 38 14 46 66
0211_0045_0019_0043_0061.jpg 1 45 19 43 61
0212_0110_0029_0052_0075.jpg 1 110 29 52 75
0213_0076_0013_0048_0068.jpg 1 76 13 48 68
0214_0025_0033_0042_0060.jpg 1 25 33 42 60
0215_0100_0041_0041_0059.jpg 1 100 41 41 59
0216_0103_0006_0047_0068.jpg 1 103 6 47 68
0217_0037_0019_0049_0070.jpg 1 37 19 49 70
0218_0137_0046_0037_0053.jpg 1 137 46 37 53
0219_0092_0034_0047_0067.jpg 1 92 34 47 67
0220_0106_0023_0045_0065.jpg 1 106 23 45 65
0221_0020_0017_0036_0052.jpg 1 20 17 36 52
0222_0046_0016_0052_0074.jpg 1 46 16 52 74
0223_0019_0017_0051_0073.jpg 1 19 17 51 73
0224_0070_0027_0047_0068.jpg 1 70 27 47 68
0225_0111_0021_0051_0073.jpg 1 111 21 51 73
0226_0058_0004_0046_0066.jpg 1 58 4 46 66
0227_0045_0012_0040_0057.jpg 1 45 12 40 57
0228_0095_0032_0048_0069.jpg 1 95 32 48 69
0229_0054_0025_0037_0053.jpg 1 54 25 37 53
0230_0033_0026_0035_0050.jpg 1 33 26 35 50
0231_0081_0035_0041_0059.jpg 1 81 35 41 59
0232_0075_0018_0047_0067.jpg 1 75 18 47 67
0233_0054_0023_0052_0074.jpg 1 54 23 52 74
0234_0073_0009_0039_0056.jpg 1 73 9 39 56
0235_0015_0023_0050_0071.jpg 1 15 23 50 71
0236_0092_0015_0043_0061.jpg 1 92 15 43 61
0237_0031_0020_0040_0057.jpg 1 31 20 40 57
0238_0041_0016_0051_0074.jpg 1 41 16 51 74
0239_0110_0036_0044_0063.jpg 1 110 36 44 63
0240_0056_0021_0049_0071.jpg 1 56 21 49 71
0241_0095_0041_0042_0060.jpg 1 95 41 42 60
0242_0023_0013_0051_0072.jpg 1 23 13 51 72
0243_0058_0015_0041_0058.jpg 1 58 15 41 58
0244_0097_0011_0037_0053.jpg 1 97 11 37 53
0245_0113_0018_0042_0061.jpg 1 113 18 42 61
0246_0036_0005_0044_0063.jpg 1 36 5 44 63
0247_0123_0030_0046_0066.jpg 1 123 30 46 66
0248_0020_0035_0047_0068.jpg 1 20 35 47 68
0249_0132_0039_0039_0056.jpg 1 132 39 39 56
0250_0060_0015_0037_0053.jpg 1 60 15 37 53
0251_0116_0047_0037_0053.jpg 1 116 47 37 53
0252_0052_0012_0051_0072.jpg 1 52 12 51 72
0253_0090_0034_0035_0050.jpg 1 90 34 35 50
0254_0018_0008_0048_0069.jpg 1 18 8 48 69
0255_0089_0014_0045_0065.jpg 1 89 14 45 65
0256_0049_0040_0037_0053.jpg 1 49 40 37 53
0257_0087_0021_0035_0050.jpg 1 87 21 35 50
0258_0108_0012_0049_0070.jpg 1 108 12 49 70
0259_0091_0032_0035_0050.jpg 1 91 32 35 50
0260_0108_0011_0035_0050.jpg 1 108 11 35 50
0261_0020_0036_0042_0061.jpg 1 20 36 42 61
0262_0112_0007_0044_0063.jpg 1 112 7 44 63
0263_0085_0006_0050_0072.jpg 1 85 6 50 72
0264_0018_0010_0044_0064.jpg 1 18 10 44 64
0265_0030_0044_0036_0052.jpg 1 30 44 36 52
0266_0051_0022_0044_0063.jpg 1 51 22 44 63
0267_0066_0007_0052_0074.jpg 1 66 7 52 74
0268_0017_0028_0041_0059.jpg 1 17 28 41 59
0269_0027_0032_0047_0067.jpg 1 27 32 47 67
0270_0132_0042_0038_0055.jpg 1 132 42 38 55
0271_0035_0015_0036_0052.jpg 1 35 15 36 52
0272_0125_0026_0039_0056.jpg 1 125 26 39 56
0273_0014_0020_0048_0069.jpg 1 14 20 48 69
0274_0084_0020_0039_0056.jpg 1 84 20 39 56
0275_0050_0008_0049_0070.jpg 1 50 8 49 70
0276_0115_0040_0037_0054.jpg 1 115 40 37 54
0277_0089_0006_0036_0052.jpg 1 89 6 36 52
0278_0055_0014_0048_0069.jpg 1 55 14 48 69
0279_0027_0019_0045_0064.jpg 1 27 19 45 64
0280_0030_0021_0049_0070.jpg 1 30 21 49 70
0281_0112_0032_0037_0053.jpg 1 112 32 37 53
0282_0018_0041_0042_0060.jpg 1 18 41 42 60
0283_0083_0015_0052_0074.jpg 1 83 15 52 74
0284_0101_0008_0039_0056.jpg 1 101 8 39 56
0285_0061_0005_0043_0061.jpg 1 61 5 43 61
0286_0094_0008_0047_0068.jpg 1 94 8 47 68
0287_0117_0011_0039_0056.jpg 1 117 11 39 56
0288_0100_0029_0043_0061.jpg 1 100 29 43 61
0289_0098_0045_0038_0054.jpg 1 98 45 38 54
0290_0023_0040_0041_0059.jpg 1 23 40 41 59
0291_0041_0034_0040_0057.jpg 1 41 34 40 57
0292_0019_0046_0035_0050.jpg 1 19 46 35 50
0293_0114_0011_0051_0073.jpg 1 114 11 51 73
0294_0019_0031_0043_0061.jpg 1 19 31 43 61
0295_0104_0005_0045_0064.jpg 1 104 5 45 64
0296_0082_0020_0048_0069.jpg 1 82 20 48 69
0297_0019_0012_0041_0059.jpg 1 19 12 41 59
0298_0129_0037_0038_0054.jpg 1 129 37 38 54
0299_0123_0018_0044_0063.jpg 1 123 18 44 63
0300_0098_0012_0044_0063.jpg 1 98 12 44 63
0301_0030_0017_0045_0065.jpg 1 30 17 45 65
0302_0108_0013_0050_0072.jpg 1 108 13 50 72
0303_0019_0038_0045_0065.jpg 1 19 38 45 65
0304_0125_0009_0037_0053.jpg 1 125 9 37 53
0305_0117_0021_0045_0064.jpg 1 117 21 45 64
0306_0072_0029_0041_0059.jpg 1 72 29 41 59
0307_0082_0014_0043_0061.jpg 1 82 14 43 61
0308_0043_0013_0035_0050.jpg 1 43 13 35 50
0309_0017_0029_0049_0070.jpg 1 17 29 49 70
0310_0026_0009_0045_0064.jpg 1 26 9 45 64
0311_0040_0029_0040_0057.jpg 1 40 29 40 57
0312_0132_0048_0035_0050.jpg 1 132 48 35 50
0313_0120_0011_0041_0058.jpg 1 120 11 41 58
0314_0114_0009_0037_0053.jpg 1 114 9 37 53
0315_0070_0023_0035_0050.jpg 1 70 23 35 50
0316_0033_0038_0042_0060.jpg 1 33 38 42 60
0317_0070_0011_0052_0074.jpg 1 70 11 52 74
0318_0079_0025_0049_0071.jpg 1 79 25 49 71
0319_0048_0008_0048_0069.jpg 1 48 8 48 69
0320_0090_0034_0048_0069.jpg 1 90 34 48 69
0321_0102_0031_0048_0069.jpg 1 102 31 48 69
0322_0086_0017_0052_0074.jpg 1 86 17 52 74
0323_0020_0018_0040_0057.jpg 1 20 18 40 57
0324_0081_0034_0036_0051.jpg 1 81 34 36 51
0325_0094_0022_0038_0055.jpg 1 94 22 38 55
0326_0070_0023_0035_0050.jpg 1 70 23 35 50
0327_0129_0030_0048_0068.jpg 1 129 30 48 68
0328_0078_0015_0051_0072.jpg 1 78 15 51 72
0329_0025_0018_0038_0055.jpg 1 25 18 38 55
0330_0091_0030_0039_0056.jpg 1 91 30 39 56
0331_0060_0042_0040_0058.jpg 1 60 42 40 58
0332_0039_0039_0043_0061.jpg 1 39 39 43 61
0333_0118_0025_0051_0074.jpg 1 118 25 51 74
0334_0045_0015_0040_0058.jpg 1 45 15 40 58
0335_0025_0032_0041_0059.jpg 1 25 32 41 59
0336_0069_0027_0052_0075.jpg 1 69 27 52 75
0337_0024_0028_0051_0072.jpg 1 24 28 51 72
0338_0110_0033_0046_0065.jpg 1 110 33 46 65
0339_0127_0005_0050_0071.jpg 1 127 5 50 71
0340_0076_0011_0046_0065.jpg 1 76 11 46 65
0341_0021_0010_0036_0052.jpg 1 21 10 36 52
0342_0023_0014_0049_0071.jpg 1 23 14 49 71
0343_0120_0007_0051_0074.jpg 1 120 7 51 74
0344_0126_0028_0046_0066.jpg 1 126 28 46 66
0345_0049_0022_0050_0072.jpg 1 49 22 50 72
0346_0034_0008_0051_0073.jpg 1 34 8 51 73
0347_0054_0008_0051_0072.jpg 1 54 8 51 72
0348_0114_0020_0047_0068.jpg 1 114 20 47 68
0349_0051_0013_0050_0072.jpg 1 51 13 50 72
0350_0066_0023_0049_0070.jpg 1 66 23 49 70
0351_0051_0032_0037_0054.jpg 1 51 32 37 54
0352_0096_0030_0049_0070.jpg 1 96 30 49 70
0353_0081_0010_0038_0055.jpg 1 81 10 38 55
0354_0043_0013_0045_0064.jpg 1 43 13 45 64
0355_0053_0011_0041_0059.jpg 1 53 11 41 59
0356_0067_0028_0044_0063.jpg 1 67 28 44 63
0357_0020_0012_0035_0050.jpg 1 20 12 35 50
0358_0063_0017_0037_0053.jpg 1 63 17 37 53
0359_0017_0030_0035_0051.jpg 1 17 30 35 51
0360_0049_0021_0037_0053.jpg 1 49 21 37 53
0361_0106_0018_0047_0068.jpg 1 106 18 47 68
0362_0020_0038_0036_0051.jpg 1 20 38 36 51
0363_0031_0037_0036_0052.jpg 1 31 37 36 52
0364_0032_0035_0041_0059.jpg 1 32 35 41 59
0365_0025_0015_0037_0054.jpg 1 25 15 37 54
0366_0126_0017_0042_0060.jpg 1 126 17 42 60
0367_0119_0022_0045_0065.jpg 1 119 22 45 65
0368_0052_0015_0050_0072.jpg 1 52 15 50 72
0369_0040_0027_0039_0056.jpg 1 40 27 39 56
0370_0100_0029_0038_0055.jpg 1 100 29 38 55
0371_0050_0016_0051_0073.jpg 1 50 16 51 73
0372_0129_0014_0047_0068.jpg 1 129 14 47 68
0373_0016_0004_0050_0072.jpg 1 16 4 50 72
0374_0049_0008_0052_0074.jpg 1 49 8 52 74
0375_0070_0010_0043_0061.jpg 1 70 10 43 61
0376_0031_0014_0047_0067.jpg 1 31 14 47 67
0377_0130_0040_0043_0062.jpg 1 130 40 43 62
0378_0036_0037_0045_0065.jpg 1 36 37 45 65
0379_0063_0009_0041_0059.jpg 1 63 9 41 59
0380_0062_0030_0049_0070.jpg 1 62 30 49 70
0381_0049_0018_0050_0072.jpg 1 49 18 50 72
0382_0039_0032_0047_0067.jpg 1 39 32 47 67
0383_0089_0008_0036_0052.jpg 1 89 8 36 52
0384_0089_0020_0039_0056.jpg 1 89 20 39 56
0385_0136_0023_0039_0055.jpg 1 136 23 39 55
0386_0032_0007_0052_0075.jpg 1 32 7 52 75
0387_0023_0034_0041_0059.jpg 1 23 34 41 59
0388_0111_0034_0045_0065.jpg 1 111 34 45 65
0389_0016_0023_0044_0062.jpg 1 16 23 44 62
0390_0017_0016_0050_0071.jpg 1 17 16 50 71
0391_0049_0027_0036_0052.jpg 1 49 27 36 52
0392_0026_0017_0052_0074.jpg 1 26 17 52 74
0393_0073_0032_0045_0064.jpg 1 73 32 45 64
0394_0072_0028_0035_0051.jpg 1 72 28 35 51
0395_0116_0003_0051_0074.jpg 1 116 3 51 74
0396_0060_0022_0050_0072.jpg 1 60 22 50 72
0397_0029_0004_0044_0063.jpg 1 29 4 44 63
0398_0113_0021_0049_0070.jpg 1 113 21 49 70
0399_0120_0011_0045_0065.jpg 1 120 11 45 65
0400_0090_0012_0045_0065.jpg 1 90 12 45 65
0401_0111_0005_0047_0067.jpg 1 111 5 47 67
0402_0054_0016_0041_0059.jpg 1 54 16 41 59
0403_0031_0026_0049_0070.jpg 1 31 26 49 70
0404_0016_0020_0042_0060.jpg 1 16 20 42 60
0405_0087_0023_0044_0064.jpg 1 87 23 44 64
0406_0068_0008_0039_0056.jpg 1 68 8 39 56
0407_0021_0017_0039_0056.jpg 1 21 17 39 56
0408_0086_0015_0047_0068.jpg 1 86 15 47 68
0409_0079_0008_0049_0071.jpg 1 79 8 49 71
0410_0041_0036_0046_0066.jpg 1 41 36 46 66
0411_0078_0018_0049_0070.jpg 1 78 18 49 70
0412_0125_0012_0038_0054.jpg 1 125 12 38 54
0413_0082_0016_0051_0072.jpg 1 82 16 51 72
0414_0096_0029_0046_0066.jpg 1 96 29 46 66
0415_0124_0017_0045_0065.jpg 1 124 17 45 65
0416_0092_0022_0044_0063.jpg 1 92 22 44 63
0417_0094_0005_0049_0070.jpg 1 94 5 49 70
0418_0117_0013_0042_0060.jpg 1 117 13 42 60
0419_0038_0029_0050_0071.jpg 1 38 29 50 71
0420_0090_0010_0047_0068.jpg 1 90 10 47 68
0421_0113_0009_0044_0064.jpg 1 113 9 44 64
0422_0058_0026_0039_0056.jpg 1 58 26 39 56
0423_0048_0024_0039_0055.jpg 1 48 24 39 55
0424_0128_0005_0043_0061.jpg 1 128 5 43 61
0425_0073_0020_0049_0070.jpg 1 73 20 49 70
0426_0045_0020_0045_0065.jpg 1 45 20 45 65
0427_0036_0022_0050_0072.jpg 1 36 22 50 72
0428_0075_0014_0052_0075.jpg 1 75 14 52 75
0429_0129_0022_0040_0058.jpg 1 129 22 40 58
0430_0064_0021_0039_0055.jpg 1 64 21 39 55
0431_0065_0021_0035_0050.jpg 1 65 21 35 50
0432_0113_0026_0050_0071.jpg 1 113 26 50 71
0433_0038_0028_0051_0073.jpg 1 38 28 51 73
0434_0093_0025_0043_0061.jpg 1 93 25 43 61
0435_0049_0007_0044_0063.jpg 1 49 7 44 63
0436_0034_0038_0044_0063.jpg 1 34 38 44 63
0437_0078_0020_0042_0060.jpg 1 78 20 42 60
0438_0098_0010_0038_0055.jpg 1 98 10 38 55
0439_0097_0027_0038_0054.jpg 1 97 27 38 54
0440_0097_0025_0051_0073.jpg 1 97 25 51 73
0441_0046_0038_0044_0063.jpg 1 46 38 44 63
0442_0034_0007_0049_0070.jpg 1 34 7 49 70
0443_0123_0022_0039_0057.jpg 1 123 22 39 57
0444_0130_0015_0045_0064.jpg 1 130 15 45 64
0445_0030_0022_0041_0059.jpg 1 30 22 41 59
0446_0086_0017_0050_0071.jpg 1 86 17 50 71
0447_0066_0027_0041_0059.jpg 1 66 27 41 59
0448_0105_0006_0047_0067.jpg 1 105 6 47 67
0449_0118_0005_0052_0075.jpg 1 118 5 52 75
0450_0113_0042_0035_0051.jpg 1 113 42 35 51
0451_0039_0009_0038_0055.jpg 1 39 9 38 55
0452_0025_0007_0048_0068.jpg 1 25 7 48 68
0453_0106_0015_0048_0068.jpg 1 106 15 48 68
0454_0089_0029_0035_0050.jpg 1 89 29 35 50
0455_0016_0006_0040_0057.jpg 1 16 6 40 57
0456_0039_0005_0047_0068.jpg 1 39 5 47 68
0457_0029_0033_0045_0064.jpg 1 29 33 45 64
0458_0026_0005_0037_0053.jpg 1 26 5 37 53
0459_0119_0019_0036_0051.jpg 1 119 19 36 51
0460_0055_0011_0045_0064.jpg 1 55 11 45 64
0461_0066_0017_0040_0057.jpg 1 66 17 40 57
0462_0131_0032_0036_0052.jpg 1 131 32 36 52
0463_0124_0032_0048_0069.jpg 1 124 32 48 69
0464_0049_0023_0047_0068.jpg 1 49 23 47 68
0465_0053_0014_0043_0062.jpg 1 53 14 43 62
0466_0057_0035_0038_0054.jpg 1 57 35 38 54
0467_0127_0030_0048_0069.jpg 1 127 30 48 69
0468_0075_0027_0051_0073.jpg 1 75 27 51 73
0469_0108_0013_0042_0060.jpg 1 108 13 42 60
0470_0089_0018_0049_0071.jpg 1 89 18 49 71
0471_0063_0024_0037_0053.jpg 1 63 24 37 53
0472_0048_0044_0035_0050.jpg 1 48 44 35 50
0473_0122_0034_0036_0052.jpg 1 122 34 36 52
0474_0121_0044_0039_0056.jpg 1 121 44 39 56
0475_0036_0028_0051_0074.jpg 1 36 28 51 74
0476_0131_0047_0037_0053.jpg 1 131 47 37 53
0477_0112_0006_0050_0072.jpg 1 112 6 50 72
0478_0109_0014_0043_0062.jpg 1 109 14 43 62
0479_0097_0009_0038_0054.jpg 1 97 9 38 54
0480_0026_0022_0044_0063.jpg 1 26 22 44 63
0481_0135_0026_0041_0059.jpg 1 135 26 41 59
0482_0117_0003_0050_0072.jpg 1 117 3 50 72
0483_0073_0016_0039_0056.jpg 1 73 16 39 56
0484_0102_0051_0036_0051.jpg 1 102 51 36 51
0485_0020_0026_0050_0072.jpg 1 20 26 50 72
0486_0126_0020_0046_0066.jpg 1 126 20 46 66
0487_0031_0016_0052_0074.jpg 1 31 16 52 74
0488_0087_0037_0042_0060.jpg 1 87 37 42 60
0489_0026_0012_0041_0058.jpg 1 26 12 41 58
0490_0019_0005_0050_0072.jpg 1 19 5 50 72
0491_0072_0014_0052_0074.jpg 1 72 14 52 74
0492_0015_0012_0048_0069.jpg 1 15 12 48 69
0493_0057_0025_0046_0065.jpg 1 57 25 46 65
0494_0101_0029_0048_0069.jpg 1 101 29 48 69
0495_0112_0014_0052_0075.jpg 1 112 14 52 75
0496_0098_0014_0041_0059.jpg 1 98 14 41 59
0497_0078_0004_0047_0068.jpg 1 78 4 47 68
0498_0130_0034_0046_0066.jpg 1 130 34 46 66
0499_0069_0030_0038_0055.jpg 1 69 30 38 55
0500_0100_0037_0043_0061.jpg 1 100 37 43 61
0501_0082_0036_0043_0062.jpg 1 82 36 43 62
0502_0029_0041_0036_0051.jpg 1 29 41 36 51
0503_0099_0019_0036_0052.jpg 1 99 19 36 52
0504_0101_0038_0039_0056.jpg 1 101 38 39 56
0505_0043_0042_0040_0057.jpg 1 43 42 40 57
0506_0065_0013_0043_0061.jpg 1 65 13 43 61
0507_0109_0012_0039_0055.jpg 1 109 12 39 55
0508_0036_0030_0043_0061.jpg 1 36 30 43 61
0509_0101_0015_0045_0064.jpg 1 101 15 45 64
0510_0118_0023_0036_0052.jpg 1 118 23 36 52
0511_0026_0040_0043_0062.jpg 1 26 40 43 62
0512_0116_0023_0037_0054.jpg 1 116 23 37 54
0513_0126_0014_0044_0063.jpg 1 126 14 44 63
0514_0088_0031_0049_0071.jpg 1 88 31 49 71
0515_0044_0047_0035_0051.jpg 1 44 47 35 51
0516_0105_0013_0036_0051.jpg 1 105 13 36 51
0517_0086_0020_0044_0063.jpg 1 86 20 44 63
0518_0035_0041_0043_0062.jpg 1 35 41 43 62
0519_0093_0024_0037_0053.jpg 1 93 24 37 53
0520_0060_0014_0052_0074.jpg 1 60 14 52 74
0521_0117_0022_0035_0050.jpg 1 117 22 35 50
0522_0028_0019_0046_0066.jpg 1 28 19 46 66
0523_0046_0030_0045_0065.jpg 1 46 30 45 65
0524_0124_0028_0037_0053.jpg 1 124 28 37 53
0525_0088_0005_0049_0070.jpg 1 88 5 49 70
0526_0077_0009_0046_0066.jpg 1 77 9 46 66
0527_0059_0006_0040_0057.jpg 1 59 6 40 57
0528_0072_0014_0044_0063.jpg 1 72 14 44 63
0529_0076_0013_0039_0056.jpg 1 76 13 39 56
0530_0105_0013_0035_0050.jpg 1 105 13 35 50
0531_0066_0025_0046_0065.jpg 1 66 25 46 65
0532_0095_0016_0039_0056.jpg 1 95 16 39 56
0533_0110_0036_0046_0066.jpg 1 110 36 46 66
0534_0077_0014_0039_0056.jpg 1 77 14 39 56
0535_0108_0024_0040_0057.jpg 1 108 24 40 57
0536_0015_0016_0048_0068.jpg 1 15 16 48 68
0537_0075_0016_0046_0066.jpg 1 75 16 46 66
0538_0065_0029_0037_0054.jpg 1 65 29 37 54
0539_0038_0047_0036_0052.jpg 1 38 47 36 52
0540_0086_0006_0047_0068.jpg 1 86 6 47 68
0541_0131_0026_0045_0065.jpg 1 131 26 45 65
0542_0022_0022_0047_0068.jpg 1 22 22 47 68
0543_0046_0005_0044_0064.jpg 1 46 5 44 64
0544_0081_0033_0048_0069.jpg 1 81 33 48 69
0545_0069_0003_0052_0075.jpg 1 69 3 52 75
0546_0122_0006_0051_0073.jpg 1 122 6 51 73
0547_0071_0018_0051_0074.jpg 1 71 18 51 74
0548_0015_0028_0038_0054.jpg 1 15 28 38 54
0549_0024_0043_0035_0051.jpg 1 24 43 35 51
0550_0033_0005_0051_0074.jpg 1 33 5 51 74
0551_0094_0029_0052_0074.jpg 1 94 29 52 74
0552_0019_0022_0038_0054.jpg 1 19 22 38 54
0553_0103_0027_0036_0052.jpg 1 103 27 36 52
0554_0092_0023_0036_0052.jpg 1 92 23 36 52
0555_0072_0009_0048_0069.jpg 1 72 9 48 69
0556_0038_0022_0038_0054.jpg 1 38 22 38 54
0557_0080_0034_0041_0059.jpg 1 80 34 41 59
0558_0051_0046_0035_0050.jpg 1 51 46 35 50
0559_0096_0006_0042_0060.jpg 1 96 6 42 60
0560_0033_0039_0038_0055.jpg 1 33 39 38 55
0561_0125_0012_0052_0074.jpg 1 125 12 52 74
0562_0121_0014_0050_0071.jpg 1 121 14 50 71
0563_0069_0024_0047_0067.jpg 1 69 24 47 67
0564_0118_0043_0038_0054.jpg 1 118 43 38 54
0565_0136_0025_0035_0051.jpg 1 136 25 35 51
0566_0041_0020_0044_0063.jpg 1 41 20 44 63
0567_0120_0036_0047_0067.jpg 1 120 36 47 67
0568_0079_0008_0048_0069.jpg 1 79 8 48 69
0569_0029_0027_0050_0072.jpg 1 29 27 50 72
0570_0123_0028_0046_0067.jpg 1 123 28 46 67
0571_0021_0007_0049_0070.jpg 1 21 7 49 70
0572_0052_0008_0046_0066.jpg 1 52 8 46 66
0573_0078_0016_0041_0059.jpg 1 78 16 41 59
0574_0103_0037_0039_0056.jpg 1 103 37 39 56
0575_0050_0022_0041_0059.jpg 1 50 22 41 59
0576_0126_0043_0037_0053.jpg 1 126 43 37 53
0577_0111_0032_0038_0054.jpg 1 111 32 38 54
0578_0089_0014_0048_0069.jpg 1 89 14 48 69
0579_0037_0019_0035_0050.jpg 1 37 19 35 50
0580_0093_0006_0041_0059.jpg 1 93 6 41 59
0581_0081_0011_0048_0068.jpg 1 81 11 48 68
0582_0124_0033_0042_0060.jpg 1 124 33 42 60
0583_0065_0019_0050_0072.jpg 1 65 19 50 72
0584_0088_0037_0038_0055.jpg 1 88 37 38 55
0585_0092_0022_0048_0069.jpg 1 92 22 48 69
0586_0087_0029_0051_0072.jpg 1 87 29 51 72
0587_0091_0017_0043_0062.jpg 1 91 17 43 62
0588_0129_0007_0038_0054.jpg 1 129 7 38 54
0589_0113_0046_0038_0055.jpg 1 113 46 38 55
0590_0107_0039_0044_0063.jpg 1 107 39 44 63
0591_0095_0006_0047_0068.jpg 1 95 6 47 68
0592_0024_0046_0036_0051.jpg 1 24 46 36 51
0593_0126_0006_0040_0057.jpg 1 126 6 40 57
0594_0064_0031_0042_0060.jpg 1 64 31 42 60
0595_0015_0017_0046_0066.jpg 1 15 17 46 66
0596_0123_0026_0038_0055.jpg 1 123 26 38 55
0597_0092_0044_0036_0052.jpg 1 92 44 36 52
0598_0096_0045_0037_0052.jpg 1 96 45 37 52
0599_0107_0004_0046_0066.jpg 1 107 4 46 66
0600_0033_0019_0052_0075.jpg 1 33 19 52 75
0601_0055_0035_0044_0063.jpg 1 55 35 44 63
0602_0097_0015_0045_0065.jpg 1 97 15 45 65
0603_0090_0040_0043_0061.jpg 1 90 40 43 61
0604_0106_0038_0042_0060.jpg 1 106 38 42 60
0605_0028_0016_0050_0071.jpg 1 28 16 50 71
0606_0125_0016_0036_0051.jpg 1 125 16 36 51
0607_0123_0022_0048_0069.jpg 1 123 22 48 69
0608_0062_0032_0042_0060.jpg 1 62 32 42 60
0609_0036_0005_0051_0074.jpg 1 36 5 51 74
0610_0020_0023_0035_0050.jpg 1 20 23 35 50
0611_0048_0032_0039_0056.jpg 1 48 32 39 56
0612_0073_0015_0040_0057.jpg 1 73 15 40 57
0613_0048_0019_0050_0072.jpg 1 48 19 50 72
0614_0038_0025_0037_0052.jpg 1 38 25 37 52
0615_0068_0010_0048_0068.jpg 1 68 10 48 68
0616_0063_0039_0035_0050.jpg 1 63 39 35 50
0617_0137_0012_0037_0054.jpg 1 137 12 37 54
0618_0037_0010_0045_0064.jpg 1 37 10 45 64
0619_0131_0051_0035_0050.jpg 1 131 51 35 50
0620_0050_0012_0045_0065.jpg 1 50 12 45 65
0621_0132_0011_0036_0052.jpg 1 132 11 36 52
0622_0065_0010_0052_0075.jpg 1 65 10 52 75
0623_0122_0031_0048_0069.jpg 1 122 31 48 69
0624_0096_0031_0045_0065.jpg 1 96 31 45 65
0625_0093_0025_0051_0073.jpg 1 93 25 51 73
0626_0017_0009_0049_0070.jpg 1 17 9 49 70
0627_0048_0005_0037_0053.jpg 1 48 5 37 53
0628_0018_0011_0038_0054.jpg 1 18 11 38 54
0629_0097_0044_0039_0056.jpg 1 97 44 39 56
0630_0070_0037_0045_0065.jpg 1 70 37 45 65
0631_0047_0013_0050_0071.jpg 1 47 13 50 71
0632_0106_0008_0039_0056.jpg 1 106 8 39 56
0633_0088_0027_0043_0061.jpg 1 88 27 43 61
0634_0103_0029_0046_0066.jpg 1 103 29 46 66
0635_0128_0013_0049_0070.jpg 1 128 13 49 70
0636_0018_0015_0040_0057.jpg 1 18 15 40 57
0637_0112_0007_0036_0052.jpg 1 112 7 36 52
0638_0115_0030_0040_0057.jpg 1 115 30 40 57
0639_0117_0030_0043_0062.jpg 1 117 30 43 62
0640_0046_0027_0052_0075.jpg 1 46 27 52 75
0641_0081_0038_0042_0060.jpg 1 81 38 42 60
0642_0116_0030_0045_0064.jpg 1 116 30 45 64
0643_0088_0011_0040_0057.jpg 1 88 11 40 57
0644_0060_0010_0044_0063.jpg 1 60 10 44 63
0645_0090_0027_0050_0072.jpg 1 90 27 50 72
0646_0026_0025_0048_0069.jpg 1 26 25 48 69
0647_0135_0032_0041_0059.jpg 1 135 32 41 59
0648_0086_0016_0042_0061.jpg 1 86 16 42 61
0649_0110_0035_0039_0056.jpg 1 110 35 39 56
0650_0104_0030_0036_0052.jpg 1 104 30 36 52
0651_0079_0022_0052_0074.jpg 1 79 22 52 74
0652_0084_0040_0039_0056.jpg 1 84 40 39 56
0653_0060_0024_0051_0073.jpg 1 60 24 51 73
0654_0104_0035_0040_0057.jpg 1 104 35 40 57
0655_0060_0011_0051_0073.jpg 1 60 11 51 73
0656_0033_0025_0038_0055.jpg 1 33 25 38 55
0657_0053_0019_0046_0065.jpg 1 53 19 46 65
0658_0119_0003_0050_0072.jpg 1 119 3 50 72
0659_0082_0035_0041_0058.jpg 1 82 35 41 58
0660_0106_0008_0049_0070.jpg 1 106 8 49 70
0661_0120_0035_0036_0052.jpg 1 120 35 36 52
0662_0014_0018_0043_0062.jpg 1 14 18 43 62
0663_0031_0044_0038_0054.jpg 1 31 44 38 54
0664_0099_0026_0040_0057.jpg 1 99 26 40 57
0665_0071_0026_0043_0062.jpg 1 71 26 43 62
0666_0101_0027_0042_0061.jpg 1 101 27 42 61
0667_0112_0021_0046_0066.jpg 1 112 21 46 66
0668_0108_0033_0047_0068.jpg 1 108 33 47 68
0669_0138_0015_0035_0050.jpg 1 138 15 35 50
0670_0090_0019_0049_0070.jpg 1 90 19 49 70
0671_0037_0038_0036_0052.jpg 1 37 38 36 52
0672_0043_0012_0051_0074.jpg 1 43 12 51 74
0673_0080_0033_0039_0056.jpg 1 80 33 39 56
0674_0014_0027_0051_0073.jpg 1 14 27 51 73
0675_0117_0006_0042_0060.jpg 1 117 6 42 60
0676_0125_0020_0045_0065.jpg 1 125 20 45 65
0677_0075_0011_0050_0071.jpg 1 75 11 50 71
0678_0109_0010_0039_0056.jpg 1 109 10 39 56
0679_0016_0041_0036_0051.jpg 1 16 41 36 51
0680_0108_0027_0052_0074.jpg 1 108 27 52 74
0681_0093_0010_0048_0069.jpg 1 93 10 48 69
0682_0096_0006_0039_0056.jpg 1 96 6 39 56
0683_0067_0036_0039_0056.jpg 1 67 36 39 56
0684_0082_0005_0043_0061.jpg 1 82 5 43 61
0685_0116_0040_0043_0061.jpg 1 116 40 43 61
0686_0093_0030_0043_0061.jpg 1 93 30 43 61
0687_0089_0034_0039_0056.jpg 1 89 34 39 56
0688_0089_0010_0041_0059.jpg 1 89 10 41 59
0689_0130_0041_0042_0060.jpg 1 130 41 42 60
0690_0065_0018_0046_0066.jpg 1 65 18 46 66
0691_0054_0022_0050_0072.jpg 1 54 22 50 72
0692_0085_0009_0041_0059.jpg 1 85 9 41 59
0693_0083_0010_0043_0062.jpg 1 83 10 43 62
0694_0045_0036_0041_0059.jpg 1 45 36 41 59
0695_0097_0023_0048_0069.jpg 1 97 23 48 69
0696_0033_0016_0038_0055.jpg 1 33 16 38 55
0697_0057_0043_0039_0057.jpg 1 57 43 39 57
0698_0129_0034_0048_0068.jpg 1 129 34 48 68
0699_0074_0030_0038_0055.jpg 1 74 30 38 55
0700_0130_0008_0041_0059.jpg 1 130 8 41 59
0701_0084_0030_0038_0054.jpg 1 84 30 38 54
0702_0018_0039_0041_0059.jpg 1 18 39 41 59
0703_0065_0033_0042_0060.jpg 1 65 33 42 60
0704_0029_0020_0050_0072.jpg 1 29 20 50 72
0705_0117_0024_0040_0058.jpg 1 117 24 40 58
0706_0120_0031_0045_0065.jpg 1 120 31 45 65
0707_0098_0029_0051_0073.jpg 1 98 29 51 73
0708_0028_0008_0043_0062.jpg 1 28 8 43 62
0709_0105_0022_0046_0066.jpg 1 105 22 46 66
0710_0039_0012_0051_0073.jpg 1 39 12 51 73
0711_0032_0017_0038_0055.jpg 1 32 17 38 55
0712_0094_0027_0050_0071.jpg 1 94 27 50 71
0713_0039_0038_0038_0055.jpg 1 39 38 38 55
0714_0062_0021_0050_0071.jpg 1 62 21 50 71
0715_0082_0022_0049_0070.jpg 1 82 22 49 70
0716_0032_0036_0037_0052.jpg 1 32 36 37 52
0717_0018_0006_0045_0065.jpg 1 18 6 45 65
0718_0030_0012_0041_0059.jpg 1 30 12 41 59
0719_0100_0029_0051_0073.jpg 1 100 29 51 73
0720_0015_0010_0037_0053.jpg 1 15 10 37 53
0721_0022_0031_0043_0062.jpg 1 22 31 43 62
0722_0083_0032_0041_0059.jpg 1 83 32 41 59
0723_0057_0007_0044_0063.jpg 1 57 7 44 63
0724_0125_0017_0050_0072.jpg 1 125 17 50 72
0725_0101_0018_0038_0055.jpg 1 101 18 38 55
0726_0041_0013_0050_0072.jpg 1 41 13 50 72
0727_0040_0024_0043_0062.jpg 1 40 24 43 62
0728_0055_0033_0039_0057.jpg 1 55 33 39 57
0729_0044_0028_0048_0069.jpg 1 44 28 48 69
0730_0050_0037_0042_0060.jpg 1 50 37 42 60
0731_0090_0031_0041_0059.jpg 1 90 31 41 59
0732_0023_0023_0037_0053.jpg 1 23 23 37 53
0733_0074_0023_0043_0062.jpg 1 74 23 43 62
0734_0096_0020_0049_0071.jpg 1 96 20 49 71
0735_0038_0020_0049_0070.jpg 1 38 20 49 70
0736_0061_0029_0049_0070.jpg 1 61 29 49 70
0737_0124_0020_0037_0052.jpg 1 124 20 37 52
0738_0122_0018_0035_0051.jpg 1 122 18 35 51
0739_0020_0027_0041_0059.jpg 1 20 27 41 59
0740_0057_0018_0044_0062.jpg 1 57 18 44 62
0741_0116_0034_0047_0067.jpg 1 116 34 47 67
0742_0038_0017_0050_0071.jpg 1 38 17 50 71
0743_0030_0005_0041_0058.jpg 1 30 5 41 58
0744_0040_0023_0040_0057.jpg 1 40 23 40 57
0745_0099_0048_0038_0054.jpg 1 99 48 38 54
0746_0026_0037_0045_0065.jpg 1 26 37 45 65
0747_0113_0015_0044_0063.jpg 1 113 15 44 63
0748_0061_0014_0038_0055.jpg 1 61 14 38 55
0749_0131_0016_0043_0062.jpg 1 131 16 43 62
0750_0021_0023_0047_0067.jpg 1 21 23 47 67
0751_0110_0019_0036_0051.jpg 1 110 19 36 51
0752_0121_0030_0036_0052.jpg 1 121 30 36 52
0753_0097_0014_0044_0063.jpg 1 97 14 44 63
0754_0065_0026_0046_0066.jpg 1 65 26 46 66
0755_0023_0034_0044_0063.jpg 1 23 34 44 63
0756_0024_0014_0035_0051.jpg 1 24 14 35 51
0757_0093_0008_0038_0054.jpg 1 93 8 38 54
0758_0116_0021_0051_0072.jpg 1 116 21 51 72
0759_0043_0010_0045_0064.jpg 1 43 10 45 64
0760_0046_0004_0047_0067.jpg 1 46 4 47 67
0761_0113_0036_0044_0063.jpg 1 113 36 44 63
0762_0019_0029_0048_0069.jpg 1 19 29 48 69
0763_0066_0008_0043_0062.jpg 1 66 8 43 62
0764_0081_0027_0040_0057.jpg 1 81 27 40 57
0765_0092_0021_0050_0072.jpg 1 92 21 50 72
0766_0103_0012_0052_0075.jpg 1 103 12 52 75
0767_0075_0007_0043_0062.jpg 1 75 7 43 62
0768_0073_0028_0039_0056.jpg 1 73 28 39 56
0769_0087_0019_0051_0073.jpg 1 87 19 51 73
0770_0126_0025_0049_0070.jpg 1 126 25 49 70
0771_0042_0039_0042_0061.jpg 1 42 39 42 61
0772_0083_0018_0050_0072.jpg 1 83 18 50 72
0773_0114_0027_0047_0067.jpg 1 114 27 47 67
0774_0099_0016_0045_0064.jpg 1 99 16 45 64
0775_0111_0046_0035_0050.jpg 1 111 46 35 50
0776_0102_0009_0041_0058.jpg 1 102 9 41 58
0777_0124_0035_0042_0060.jpg 1 124 35 42 60
0778_0089_0034_0044_0063.jpg 1 89 34 44 63
0779_0037_0031_0037_0053.jpg 1 37 31 37 53
0780_0038_0009_0040_0057.jpg 1 38 9 40 57
0781_0087_0010_0043_0061.jpg 1 87 10 43 61
0782_0081_0013_0042_0060.jpg 1 81 13 42 60
0783_0095_0014_0051_0073.jpg 1 95 14 51 73
0784_0127_0009_0043_0062.jpg 1 127 9 43 62
0785_0119_0007_0039_0055.jpg 1 119 7 39 55
0786_0073_0021_0049_0071.jpg 1 73 21 49 71
0787_0119_0006_0050_0071.jpg 1 119 6 50 71
0788_0040_0022_0038_0055.jpg 1 40 22 38 55
0789_0024_0030_0038_0054.jpg 1 24 30 38 54
0790_0020_0025_0048_0069.jpg 1 20 25 48 69
0791_0091_0022_0044_0063.jpg 1 91 22 44 63
0792_0097_0035_0038_0054.jpg 1 97 35 38 54
0793_0044_0009_0046_0066.jpg 1 44 9 46 66
0794_0042_0017_0040_0058.jpg 1 42 17 40 58
0795_0033_0018_0044_0064.jpg 1 33 18 44 64
0796_0066_0018_0036_0051.jpg 1 66 18 36 51
0797_0064_0015_0047_0068.jpg 1 64 15 47 68
0798_0068_0018_0050_0071.jpg 1 68 18 50 71
0799_0041_0019_0049_0070.jpg 1 41 19 49 70
0800_0053_0010_0047_0068.jpg 1 53 10 47 68
0801_0123_0028_0049_0070.jpg 1 123 28 49 70
0802_0121_0005_0048_0068.jpg 1 121 5 48 68
0803_0100_0021_0037_0052.jpg 1 100 21 37 52
0804_0111_0017_0046_0066.jpg 1 111 17 46 66
0805_0026_0043_0035_0051.jpg 1 26 43 35 51
0806_0081_0029_0049_0070.jpg 1 81 29 49 70
0807_0084_0014_0037_0053.jpg 1 84 14 37 53
0808_0021_0027_0044_0063.jpg 1 21 27 44 63
0809_0034_0029_0051_0073.jpg 1 34 29 51 73
0810_0032_0009_0049_0070.jpg 1 32 9 49 70
0811_0030_0041_0041_0059.jpg 1 30 41 41 59
0812_0085_0016_0041_0058.jpg 1 85 16 41 58
0813_0047_0029_0047_0068.jpg 1 47 29 47 68
