0001_0094_0045_0035_0050.jpg 1 94 45 35 50
0002_0113_0038_0040_0057.jpg 1 113 38 40 57
0003_0088_0040_0041_0059.jpg 1 88 40 41 59
0004_0092_0013_0052_0075.jpg 1 92 13 52 75
0005_0100_0033_0047_0068.jpg 1 100 33 47 68
0006_0061_0010_0043_0061.jpg 1 61 10 43 61
0007_0086_0012_0039_0055.jpg 1 86 12 39 55
0008_0113_0025_0040_0058.jpg 1 113 25 40 58
0009_0033_0038_0035_0050.jpg 1 33 38 35 50
0010_0079_0012_0051_0073.jpg 1 79 12 51 73
0011_0030_0031_0038_0055.jpg 1 30 31 38 55
0012_0048_0030_0037_0053.jpg 1 48 30 37 53
0013_0073_0030_0052_0074.jpg 1 73 30 52 74
0014_0094_0029_0048_0069.jpg 1 94 29 48 69
0015_0024_0022_0044_0064.jpg 1 24 22 44 64
0016_0072_0025_0046_0066.jpg 1 72 25 46 66
0017_0090_0005_0051_0074.jpg 1 90 5 51 74
0018_0071_0017_0044_0063.jpg 1 71 17 44 63
0019_0125_0005_0050_0072.jpg 1 125 5 50 72
0020_0116_0016_0036_0052.jpg 1 116 16 36 52
0021_0134_0019_0037_0053.jpg 1 134 19 37 53
0022_0077_0013_0039_0056.jpg 1 77 13 39 56
0023_0072_0023_0051_0073.jpg 1 72 23 51 73
0024_0088_0033_0042_0060.jpg 1 88 33 42 60
0025_0078_0009_0050_0072.jpg 1 78 9 50 72
0026_0016_0031_0044_0063.jpg 1 16 31 44 63
0027_0089_0038_0038_0054.jpg 1 89 38 38 54
0028_0027_0042_0041_0059.jpg 1 27 42 41 59
0029_0141_0018_0035_0050.jpg 1 141 18 35 50
0030_0026_0011_0052_0075.jpg 1 26 11 52 75
0031_0113_0029_0048_0069.jpg 1 113 29 48 69
0032_0123_0033_0047_0067.jpg 1 123 33 47 67
0033_0069_0010_0048_0069.jpg 1 69 10 48 69
0034_0093_0013_0048_0069.jpg 1 93 13 48 69
0035_0061_0004_0044_0063.jpg 1 61 4 44 63
0036_0047_0032_0039_0055.jpg 1 47 32 39 55
0037_0038_0019_0048_0068.jpg 1 38 19 48 68
0038_0014_0020_0050_0071.jpg 1 14 20 50 71
0039_0034_0026_0039_0056.jpg 1 34 26 39 56
0040_0098_0016_0045_0065.jpg 1 98 16 45 65
0041_0126_0006_0045_0065.jpg 1 126 6 45 65
0042_0102_0022_0050_0071.jpg 1 102 22 50 71
0043_0102_0028_0048_0069.jpg 1 102 28 48 69
0044_0037_0017_0041_0058.jpg 1 37 17 41 58
0045_0020_0015_0045_0064.jpg 1 20 15 45 64
0046_0134_0039_0041_0058.jpg 1 134 39 41 58
0047_0028_0040_0037_0053.jpg 1 28 40 37 53
0048_0078_0027_0041_0058.jpg 1 78 27 41 58
0049_0087_0033_0037_0053.jpg 1 87 33 37 53
0050_0072_0034_0044_0063.jpg 1 72 34 44 63
0051_0119_0044_0036_0052.jpg 1 119 44 36 52
0052_0060_0003_0052_0074.jpg 1 60 3 52 74
0053_0089_0026_0046_0065.jpg 1 89 26 46 65
0054_0062_0014_0050_0072.jpg 1 62 14 50 72
0055_0121_0010_0043_0062.jpg 1 121 10 43 62
0056_0134_0030_0036_0052.jpg 1 134 30 36 52
0057_0125_0008_0036_0052.jpg 1 125 8 36 52
0058_0053_0022_0036_0051.jpg 1 53 22 36 51
0059_0046_0020_0044_0063.jpg 1 46 20 44 63
0060_0095_0012_0041_0059.jpg 1 95 12 41 59
0061_0026_0016_0041_0059.jpg 1 26 16 41 59
0062_0126_0010_0036_0051.jpg 1 126 10 36 51
0063_0044_0029_0049_0071.jpg 1 44 29 49 71
0064_0052_0015_0051_0073.jpg 1 52 15 51 73
0065_0026_0014_0044_0062.jpg 1 26 14 44 62
0066_0105_0028_0047_0068.jpg 1 105 28 47 68
0067_0030_0006_0049_0070.jpg 1 30 6 49 70
0068_0100_0014_0048_0069.jpg 1 100 14 48 69
0069_0123_0036_0043_0062.jpg 1 123 36 43 62
0070_0078_0020_0048_0069.jpg 1 78 20 48 69
0071_0103_0019_0044_0063.jpg 1 103 19 44 63
0072_0091_0033_0036_0052.jpg 1 91 33 36 52
0073_0121_0019_0046_0067.jpg 1 121 19 46 67
0074_0115_0007_0048_0069.jpg 1 115 7 48 69
0075_0081_0032_0037_0052.jpg 1 81 32 37 52
0076_0041_0024_0037_0053.jpg 1 41 24 37 53
0077_0128_0016_0046_0067.jpg 1 128 16 46 67
0078_0135_0028_0037_0052.jpg 1 135 28 37 52
0079_0018_0035_0043_0062.jpg 1 18 35 43 62
0080_0090_0038_0036_0051.jpg 1 90 38 36 51
0081_0031_0040_0035_0050.jpg 1 31 40 35 50
0082_0072_0027_0046_0066.jpg 1 72 27 46 66
0083_0127_0017_0044_0064.jpg 1 127 17 44 64
0084_0113_0018_0049_0070.jpg 1 113 18 49 70
0085_0016_0014_0046_0067.jpg 1 16 14 46 67
0086_0121_0042_0039_0056.jpg 1 121 42 39 56
0087_0136_0018_0037_0053.jpg 1 136 18 37 53
0088_0045_0023_0046_0067.jpg 1 45 23 46 67
0089_0120_0020_0050_0072.jpg 1 120 20 50 72
0090_0089_0010_0045_0065.jpg 1 89 10 45 65
0091_0062_0036_0045_0064.jpg 1 62 36 45 64
0092_0027_0026_0037_0053.jpg 1 27 26 37 53
0093_0095_0011_0038_0054.jpg 1 95 11 38 54
0094_0115_0012_0044_0062.jpg 1 115 12 44 62
0095_0071_0004_0043_0061.jpg 1 71 4 43 61
0096_0109_0006_0051_0073.jpg 1 109 6 51 73
0097_0130_0019_0045_0065.jpg 1 130 19 45 65
0098_0018_0009_0043_0062.jpg 1 18 9 43 62
0099_0073_0022_0035_0051.jpg 1 73 22 35 51
0100_0119_0019_0045_0064.jpg 1 119 19 45 64
0101_0087_0035_0040_0058.jpg 1 87 35 40 58
0102_0023_0043_0039_0056.jpg 1 23 43 39 56
0103_0129_0023_0044_0064.jpg 1 129 23 44 64
0104_0135_0035_0040_0058.jpg 1 135 35 40 58
0105_0081_0045_0039_0055.jpg 1 81 45 39 55
0106_0117_0012_0035_0050.jpg 1 117 12 35 50
0107_0049_0015_0047_0067.jpg 1 49 15 47 67
0108_0109_0025_0046_0066.jpg 1 109 25 46 66
0109_0124_0013_0050_0072.jpg 1 124 13 50 72
0110_0090_0026_0048_0068.jpg 1 90 26 48 68
0111_0063_0044_0039_0056.jpg 1 63 44 39 56
0112_0046_0025_0047_0067.jpg 1 46 25 47 67
0113_0104_0013_0051_0074.jpg 1 104 13 51 74
0114_0039_0041_0040_0058.jpg 1 39 41 40 58
0115_0037_0025_0048_0069.jpg 1 37 25 48 69
0116_0121_0014_0037_0053.jpg 1 121 14 37 53
0117_0033_0012_0036_0051.jpg 1 33 12 36 51
0118_0116_0033_0048_0069.jpg 1 116 33 48 69
0119_0014_0022_0050_0071.jpg 1 14 22 50 71
0120_0112_0024_0045_0065.jpg 1 112 24 45 65
0121_0123_0032_0047_0067.jpg 1 123 32 47 67
0122_0071_0004_0050_0072.jpg 1 71 4 50 72
0123_0067_0035_0042_0061.jpg 1 67 35 42 61
0124_0037_0044_0037_0052.jpg 1 37 44 37 52
0125_0035_0032_0035_0050.jpg 1 35 32 35 50
0126_0019_0042_0037_0053.jpg 1 19 42 37 53
0127_0124_0028_0037_0053.jpg 1 124 28 37 53
0128_0062_0041_0041_0059.jpg 1 62 41 41 59
0129_0068_0020_0048_0069.jpg 1 68 20 48 69
0130_0019_0031_0037_0053.jpg 1 19 31 37 53
0131_0057_0022_0046_0065.jpg 1 57 22 46 65
0132_0133_0046_0039_0055.jpg 1 133 46 39 55
0133_0132_0019_0037_0054.jpg 1 132 19 37 54
0134_0090_0042_0042_0060.jpg 1 90 42 42 60
0135_0062_0010_0040_0057.jpg 1 62 10 40 57
0136_0110_0033_0043_0062.jpg 1 110 33 43 62
0137_0070_0014_0050_0072.jpg 1 70 14 50 72
0138_0083_0016_0051_0073.jpg 1 83 16 51 73
0139_0071_0023_0050_0072.jpg 1 71 23 50 72
0140_0034_0041_0040_0057.jpg 1 34 41 40 57
0141_0050_0028_0045_0065.jpg 1 50 28 45 65
0142_0116_0028_0041_0059.jpg 1 116 28 41 59
0143_0072_0026_0040_0057.jpg 1 72 26 40 57
0144_0090_0034_0036_0052.jpg 1 90 34 36 52
0145_0061_0019_0040_0057.jpg 1 61 19 40 57
0146_0029_0012_0039_0056.jpg 1 29 12 39 56
0147_0117_0026_0052_0074.jpg 1 117 26 52 74
0148_0057_0029_0041_0058.jpg 1 57 29 41 58
0149_0079_0027_0051_0073.jpg 1 79 27 51 73
0150_0118_0007_0041_0058.jpg 1 118 7 41 58
0151_0113_0007_0049_0070.jpg 1 113 7 49 70
0152_0091_0030_0048_0069.jpg 1 91 30 48 69
0153_0104_0029_0049_0071.jpg 1 104 29 49 71
0154_0073_0009_0044_0063.jpg 1 73 9 44 63
0155_0075_0017_0038_0055.jpg 1 75 17 38 55
0156_0033_0013_0037_0053.jpg 1 33 13 37 53
0157_0075_0034_0042_0060.jpg 1 75 34 42 60
0158_0133_0023_0037_0053.jpg 1 133 23 37 53
0159_0023_0030_0040_0058.jpg 1 23 30 40 58
0160_0070_0036_0038_0055.jpg 1 70 36 38 55
0161_0047_0018_0047_0067.jpg 1 47 18 47 67
0162_0096_0017_0037_0054.jpg 1 96 17 37 54
0163_0054_0018_0035_0050.jpg 1 54 18 35 50
0164_0023_0035_0038_0054.jpg 1 23 35 38 54
0165_0100_0005_0038_0054.jpg 1 100 5 38 54
0166_0124_0019_0035_0050.jpg 1 124 19 35 50
0167_0028_0022_0048_0068.jpg 1 28 22 48 68
0168_0129_0025_0037_0052.jpg 1 129 25 37 52
0169_0106_0006_0046_0067.jpg 1 106 6 46 67
0170_0126_0031_0050_0072.jpg 1 126 31 50 72
0171_0041_0047_0038_0054.jpg 1 41 47 38 54
0172_0130_0038_0040_0058.jpg 1 130 38 40 58
0173_0109_0011_0049_0071.jpg 1 109 11 49 71
0174_0132_0048_0035_0050.jpg 1 132 48 35 50
0175_0109_0020_0042_0061.jpg 1 109 20 42 61
0176_0017_0013_0051_0073.jpg 1 17 13 51 73
0177_0134_0015_0041_0059.jpg 1 134 15 41 59
0178_0019_0028_0052_0074.jpg 1 19 28 52 74
0179_0042_0032_0048_0068.jpg 1 42 32 48 68
0180_0031_0008_0035_0051.jpg 1 31 8 35 51
0181_0083_0017_0048_0069.jpg 1 83 17 48 69
0182_0043_0034_0045_0065.jpg 1 43 34 45 65
0183_0122_0005_0043_0062.jpg 1 122 5 43 62
0184_0033_0033_0039_0056.jpg 1 33 33 39 56
0185_0135_0037_0036_0052.jpg 1 135 37 36 52
0186_0101_0023_0050_0072.jpg 1 101 23 50 72
0187_0108_0022_0045_0064.jpg 1 108 22 45 64
0188_0043_0005_0044_0063.jpg 1 43 5 44 63
0189_0126_0028_0039_0056.jpg 1 126 28 39 56
0190_0110_0033_0039_0056.jpg 1 110 33 39 56
0191_0117_0024_0045_0065.jpg 1 117 24 45 65
0192_0025_0026_0044_0062.jpg 1 25 26 44 62
0193_0132_0032_0035_0050.jpg 1 132 32 35 50
0194_0033_0020_0038_0055.jpg 1 33 20 38 55
0195_0126_0018_0039_0056.jpg 1 126 18 39 56
0196_0106_0033_0044_0063.jpg 1 106 33 44 63
0197_0070_0027_0045_0064.jpg 1 70 27 45 64
0198_0030_0010_0041_0059.jpg 1 30 10 41 59
0199_0097_0010_0047_0068.jpg 1 97 10 47 68
0200_0068_0025_0049_0070.jpg 1 68 25 49 70
0201_0034_0007_0041_0059.jpg 1 34 7 41 59
0202_0075_0019_0039_0056.jpg 1 75 19 39 56
0203_0094_0008_0051_0072.jpg 1 94 8 51 72
0204_0029_0037_0037_0054.jpg 1 29 37 37 54
0205_0109_0038_0041_0059.jpg 1 109 38 41 59
0206_0014_0011_0047_0068.jpg 1 14 11 47 68
0207_0062_0045_0036_0051.jpg 1 62 45 36 51
0208_0109_0039_0038_0055.jpg 1 109 39 38 55
0209_0035_0019_0049_0070.jpg 1 35 19 49 70
0210_0083_0012_0045_0064.jpg 1 83 12 45 64
0211_0090_0010_0046_0066.jpg 1 90 10 46 66
0212_0103_0030_0038_0055.jpg 1 103 30 38 55
0213_0093_0021_0048_0069.jpg 1 93 21 48 69
0214_0080_0008_0051_0073.jpg 1 80 8 51 73
0215_0116_0027_0051_0074.jpg 1 116 27 51 74
0216_0068_0018_0040_0057.jpg 1 68 18 40 57
0217_0042_0031_0048_0069.jpg 1 42 31 48 69
0218_0116_0005_0052_0074.jpg 1 116 5 52 74
0219_0093_0021_0049_0070.jpg 1 93 21 49 70
0220_0089_0027_0041_0059.jpg 1 89 27 41 59
0221_0089_0032_0047_0068.jpg 1 89 32 47 68
0222_0091_0042_0041_0059.jpg 1 91 42 41 59
0223_0043_0009_0040_0058.jpg 1 43 9 40 58
0224_0091_0026_0045_0065.jpg 1 91 26 45 65
0225_0077_0018_0041_0059.jpg 1 77 18 41 59
0226_0104_0028_0047_0067.jpg 1 104 28 47 67
0227_0023_0022_0052_0074.jpg 1 23 22 52 74
0228_0027_0030_0046_0066.jpg 1 27 30 46 66
0229_0118_0030_0040_0058.jpg 1 118 30 40 58
0230_0093_0009_0040_0057.jpg 1 93 9 40 57
0231_0102_0034_0041_0059.jpg 1 102 34 41 59
0232_0037_0015_0051_0073.jpg 1 37 15 51 73
0233_0020_0022_0049_0070.jpg 1 20 22 49 70
0234_0046_0013_0047_0068.jpg 1 46 13 47 68
0235_0118_0035_0040_0057.jpg 1 118 35 40 57
0236_0110_0015_0042_0060.jpg 1 110 15 42 60
0237_0133_0046_0035_0050.jpg 1 133 46 35 50
0238_0123_0006_0046_0066.jpg 1 123 6 46 66
0239_0016_0040_0039_0057.jpg 1 16 40 39 57
0240_0116_0042_0039_0056.jpg 1 116 42 39 56
0241_0097_0037_0036_0052.jpg 1 97 37 36 52
0242_0043_0028_0037_0052.jpg 1 43 28 37 52
0243_0070_0026_0037_0054.jpg 1 70 26 37 54
0244_0021_0036_0038_0054.jpg 1 21 36 38 54
0245_0037_0009_0039_0055.jpg 1 37 9 39 55
0246_0062_0028_0042_0061.jpg 1 62 28 42 61
0247_0116_0015_0041_0058.jpg 1 116 15 41 58
0248_0130_0036_0041_0058.jpg 1 130 36 41 58
0249_0026_0043_0035_0050.jpg 1 26 43 35 50
0250_0087_0013_0047_0068.jpg 1 87 13 47 68
0251_0057_0010_0041_0059.jpg 1 57 10 41 59
0252_0057_0021_0041_0059.jpg 1 57 21 41 59
0253_0117_0027_0047_0068.jpg 1 117 27 47 68
0254_0040_0036_0037_0053.jpg 1 40 36 37 53
0255_0129_0012_0044_0064.jpg 1 129 12 44 64
0256_0015_0028_0051_0073.jpg 1 15 28 51 73
0257_0121_0024_0042_0061.jpg 1 121 24 42 61
0258_0078_0026_0036_0052.jpg 1 78 26 36 52
0259_0034_0030_0048_0069.jpg 1 34 30 48 69
0260_0107_0009_0047_0067.jpg 1 107 9 47 67
0261_0092_0046_0035_0051.jpg 1 92 46 35 51
0262_0078_0005_0042_0060.jpg 1 78 5 42 60
0263_0096_0039_0036_0051.jpg 1 96 39 36 51
0264_0127_0013_0048_0068.jpg 1 127 13 48 68
0265_0089_0028_0042_0060.jpg 1 89 28 42 60
0266_0091_0015_0038_0055.jpg 1 91 15 38 55
0267_0077_0018_0047_0067.jpg 1 77 18 47 67
0268_0044_0030_0049_0070.jpg 1 44 30 49 70
0269_0077_0009_0051_0073.jpg 1 77 9 51 73
0270_0032_0013_0051_0073.jpg 1 32 13 51 73
0271_0119_0032_0045_0064.jpg 1 119 32 45 64
0272_0085_0020_0043_0061.jpg 1 85 20 43 61
0273_0068_0008_0040_0058.jpg 1 68 8 40 58
0274_0114_0031_0043_0062.jpg 1 114 31 43 62
0275_0109_0040_0038_0055.jpg 1 109 40 38 55
0276_0053_0015_0051_0073.jpg 1 53 15 51 73
0277_0081_0035_0038_0054.jpg 1 81 35 38 54
0278_0116_0031_0047_0067.jpg 1 116 31 47 67
0279_0080_0027_0046_0066.jpg 1 80 27 46 66
0280_0112_0008_0035_0050.jpg 1 112 8 35 50
0281_0046_0012_0038_0055.jpg 1 46 12 38 55
0282_0113_0007_0048_0069.jpg 1 113 7 48 69
0283_0048_0028_0045_0064.jpg 1 48 28 45 64
0284_0045_0009_0043_0062.jpg 1 45 9 43 62
0285_0039_0044_0039_0055.jpg 1 39 44 39 55
0286_0060_0019_0048_0069.jpg 1 60 19 48 69
0287_0098_0036_0037_0053.jpg 1 98 36 37 53
0288_0039_0019_0036_0052.jpg 1 39 19 36 52
0289_0080_0013_0050_0072.jpg 1 80 13 50 72
0290_0063_0036_0042_0060.jpg 1 63 36 42 60
0291_0088_0039_0038_0055.jpg 1 88 39 38 55
0292_0061_0020_0043_0062.jpg 1 61 20 43 62
0293_0093_0028_0037_0053.jpg 1 93 28 37 53
0294_0016_0017_0046_0067.jpg 1 16 17 46 67
0295_0075_0035_0038_0054.jpg 1 75 35 38 54
0296_0069_0035_0043_0062.jpg 1 69 35 43 62
0297_0072_0019_0048_0069.jpg 1 72 19 48 69
0298_0123_0024_0045_0065.jpg 1 123 24 45 65
0299_0057_0005_0052_0074.jpg 1 57 5 52 74
0300_0064_0022_0049_0070.jpg 1 64 22 49 70
0301_0072_0012_0052_0074.jpg 1 72 12 52 74
0302_0029_0046_0036_0051.jpg 1 29 46 36 51
0303_0094_0006_0042_0060.jpg 1 94 6 42 60
0304_0131_0024_0035_0050.jpg 1 131 24 35 50
0305_0055_0016_0044_0063.jpg 1 55 16 44 63
0306_0117_0029_0049_0070.jpg 1 117 29 49 70
0307_0017_0020_0051_0073.jpg 1 17 20 51 73
0308_0110_0014_0049_0070.jpg 1 110 14 49 70
0309_0071_0005_0043_0061.jpg 1 71 5 43 61
0310_0067_0007_0049_0070.jpg 1 67 7 49 70
0311_0037_0008_0051_0074.jpg 1 37 8 51 74
0312_0061_0023_0044_0064.jpg 1 61 23 44 64
0313_0117_0045_0039_0056.jpg 1 117 45 39 56
0314_0099_0036_0035_0051.jpg 1 99 36 35 51
0315_0051_0009_0051_0074.jpg 1 51 9 51 74
0316_0102_0027_0052_0075.jpg 1 102 27 52 75
0317_0115_0012_0050_0072.jpg 1 115 12 50 72
0318_0104_0008_0044_0063.jpg 1 104 8 44 63
0319_0136_0030_0038_0055.jpg 1 136 30 38 55
0320_0136_0033_0039_0056.jpg 1 136 33 39 56
0321_0049_0009_0049_0071.jpg 1 49 9 49 71
0322_0115_0015_0051_0073.jpg 1 115 15 51 73
0323_0100_0019_0038_0054.jpg 1 100 19 38 54
0324_0056_0026_0035_0051.jpg 1 56 26 35 51
0325_0088_0009_0051_0073.jpg 1 88 9 51 73
0326_0094_0039_0037_0053.jpg 1 94 39 37 53
0327_0098_0018_0051_0073.jpg 1 98 18 51 73
0328_0067_0014_0050_0071.jpg 1 67 14 50 71
0329_0079_0006_0048_0069.jpg 1 79 6 48 69
0330_0088_0038_0040_0058.jpg 1 88 38 40 58
0331_0019_0024_0042_0060.jpg 1 19 24 42 60
0332_0112_0004_0048_0069.jpg 1 112 4 48 69
0333_0044_0009_0040_0057.jpg 1 44 9 40 57
0334_0118_0027_0050_0071.jpg 1 118 27 50 71
0335_0031_0042_0035_0051.jpg 1 31 42 35 51
0336_0030_0036_0035_0050.jpg 1 30 36 35 50
0337_0135_0010_0038_0055.jpg 1 135 10 38 55
0338_0094_0032_0043_0062.jpg 1 94 32 43 62
0339_0106_0034_0040_0058.jpg 1 106 34 40 58
0340_0082_0018_0048_0069.jpg 1 82 18 48 69
0341_0035_0020_0041_0058.jpg 1 35 20 41 58
0342_0093_0013_0035_0050.jpg 1 93 13 35 50
0343_0054_0005_0040_0057.jpg 1 54 5 40 57
0344_0110_0015_0039_0056.jpg 1 110 15 39 56
0345_0070_0015_0037_0053.jpg 1 70 15 37 53
0346_0103_0037_0038_0054.jpg 1 103 37 38 54
0347_0119_0032_0041_0059.jpg 1 119 32 41 59
0348_0116_0021_0035_0050.jpg 1 116 21 35 50
0349_0051_0041_0043_0061.jpg 1 51 41 43 61
0350_0084_0023_0043_0061.jpg 1 84 23 43 61
0351_0070_0033_0044_0063.jpg 1 70 33 44 63
0352_0118_0027_0046_0066.jpg 1 118 27 46 66
0353_0088_0006_0041_0058.jpg 1 88 6 41 58
0354_0059_0018_0045_0064.jpg 1 59 18 45 64
0355_0084_0006_0045_0064.jpg 1 84 6 45 64
0356_0121_0024_0045_0065.jpg 1 121 24 45 65
0357_0019_0008_0046_0066.jpg 1 19 8 46 66
0358_0129_0017_0037_0053.jpg 1 129 17 37 53
0359_0059_0018_0050_0071.jpg 1 59 18 50 71
0360_0083_0026_0050_0072.jpg 1 83 26 50 72
0361_0055_0038_0036_0051.jpg 1 55 38 36 51
0362_0107_0043_0041_0059.jpg 1 107 43 41 59
0363_0018_0006_0036_0051.jpg 1 18 6 36 51
0364_0087_0006_0040_0058.jpg 1 87 6 40 58
0365_0133_0035_0037_0053.jpg 1 133 35 37 53
0366_0109_0021_0044_0063.jpg 1 109 21 44 63
0367_0021_0032_0042_0060.jpg 1 21 32 42 60
0368_0018_0018_0039_0056.jpg 1 18 18 39 56
0369_0020_0050_0036_0051.jpg 1 20 50 36 51
0370_0136_0014_0039_0056.jpg 1 136 14 39 56
0371_0105_0028_0048_0069.jpg 1 105 28 48 69
0372_0083_0023_0043_0062.jpg 1 83 23 43 62
0373_0047_0008_0041_0059.jpg 1 47 8 41 59
0374_0100_0011_0046_0066.jpg 1 100 11 46 66
0375_0022_0012_0043_0062.jpg 1 22 12 43 62
0376_0055_0036_0038_0055.jpg 1 55 36 38 55
0377_0092_0019_0049_0071.jpg 1 92 19 49 71
0378_0054_0019_0044_0063.jpg 1 54 19 44 63
0379_0085_0006_0042_0060.jpg 1 85 6 42 60
0380_0071_0029_0043_0061.jpg 1 71 29 43 61
0381_0133_0030_0040_0057.jpg 1 133 30 40 57
0382_0030_0005_0049_0071.jpg 1 30 5 49 71
0383_0109_0025_0050_0072.jpg 1 109 25 50 72
0384_0078_0009_0048_0069.jpg 1 78 9 48 69
0385_0034_0024_0035_0050.jpg 1 34 24 35 50
0386_0119_0009_0048_0069.jpg 1 119 9 48 69
0387_0021_0029_0046_0066.jpg 1 21 29 46 66
0388_0072_0005_0044_0062.jpg 1 72 5 44 62
0389_0025_0023_0037_0053.jpg 1 25 23 37 53
0390_0049_0008_0035_0050.jpg 1 49 8 35 50
0391_0050_0011_0047_0067.jpg 1 50 11 47 67
0392_0020_0032_0046_0067.jpg 1 20 32 46 67
0393_0113_0020_0039_0056.jpg 1 113 20 39 56
0394_0107_0024_0051_0073.jpg 1 107 24 51 73
0395_0062_0016_0044_0064.jpg 1 62 16 44 64
0396_0051_0034_0040_0057.jpg 1 51 34 40 57
0397_0113_0022_0049_0070.jpg 1 113 22 49 70
0398_0100_0007_0043_0062.jpg 1 100 7 43 62
0399_0121_0015_0049_0070.jpg 1 121 15 49 70
0400_0117_0026_0050_0071.jpg 1 117 26 50 71
0401_0108_0026_0042_0061.jpg 1 108 26 42 61
0402_0107_0029_0045_0064.jpg 1 107 29 45 64
0403_0067_0005_0037_0053.jpg 1 67 5 37 53
0404_0090_0005_0049_0070.jpg 1 90 5 49 70
0405_0023_0006_0037_0053.jpg 1 23 6 37 53
0406_0135_0048_0036_0052.jpg 1 135 48 36 52
0407_0089_0029_0039_0056.jpg 1 89 29 39 56
0408_0113_0011_0052_0075.jpg 1 113 11 52 75
0409_0016_0037_0043_0061.jpg 1 16 37 43 61
0410_0098_0009_0049_0070.jpg 1 98 9 49 70
0411_0091_0040_0036_0052.jpg 1 91 40 36 52
0412_0022_0015_0041_0059.jpg 1 22 15 41 59
0413_0103_0016_0049_0070.jpg 1 103 16 49 70
0414_0057_0036_0038_0054.jpg 1 57 36 38 54
0415_0070_0013_0050_0071.jpg 1 70 13 50 71
0416_0075_0014_0049_0071.jpg 1 75 14 49 71
0417_0123_0013_0038_0055.jpg 1 123 13 38 55
0418_0026_0037_0041_0059.jpg 1 26 37 41 59
0419_0050_0016_0048_0069.jpg 1 50 16 48 69
0420_0034_0009_0036_0052.jpg 1 34 9 36 52
0421_0022_0007_0037_0053.jpg 1 22 7 37 53
0422_0053_0008_0043_0062.jpg 1 53 8 43 62
0423_0104_0035_0045_0064.jpg 1 104 35 45 64
0424_0046_0019_0052_0075.jpg 1 46 19 52 75
0425_0114_0007_0043_0061.jpg 1 114 7 43 61
0426_0061_0028_0042_0060.jpg 1 61 28 42 60
0427_0116_0025_0047_0067.jpg 1 116 25 47 67
0428_0017_0044_0040_0057.jpg 1 17 44 40 57
0429_0035_0015_0042_0061.jpg 1 35 15 42 61
0430_0084_0022_0051_0073.jpg 1 84 22 51 73
0431_0102_0020_0049_0071.jpg 1 102 20 49 71
0432_0060_0006_0039_0055.jpg 1 60 6 39 55
0433_0035_0005_0050_0071.jpg 1 35 5 50 71
0434_0021_0017_0036_0051.jpg 1 21 17 36 51
0435_0099_0038_0044_0063.jpg 1 99 38 44 63
0436_0117_0034_0038_0054.jpg 1 117 34 38 54
0437_0024_0033_0039_0055.jpg 1 24 33 39 55
0438_0017_0043_0036_0051.jpg 1 17 43 36 51
0439_0099_0047_0035_0050.jpg 1 99 47 35 50
0440_0127_0023_0050_0071.jpg 1 127 23 50 71
0441_0137_0037_0039_0056.jpg 1 137 37 39 56
0442_0135_0030_0035_0050.jpg 1 135 30 35 50
0443_0069_0024_0051_0073.jpg 1 69 24 51 73
0444_0028_0028_0044_0063.jpg 1 28 28 44 63
0445_0093_0030_0036_0052.jpg 1 93 30 36 52
0446_0022_0028_0047_0067.jpg 1 22 28 47 67
0447_0084_0006_0046_0066.jpg 1 84 6 46 66
0448_0092_0008_0049_0071.jpg 1 92 8 49 71
0449_0015_0009_0043_0061.jpg 1 15 9 43 61
0450_0068_0033_0049_0070.jpg 1 68 33 49 70
0451_0057_0033_0037_0054.jpg 1 57 33 37 54
0452_0031_0038_0044_0063.jpg 1 31 38 44 63
0453_0074_0012_0048_0069.jpg 1 74 12 48 69
0454_0023_0026_0037_0053.jpg 1 23 26 37 53
0455_0030_0014_0047_0068.jpg 1 30 14 47 68
0456_0035_0012_0052_0074.jpg 1 35 12 52 74
0457_0067_0013_0049_0070.jpg 1 67 13 49 70
0458_0020_0030_0035_0050.jpg 1 20 30 35 50
0459_0047_0027_0049_0071.jpg 1 47 27 49 71
0460_0026_0008_0048_0069.jpg 1 26 8 48 69
0461_0115_0037_0040_0057.jpg 1 115 37 40 57
0462_0054_0039_0037_0053.jpg 1 54 39 37 53
0463_0108_0009_0043_0062.jpg 1 108 9 43 62
0464_0114_0050_0036_0052.jpg 1 114 50 36 52
0465_0097_0018_0052_0075.jpg 1 97 18 52 75
0466_0074_0011_0037_0054.jpg 1 74 11 37 54
0467_0092_0006_0037_0053.jpg 1 92 6 37 53
0468_0110_0028_0050_0072.jpg 1 110 28 50 72
0469_0122_0029_0044_0063.jpg 1 122 29 44 63
0470_0095_0016_0041_0058.jpg 1 95 16 41 58
0471_0070_0017_0035_0050.jpg 1 70 17 35 50
0472_0076_0040_0037_0053.jpg 1 76 40 37 53
0473_0060_0028_0036_0052.jpg 1 60 28 36 52
0474_0086_0020_0045_0064.jpg 1 86 20 45 64
0475_0070_0025_0036_0052.jpg 1 70 25 36 52
0476_0073_0030_0045_0065.jpg 1 73 30 45 65
0477_0132_0021_0040_0057.jpg 1 132 21 40 57
0478_0073_0035_0037_0053.jpg 1 73 35 37 53
0479_0056_0035_0036_0051.jpg 1 56 35 36 51
0480_0107_0009_0036_0051.jpg 1 107 9 36 51
0481_0029_0008_0043_0062.jpg 1 29 8 43 62
0482_0089_0014_0036_0052.jpg 1 89 14 36 52
0483_0110_0013_0038_0054.jpg 1 110 13 38 54
0484_0068_0034_0044_0064.jpg 1 68 34 44 64
0485_0108_0035_0041_0059.jpg 1 108 35 41 59
0486_0059_0011_0049_0070.jpg 1 59 11 49 70
0487_0087_0009_0045_0065.jpg 1 87 9 45 65
0488_0054_0024_0049_0070.jpg 1 54 24 49 70
0489_0116_0025_0045_0064.jpg 1 116 25 45 64
0490_0046_0009_0039_0055.jpg 1 46 9 39 55
0491_0100_0025_0044_0062.jpg 1 100 25 44 62
0492_0034_0012_0051_0073.jpg 1 34 12 51 73
0493_0015_0022_0049_0071.jpg 1 15 22 49 71
0494_0043_0048_0037_0052.jpg 1 43 48 37 52
0495_0104_0023_0041_0059.jpg 1 104 23 41 59
0496_0090_0028_0047_0067.jpg 1 90 28 47 67
0497_0053_0008_0041_0058.jpg 1 53 8 41 58
0498_0092_0012_0046_0066.jpg 1 92 12 46 66
0499_0134_0012_0042_0060.jpg 1 134 12 42 60
0500_0050_0045_0037_0053.jpg 1 50 45 37 53
0501_0045_0018_0052_0075.jpg 1 45 18 52 75
0502_0031_0018_0043_0062.jpg 1 31 18 43 62
0503_0033_0009_0049_0070.jpg 1 33 9 49 70
0504_0022_0016_0038_0055.jpg 1 22 16 38 55
0505_0038_0019_0049_0070.jpg 1 38 19 49 70
0506_0121_0033_0035_0051.jpg 1 121 33 35 51
0507_0050_0030_0051_0073.jpg 1 50 30 51 73
0508_0062_0039_0037_0053.jpg 1 62 39 37 53
0509_0066_0008_0041_0058.jpg 1 66 8 41 58
0510_0038_0029_0046_0066.jpg 1 38 29 46 66
0511_0027_0009_0035_0050.jpg 1 27 9 35 50
0512_0015_0035_0043_0062.jpg 1 15 35 43 62
0513_0049_0033_0040_0057.jpg 1 49 33 40 57
0514_0130_0039_0043_0062.jpg 1 130 39 43 62
0515_0076_0017_0043_0061.jpg 1 76 17 43 61
0516_0051_0009_0051_0074.jpg 1 51 9 51 74
0517_0102_0029_0037_0054.jpg 1 102 29 37 54
0518_0025_0017_0035_0050.jpg 1 25 17 35 50
0519_0026_0036_0040_0057.jpg 1 26 36 40 57
0520_0111_0010_0047_0068.jpg 1 111 10 47 68
0521_0110_0024_0047_0068.jpg 1 110 24 47 68
0522_0080_0010_0039_0057.jpg 1 80 10 39 57
0523_0081_0020_0042_0060.jpg 1 81 20 42 60
0524_0075_0009_0041_0059.jpg 1 75 9 41 59
0525_0100_0032_0049_0070.jpg 1 100 32 49 70
0526_0037_0035_0040_0058.jpg 1 37 35 40 58
0527_0050_0006_0047_0067.jpg 1 50 6 47 67
0528_0123_0029_0041_0059.jpg 1 123 29 41 59
0529_0078_0007_0043_0062.jpg 1 78 7 43 62
0530_0058_0012_0052_0075.jpg 1 58 12 52 75
0531_0124_0018_0047_0068.jpg 1 124 18 47 68
0532_0102_0012_0052_0074.jpg 1 102 12 52 74
0533_0124_0024_0037_0053.jpg 1 124 24 37 53
0534_0088_0015_0035_0050.jpg 1 88 15 35 50
0535_0089_0013_0047_0068.jpg 1 89 13 47 68
0536_0058_0007_0051_0074.jpg 1 58 7 51 74
0537_0121_0035_0048_0068.jpg 1 121 35 48 68
0538_0075_0016_0042_0060.jpg 1 75 16 42 60
0539_0098_0015_0037_0053.jpg 1 98 15 37 53
0540_0128_0011_0047_0068.jpg 1 128 11 47 68
0541_0106_0006_0052_0075.jpg 1 106 6 52 75
0542_0117_0021_0036_0052.jpg 1 117 21 36 52
0543_0131_0026_0044_0063.jpg 1 131 26 44 63
0544_0126_0005_0043_0061.jpg 1 126 5 43 61
0545_0106_0045_0039_0056.jpg 1 106 45 39 56
0546_0111_0043_0039_0056.jpg 1 111 43 39 56
0547_0090_0026_0051_0073.jpg 1 90 26 51 73
0548_0047_0018_0045_0065.jpg 1 47 18 45 65
0549_0117_0010_0045_0064.jpg 1 117 10 45 64
0550_0071_0031_0043_0061.jpg 1 71 31 43 61
0551_0095_0013_0037_0053.jpg 1 95 13 37 53
0552_0133_0033_0039_0056.jpg 1 133 33 39 56
0553_0072_0011_0041_0059.jpg 1 72 11 41 59
0554_0103_0029_0037_0053.jpg 1 103 29 37 53
0555_0094_0010_0046_0065.jpg 1 94 10 46 65
0556_0126_0016_0050_0072.jpg 1 126 16 50 72
0557_0025_0046_0039_0056.jpg 1 25 46 39 56
0558_0099_0004_0047_0068.jpg 1 99 4 47 68
0559_0113_0014_0051_0073.jpg 1 113 14 51 73
0560_0128_0023_0045_0064.jpg 1 128 23 45 64
0561_0017_0044_0039_0056.jpg 1 17 44 39 56
0562_0126_0032_0043_0062.jpg 1 126 32 43 62
0563_0083_0006_0035_0051.jpg 1 83 6 35 51
0564_0100_0015_0044_0063.jpg 1 100 15 44 63
0565_0113_0006_0046_0066.jpg 1 113 6 46 66
0566_0055_0029_0043_0062.jpg 1 55 29 43 62
0567_0037_0014_0048_0068.jpg 1 37 14 48 68
0568_0132_0021_0036_0052.jpg 1 132 21 36 52
0569_0016_0034_0041_0059.jpg 1 16 34 41 59
0570_0106_0011_0038_0055.jpg 1 106 11 38 55
0571_0046_0015_0043_0061.jpg 1 46 15 43 61
0572_0060_0015_0042_0061.jpg 1 60 15 42 61
0573_0126_0005_0046_0065.jpg 1 126 5 46 65
0574_0114_0021_0048_0069.jpg 1 114 21 48 69
0575_0088_0010_0049_0070.jpg 1 88 10 49 70
0576_0039_0017_0037_0054.jpg 1 39 17 37 54
0577_0075_0032_0047_0068.jpg 1 75 32 47 68
0578_0044_0034_0036_0052.jpg 1 44 34 36 52
0579_0067_0018_0050_0072.jpg 1 67 18 50 72
0580_0098_0007_0044_0063.jpg 1 98 7 44 63
0581_0087_0040_0037_0054.jpg 1 87 40 37 54
0582_0065_0042_0042_0060.jpg 1 65 42 42 60
0583_0025_0010_0037_0054.jpg 1 25 10 37 54
0584_0099_0022_0045_0064.jpg 1 99 22 45 64
0585_0111_0035_0043_0062.jpg 1 111 35 43 62
0586_0075_0005_0047_0067.jpg 1 75 5 47 67
0587_0043_0015_0045_0065.jpg 1 43 15 45 65
0588_0120_0011_0044_0064.jpg 1 120 11 44 64
0589_0025_0019_0047_0067.jpg 1 25 19 47 67
0590_0078_0026_0035_0051.jpg 1 78 26 35 51
0591_0026_0021_0043_0062.jpg 1 26 21 43 62
0592_0095_0029_0052_0074.jpg 1 95 29 52 74
0593_0038_0015_0050_0072.jpg 1 38 15 50 72
0594_0083_0020_0042_0060.jpg 1 83 20 42 60
0595_0044_0026_0052_0075.jpg 1 44 26 52 75
0596_0102_0014_0036_0052.jpg 1 102 14 36 52
0597_0106_0034_0040_0057.jpg 1 106 34 40 57
0598_0040_0009_0047_0067.jpg 1 40 9 47 67
0599_0039_0008_0049_0070.jpg 1 39 8 49 70
0600_0021_0038_0041_0058.jpg 1 21 38 41 58
0601_0071_0035_0037_0053.jpg 1 71 35 37 53
0602_0082_0013_0048_0069.jpg 1 82 13 48 69
0603_0116_0009_0051_0073.jpg 1 116 9 51 73
0604_0077_0022_0036_0052.jpg 1 77 22 36 52
0605_0079_0024_0049_0070.jpg 1 79 24 49 70
0606_0094_0042_0035_0050.jpg 1 94 42 35 50
0607_0065_0013_0050_0071.jpg 1 65 13 50 71
0608_0050_0014_0041_0058.jpg 1 50 14 41 58
0609_0072_0011_0051_0074.jpg 1 72 11 51 74
0610_0099_0029_0050_0072.jpg 1 99 29 50 72
0611_0019_0040_0038_0055.jpg 1 19 40 38 55
0612_0139_0014_0036_0052.jpg 1 139 14 36 52
0613_0054_0004_0045_0065.jpg 1 54 4 45 65
0614_0135_0049_0037_0053.jpg 1 135 49 37 53
0615_0085_0011_0037_0053.jpg 1 85 11 37 53
0616_0053_0016_0045_0065.jpg 1 53 16 45 65
0617_0063_0016_0044_0063.jpg 1 63 16 44 63
0618_0073_0034_0045_0064.jpg 1 73 34 45 64
0619_0072_0022_0050_0072.jpg 1 72 22 50 72
0620_0041_0034_0047_0067.jpg 1 41 34 47 67
0621_0115_0021_0044_0063.jpg 1 115 21 44 63
0622_0108_0011_0048_0068.jpg 1 108 11 48 68
0623_0080_0008_0047_0067.jpg 1 80 8 47 67
0624_0086_0032_0042_0060.jpg 1 86 32 42 60
0625_0063_0033_0039_0056.jpg 1 63 33 39 56
0626_0027_0019_0041_0059.jpg 1 27 19 41 59
0627_0087_0035_0045_0065.jpg 1 87 35 45 65
0628_0065_0010_0050_0072.jpg 1 65 10 50 72
0629_0034_0013_0036_0052.jpg 1 34 13 36 52
0630_0122_0007_0042_0061.jpg 1 122 7 42 61
0631_0125_0020_0041_0058.jpg 1 125 20 41 58
0632_0036_0024_0050_0072.jpg 1 36 24 50 72
0633_0111_0027_0045_0065.jpg 1 111 27 45 65
0634_0084_0038_0045_0064.jpg 1 84 38 45 64
0635_0099_0021_0041_0059.jpg 1 99 21 41 59
0636_0048_0024_0041_0059.jpg 1 48 24 41 59
0637_0041_0029_0045_0065.jpg 1 41 29 45 65
0638_0033_0007_0048_0069.jpg 1 33 7 48 69
0639_0027_0026_0052_0075.jpg 1 27 26 52 75
0640_0025_0027_0049_0070.jpg 1 25 27 49 70
0641_0039_0009_0038_0055.jpg 1 39 9 38 55
0642_0037_0033_0049_0070.jpg 1 37 33 49 70
0643_0060_0048_0037_0053.jpg 1 60 48 37 53
0644_0039_0028_0047_0068.jpg 1 39 28 47 68
0645_0043_0015_0046_0066.jpg 1 43 15 46 66
0646_0035_0012_0046_0066.jpg 1 35 12 46 66
0647_0136_0031_0039_0056.jpg 1 136 31 39 56
0648_0082_0036_0036_0052.jpg 1 82 36 36 52
0649_0090_0026_0043_0062.jpg 1 90 26 43 62
0650_0101_0037_0039_0055.jpg 1 101 37 39 55
0651_0018_0042_0042_0060.jpg 1 18 42 42 60
0652_0110_0019_0037_0053.jpg 1 110 19 37 53
0653_0123_0046_0039_0056.jpg 1 123 46 39 56
0654_0114_0034_0043_0061.jpg 1 114 34 43 61
0655_0124_0018_0045_0065.jpg 1 124 18 45 65
0656_0019_0041_0041_0059.jpg 1 19 41 41 59
0657_0060_0009_0041_0059.jpg 1 60 9 41 59
0658_0116_0012_0050_0072.jpg 1 116 12 50 72
0659_0019_0026_0050_0071.jpg 1 19 26 50 71
0660_0040_0036_0042_0061.jpg 1 40 36 42 61
0661_0063_0040_0038_0054.jpg 1 63 40 38 54
0662_0105_0035_0048_0068.jpg 1 105 35 48 68
0663_0058_0033_0047_0067.jpg 1 58 33 47 67
0664_0034_0035_0042_0061.jpg 1 34 35 42 61
0665_0113_0021_0050_0072.jpg 1 113 21 50 72
0666_0093_0017_0044_0063.jpg 1 93 17 44 63
0667_0017_0015_0052_0074.jpg 1 17 15 52 74
0668_0107_0014_0052_0074.jpg 1 107 14 52 74
0669_0048_0032_0049_0070.jpg 1 48 32 49 70
0670_0091_0037_0045_0064.jpg 1 91 37 45 64
0671_0018_0029_0038_0054.jpg 1 18 29 38 54
0672_0085_0045_0037_0054.jpg 1 85 45 37 54
0673_0093_0015_0052_0074.jpg 1 93 15 52 74
0674_0035_0008_0049_0071.jpg 1 35 8 49 71
0675_0122_0032_0045_0065.jpg 1 122 32 45 65
0676_0081_0012_0043_0061.jpg 1 81 12 43 61
0677_0027_0012_0047_0067.jpg 1 27 12 47 67
0678_0041_0048_0037_0053.jpg 1 41 48 37 53
0679_0055_0009_0043_0062.jpg 1 55 9 43 62
0680_0043_0029_0047_0068.jpg 1 43 29 47 68
0681_0079_0032_0038_0054.jpg 1 79 32 38 54
0682_0094_0034_0039_0056.jpg 1 94 34 39 56
0683_0053_0037_0041_0059.jpg 1 53 37 41 59
0684_0130_0036_0046_0066.jpg 1 130 36 46 66
0685_0026_0015_0042_0060.jpg 1 26 15 42 60
0686_0036_0013_0045_0065.jpg 1 36 13 45 65
0687_0069_0013_0052_0074.jpg 1 69 13 52 74
0688_0085_0047_0037_0054.jpg 1 85 47 37 54
0689_0099_0016_0046_0066.jpg 1 99 16 46 66
0690_0037_0015_0039_0056.jpg 1 37 15 39 56
0691_0094_0018_0041_0058.jpg 1 94 18 41 58
0692_0045_0006_0040_0057.jpg 1 45 6 40 57
0693_0019_0015_0046_0067.jpg 1 19 15 46 67
0694_0058_0030_0048_0069.jpg 1 58 30 48 69
0695_0015_0021_0045_0065.jpg 1 15 21 45 65
0696_0108_0034_0046_0066.jpg 1 108 34 46 66
0697_0025_0028_0043_0061.jpg 1 25 28 43 61
0698_0137_0006_0037_0052.jpg 1 137 6 37 52
0699_0112_0041_0042_0060.jpg 1 112 41 42 60
0700_0073_0012_0043_0061.jpg 1 73 12 43 61
0701_0037_0021_0042_0061.jpg 1 37 21 42 61
0702_0034_0008_0042_0060.jpg 1 34 8 42 60
0703_0063_0015_0035_0050.jpg 1 63 15 35 50
0704_0034_0026_0039_0055.jpg 1 34 26 39 55
0705_0024_0014_0042_0060.jpg 1 24 14 42 60
0706_0123_0006_0049_0070.jpg 1 123 6 49 70
0707_0044_0029_0043_0062.jpg 1 44 29 43 62
0708_0074_0005_0045_0065.jpg 1 74 5 45 65
0709_0104_0023_0052_0074.jpg 1 104 23 52 74
0710_0138_0011_0036_0052.jpg 1 138 11 36 52
0711_0063_0032_0048_0068.jpg 1 63 32 48 68
0712_0100_0019_0039_0056.jpg 1 100 19 39 56
0713_0072_0036_0045_0064.jpg 1 72 36 45 64
0714_0120_0004_0051_0073.jpg 1 120 4 51 73
0715_0044_0021_0045_0065.jpg 1 44 21 45 65
0716_0078_0024_0051_0074.jpg 1 78 24 51 74
0717_0090_0028_0040_0057.jpg 1 90 28 40 57
0718_0059_0036_0040_0057.jpg 1 59 36 40 57
0719_0063_0032_0044_0064.jpg 1 63 32 44 64
0720_0046_0006_0042_0060.jpg 1 46 6 42 60
0721_0015_0011_0047_0067.jpg 1 15 11 47 67
0722_0117_0038_0045_0065.jpg 1 117 38 45 65
0723_0128_0024_0047_0067.jpg 1 128 24 47 67
0724_0068_0006_0046_0066.jpg 1 68 6 46 66
0725_0024_0020_0041_0059.jpg 1 24 20 41 59
0726_0026_0009_0049_0070.jpg 1 26 9 49 70
0727_0123_0011_0038_0055.jpg 1 123 11 38 55
0728_0028_0023_0037_0053.jpg 1 28 23 37 53
0729_0121_0017_0051_0074.jpg 1 121 17 51 74
0730_0072_0025_0049_0071.jpg 1 72 25 49 71
0731_0115_0006_0047_0068.jpg 1 115 6 47 68
0732_0113_0036_0038_0054.jpg 1 113 36 38 54
0733_0099_0024_0051_0073.jpg 1 99 24 51 73
0734_0098_0025_0040_0057.jpg 1 98 25 40 57
0735_0053_0017_0047_0068.jpg 1 53 17 47 68
0736_0109_0019_0043_0061.jpg 1 109 19 43 61
0737_0060_0004_0048_0068.jpg 1 60 4 48 68
0738_0027_0039_0043_0062.jpg 1 27 39 43 62
0739_0113_0010_0051_0073.jpg 1 113 10 51 73
0740_0032_0041_0037_0052.jpg 1 32 41 37 52
0741_0070_0012_0043_0061.jpg 1 70 12 43 61
0742_0105_0004_0051_0073.jpg 1 105 4 51 73
0743_0126_0014_0035_0050.jpg 1 126 14 35 50
0744_0113_0033_0045_0065.jpg 1 113 33 45 65
0745_0054_0012_0040_0057.jpg 1 54 12 40 57
0746_0049_0017_0051_0073.jpg 1 49 17 51 73
0747_0059_0007_0041_0059.jpg 1 59 7 41 59
0748_0098_0022_0036_0051.jpg 1 98 22 36 51
0749_0098_0022_0043_0061.jpg 1 98 22 43 61
0750_0125_0033_0038_0055.jpg 1 125 33 38 55
0751_0066_0032_0046_0066.jpg 1 66 32 46 66
0752_0108_0027_0038_0055.jpg 1 108 27 38 55
0753_0030_0034_0041_0059.jpg 1 30 34 41 59
0754_0090_0018_0044_0063.jpg 1 90 18 44 63
0755_0046_0037_0043_0061.jpg 1 46 37 43 61
0756_0024_0010_0043_0062.jpg 1 24 10 43 62
0757_0024_0010_0047_0068.jpg 1 24 10 47 68
0758_0047_0022_0047_0068.jpg 1 47 22 47 68
0759_0064_0007_0047_0067.jpg 1 64 7 47 67
0760_0088_0029_0042_0061.jpg 1 88 29 42 61
0761_0121_0033_0042_0060.jpg 1 121 33 42 60
0762_0134_0014_0041_0059.jpg 1 134 14 41 59
0763_0103_0018_0043_0062.jpg 1 103 18 43 62
0764_0114_0036_0047_0067.jpg 1 114 36 47 67
0765_0127_0011_0040_0057.jpg 1 127 11 40 57
0766_0107_0045_0036_0051.jpg 1 107 45 36 51
0767_0107_0039_0035_0050.jpg 1 107 39 35 50
0768_0089_0006_0046_0066.jpg 1 89 6 46 66
0769_0030_0010_0050_0072.jpg 1 30 10 50 72
0770_0123_0015_0049_0070.jpg 1 123 15 49 70
0771_0094_0012_0044_0063.jpg 1 94 12 44 63
0772_0068_0011_0048_0069.jpg 1 68 11 48 69
0773_0075_0030_0046_0067.jpg 1 75 30 46 67
0774_0112_0010_0048_0069.jpg 1 112 10 48 69
0775_0083_0032_0037_0054.jpg 1 83 32 37 54
0776_0116_0009_0035_0050.jpg 1 116 9 35 50
0777_0101_0032_0043_0061.jpg 1 101 32 43 61
0778_0125_0005_0048_0069.jpg 1 125 5 48 69
0779_0081_0004_0051_0074.jpg 1 81 4 51 74
0780_0021_0005_0051_0073.jpg 1 21 5 51 73
0781_0115_0022_0037_0053.jpg 1 115 22 37 53
0782_0017_0025_0038_0055.jpg 1 17 25 38 55
0783_0036_0024_0035_0050.jpg 1 36 24 35 50
0784_0048_0028_0045_0064.jpg 1 48 28 45 64
0785_0054_0038_0035_0050.jpg 1 54 38 35 50
0786_0054_0016_0051_0074.jpg 1 54 16 51 74
0787_0049_0029_0048_0068.jpg 1 49 29 48 68
0788_0114_0047_0036_0052.jpg 1 114 47 36 52
0789_0050_0024_0051_0072.jpg 1 50 24 51 72
0790_0125_0023_0048_0068.jpg 1 125 23 48 68
0791_0125_0036_0043_0062.jpg 1 125 36 43 62
0792_0063_0009_0044_0064.jpg 1 63 9 44 64
0793_0040_0047_0036_0051.jpg 1 40 47 36 51
0794_0072_0040_0044_0063.jpg 1 72 40 44 63
0795_0108_0021_0044_0063.jpg 1 108 21 44 63
0796_0031_0042_0039_0055.jpg 1 31 42 39 55
0797_0099_0015_0044_0064.jpg 1 99 15 44 64
0798_0041_0007_0048_0069.jpg 1 41 7 48 69
0799_0078_0018_0036_0052.jpg 1 78 18 36 52
0800_0069_0026_0045_0065.jpg 1 69 26 45 65
0801_0044_0026_0043_0062.jpg 1 44 26 43 62
0802_0073_0035_0043_0062.jpg 1 73 35 43 62
0803_0080_0012_0047_0068.jpg 1 80 12 47 68
0804_0017_0023_0038_0054.jpg 1 17 23 38 54
0805_0051_0009_0043_0062.jpg 1 51 9 43 62
0806_0109_0026_0043_0062.jpg 1 109 26 43 62
0807_0025_0023_0046_0066.jpg 1 25 23 46 66
0808_0022_0046_0037_0053.jpg 1 22 46 37 53
0809_0084_0032_0039_0055.jpg 1 84 32 39 55
0810_0112_0022_0039_0056.jpg 1 112 22 39 56
0811_0090_0021_0052_0075.jpg 1 90 21 52 75
0812_0051_0014_0042_0060.jpg 1 51 14 42 60
0813_0117_0027_0045_0064.jpg 1 117 27 45 64
