0001_0037_0010_0046_0066.jpg 1 37 10 46 66
0002_0068_0020_0037_0053.jpg 1 68 20 37 53
0003_0118_0033_0046_0066.jpg 1 118 33 46 66
0004_0050_0010_0039_0057.jpg 1 50 10 39 57
0005_0024_0013_0047_0068.jpg 1 24 13 47 68
0006_0054_0022_0043_0062.jpg 1 54 22 43 62
0007_0069_0012_0050_0072.jpg 1 69 12 50 72
0008_0052_0020_0052_0074.jpg 1 52 20 52 74
0009_0093_0031_0042_0060.jpg 1 93 31 42 60
0010_0060_0035_0047_0067.jpg 1 60 35 47 67
0011_0075_0027_0036_0051.jpg 1 75 27 36 51
0012_0129_0044_0036_0052.jpg 1 129 44 36 52
0013_0085_0025_0048_0068.jpg 1 85 25 48 68
0014_0047_0015_0041_0058.jpg 1 47 15 41 58
0015_0055_0009_0044_0062.jpg 1 55 9 44 62
0016_0050_0024_0043_0061.jpg 1 50 24 43 61
0017_0138_0014_0035_0050.jpg 1 138 14 35 50
0018_0100_0020_0050_0072.jpg 1 100 20 50 72
0019_0021_0021_0044_0062.jpg 1 21 21 44 62
0020_0074_0022_0049_0071.jpg 1 74 22 49 71
0021_0020_0016_0045_0065.jpg 1 20 16 45 65
0022_0053_0029_0039_0056.jpg 1 53 29 39 56
0023_0102_0021_0036_0051.jpg 1 102 21 36 51
0024_0037_0021_0039_0056.jpg 1 37 21 39 56
0025_0113_0018_0039_0056.jpg 1 113 18 39 56
0026_0102_0024_0037_0053.jpg 1 102 24 37 53
0027_0085_0023_0050_0072.jpg 1 85 23 50 72
0028_0087_0008_0048_0069.jpg 1 87 8 48 69
0029_0050_0033_0045_0065.jpg 1 50 33 45 65
0030_0039_0032_0048_0068.jpg 1 39 32 48 68
0031_0025_0029_0050_0072.jpg 1 25 29 50 72
0032_0082_0007_0040_0057.jpg 1 82 7 40 57
0033_0059_0016_0041_0059.jpg 1 59 16 41 59
0034_0097_0005_0049_0070.jpg 1 97 5 49 70
0035_0122_0030_0047_0068.jpg 1 122 30 47 68
0036_0084_0018_0036_0051.jpg 1 84 18 36 51
0037_0081_0012_0049_0070.jpg 1 81 12 49 70
0038_0048_0038_0037_0053.jpg 1 48 38 37 53
0039_0037_0028_0038_0054.jpg 1 37 28 38 54
0040_0024_0006_0035_0050.jpg 1 24 6 35 50
0041_0106_0006_0044_0063.jpg 1 106 6 44 63
0042_0046_0019_0036_0052.jpg 1 46 19 36 52
0043_0088_0012_0049_0070.jpg 1 88 12 49 70
0044_0081_0006_0049_0070.jpg 1 81 6 49 70
0045_0061_0043_0035_0050.jpg 1 61 43 35 50
0046_0040_0040_0040_0057.jpg 1 40 40 40 57
0047_0020_0012_0040_0057.jpg 1 20 12 40 57
0048_0016_0015_0046_0066.jpg 1 16 15 46 66
0049_0101_0011_0042_0060.jpg 1 101 11 42 60
0050_0092_0010_0048_0069.jpg 1 92 10 48 69
0051_0023_0005_0049_0070.jpg 1 23 5 49 70
0052_0108_0021_0045_0064.jpg 1 108 21 45 64
0053_0070_0012_0048_0069.jpg 1 70 12 48 69
0054_0072_0027_0042_0060.jpg 1 72 27 42 60
0055_0064_0041_0035_0050.jpg 1 64 41 35 50
0056_0055_0015_0038_0054.jpg 1 55 15 38 54
0057_0074_0024_0039_0056.jpg 1 74 24 39 56
0058_0088_0017_0046_0066.jpg 1 88 17 46 66
0059_0062_0038_0042_0060.jpg 1 62 38 42 60
0060_0094_0047_0038_0055.jpg 1 94 47 38 55
0061_0129_0027_0044_0063.jpg 1 129 27 44 63
0062_0110_0035_0042_0060.jpg 1 110 35 42 60
0063_0129_0018_0037_0054.jpg 1 129 18 37 54
0064_0034_0034_0047_0068.jpg 1 34 34 47 68
0065_0105_0012_0052_0074.jpg 1 105 12 52 74
0066_0027_0019_0045_0064.jpg 1 27 19 45 64
0067_0018_0019_0052_0075.jpg 1 18 19 52 75
0068_0067_0035_0047_0067.jpg 1 67 35 47 67
0069_0070_0018_0052_0074.jpg 1 70 18 52 74
0070_0068_0032_0041_0059.jpg 1 68 32 41 59
0071_0090_0023_0046_0065.jpg 1 90 23 46 65
0072_0129_0038_0040_0057.jpg 1 129 38 40 57
0073_0097_0012_0035_0050.jpg 1 97 12 35 50
0074_0033_0035_0042_0060.jpg 1 33 35 42 60
0075_0027_0021_0043_0061.jpg 1 27 21 43 61
0076_0105_0021_0037_0054.jpg 1 105 21 37 54
0077_0017_0044_0039_0056.jpg 1 17 44 39 56
0078_0048_0029_0047_0068.jpg 1 48 29 47 68
0079_0060_0018_0042_0060.jpg 1 60 18 42 60
0080_0124_0007_0050_0072.jpg 1 124 7 50 72
0081_0116_0014_0037_0053.jpg 1 116 14 37 53
0082_0021_0018_0050_0072.jpg 1 21 18 50 72
0083_0096_0027_0052_0075.jpg 1 96 27 52 75
0084_0090_0020_0039_0056.jpg 1 90 20 39 56
0085_0025_0014_0044_0063.jpg 1 25 14 44 63
0086_0106_0036_0044_0063.jpg 1 106 36 44 63
0087_0061_0025_0047_0067.jpg 1 61 25 47 67
0088_0133_0011_0037_0053.jpg 1 133 11 37 53
0089_0031_0012_0050_0072.jpg 1 31 12 50 72
0090_0019_0032_0049_0071.jpg 1 19 32 49 71
0091_0072_0008_0043_0062.jpg 1 72 8 43 62
0092_0121_0027_0052_0075.jpg 1 121 27 52 75
0093_0062_0024_0047_0067.jpg 1 62 24 47 67
0094_0015_0014_0052_0074.jpg 1 15 14 52 74
0095_0025_0027_0046_0065.jpg 1 25 27 46 65
0096_0062_0037_0046_0065.jpg 1 62 37 46 65
0097_0017_0005_0043_0061.jpg 1 17 5 43 61
0098_0021_0033_0041_0059.jpg 1 21 33 41 59
0099_0049_0034_0046_0066.jpg 1 49 34 46 66
0100_0020_0029_0052_0075.jpg 1 20 29 52 75
0101_0088_0012_0039_0056.jpg 1 88 12 39 56
0102_0026_0021_0049_0071.jpg 1 26 21 49 71
0103_0111_0004_0052_0074.jpg 1 111 4 52 74
0104_0090_0007_0042_0060.jpg 1 90 7 42 60
0105_0036_0007_0046_0065.jpg 1 36 7 46 65
0106_0099_0004_0052_0075.jpg 1 99 4 52 75
0107_0027_0029_0046_0066.jpg 1 27 29 46 66
0108_0066_0027_0035_0051.jpg 1 66 27 35 51
0109_0123_0034_0048_0069.jpg 1 123 34 48 69
0110_0085_0004_0052_0074.jpg 1 85 4 52 74
0111_0047_0008_0041_0059.jpg 1 47 8 41 59
0112_0071_0021_0051_0072.jpg 1 71 21 51 72
0113_0123_0009_0040_0057.jpg 1 123 9 40 57
0114_0068_0031_0039_0055.jpg 1 68 31 39 55
0115_0065_0022_0041_0059.jpg 1 65 22 41 59
0116_0118_0036_0036_0051.jpg 1 118 36 36 51
0117_0094_0038_0043_0061.jpg 1 94 38 43 61
0118_0086_0011_0038_0054.jpg 1 86 11 38 54
0119_0023_0031_0049_0070.jpg 1 23 31 49 70
0120_0092_0017_0046_0066.jpg 1 92 17 46 66
0121_0107_0011_0042_0060.jpg 1 107 11 42 60
0122_0051_0017_0037_0053.jpg 1 51 17 37 53
0123_0024_0024_0050_0072.jpg 1 24 24 50 72
0124_0017_0021_0051_0073.jpg 1 17 21 51 73
0125_0103_0030_0049_0070.jpg 1 103 30 49 70
0126_0075_0012_0052_0075.jpg 1 75 12 52 75
0127_0087_0016_0038_0054.jpg 1 87 16 38 54
0128_0029_0030_0046_0066.jpg 1 29 30 46 66
0129_0022_0032_0043_0061.jpg 1 22 32 43 61
0130_0023_0021_0052_0075.jpg 1 23 21 52 75
0131_0091_0006_0047_0068.jpg 1 91 6 47 68
0132_0071_0006_0043_0062.jpg 1 71 6 43 62
0133_0056_0029_0052_0074.jpg 1 56 29 52 74
0134_0101_0019_0038_0055.jpg 1 101 19 38 55
0135_0105_0011_0036_0052.jpg 1 105 11 36 52
0136_0130_0005_0039_0057.jpg 1 130 5 39 57
0137_0113_0026_0035_0050.jpg 1 113 26 35 50
0138_0069_0028_0043_0061.jpg 1 69 28 43 61
0139_0039_0044_0040_0057.jpg 1 39 44 40 57
0140_0094_0018_0044_0063.jpg 1 94 18 44 63
0141_0087_0025_0048_0069.jpg 1 87 25 48 69
0142_0023_0023_0038_0054.jpg 1 23 23 38 54
0143_0037_0026_0050_0072.jpg 1 37 26 50 72
0144_0021_0028_0051_0072.jpg 1 21 28 51 72
0145_0051_0015_0051_0073.jpg 1 51 15 51 73
0146_0130_0008_0041_0058.jpg 1 130 8 41 58
0147_0035_0005_0049_0070.jpg 1 35 5 49 70
0148_0014_0034_0047_0068.jpg 1 14 34 47 68
0149_0084_0034_0036_0051.jpg 1 84 34 36 51
0150_0069_0023_0043_0061.jpg 1 69 23 43 61
0151_0043_0024_0052_0074.jpg 1 43 24 52 74
0152_0068_0015_0049_0071.jpg 1 68 15 49 71
0153_0116_0012_0048_0068.jpg 1 116 12 48 68
0154_0065_0005_0042_0060.jpg 1 65 5 42 60
0155_0036_0018_0044_0064.jpg 1 36 18 44 64
0156_0085_0027_0035_0050.jpg 1 85 27 35 50
0157_0018_0049_0036_0052.jpg 1 18 49 36 52
0158_0112_0022_0046_0065.jpg 1 112 22 46 65
0159_0098_0031_0048_0069.jpg 1 98 31 48 69
0160_0024_0005_0048_0069.jpg 1 24 5 48 69
0161_0127_0029_0042_0061.jpg 1 127 29 42 61
0162_0052_0008_0051_0074.jpg 1 52 8 51 74
0163_0107_0022_0048_0069.jpg 1 107 22 48 69
0164_0085_0012_0038_0054.jpg 1 85 12 38 54
0165_0124_0038_0044_0063.jpg 1 124 38 44 63
0166_0104_0036_0038_0054.jpg 1 104 36 38 54
0167_0094_0026_0041_0059.jpg 1 94 26 41 59
0168_0069_0030_0041_0059.jpg 1 69 30 41 59
0169_0060_0021_0052_0075.jpg 1 60 21 52 75
0170_0082_0031_0048_0069.jpg 1 82 31 48 69
0171_0061_0014_0041_0059.jpg 1 61 14 41 59
0172_0031_0005_0047_0068.jpg 1 31 5 47 68
0173_0060_0022_0035_0050.jpg 1 60 22 35 50
0174_0074_0008_0051_0074.jpg 1 74 8 51 74
0175_0050_0041_0039_0055.jpg 1 50 41 39 55
0176_0056_0032_0050_0071.jpg 1 56 32 50 71
0177_0111_0022_0046_0066.jpg 1 111 22 46 66
0178_0102_0027_0036_0051.jpg 1 102 27 36 51
0179_0015_0041_0041_0059.jpg 1 15 41 41 59
0180_0021_0026_0049_0071.jpg 1 21 26 49 71
0181_0116_0037_0037_0053.jpg 1 116 37 37 53
0182_0121_0008_0038_0054.jpg 1 121 8 38 54
0183_0122_0008_0047_0067.jpg 1 122 8 47 67
0184_0059_0036_0044_0063.jpg 1 59 36 44 63
0185_0097_0020_0052_0074.jpg 1 97 20 52 74
0186_0130_0038_0038_0054.jpg 1 130 38 38 54
0187_0051_0040_0044_0063.jpg 1 51 40 44 63
0188_0082_0010_0046_0066.jpg 1 82 10 46 66
0189_0037_0013_0052_0074.jpg 1 37 13 52 74
0190_0068_0026_0040_0058.jpg 1 68 26 40 58
0191_0027_0023_0046_0066.jpg 1 27 23 46 66
0192_0021_0006_0039_0056.jpg 1 21 6 39 56
0193_0083_0025_0039_0056.jpg 1 83 25 39 56
0194_0058_0014_0037_0053.jpg 1 58 14 37 53
0195_0057_0015_0047_0067.jpg 1 57 15 47 67
0196_0115_0021_0037_0054.jpg 1 115 21 37 54
0197_0052_0031_0044_0064.jpg 1 52 31 44 64
0198_0092_0027_0036_0052.jpg 1 92 27 36 52
0199_0129_0007_0037_0053.jpg 1 129 7 37 53
0200_0041_0049_0037_0052.jpg 1 41 49 37 52
0201_0015_0016_0050_0071.jpg 1 15 16 50 71
0202_0118_0026_0050_0072.jpg 1 118 26 50 72
0203_0109_0005_0042_0061.jpg 1 109 5 42 61
0204_0081_0005_0039_0056.jpg 1 81 5 39 56
0205_0031_0021_0042_0061.jpg 1 31 21 42 61
0206_0038_0019_0051_0073.jpg 1 38 19 51 73
0207_0022_0008_0039_0056.jpg 1 22 8 39 56
0208_0070_0037_0036_0052.jpg 1 70 37 36 52
0209_0092_0032_0045_0064.jpg 1 92 32 45 64
0210_0124_0013_0047_0067.jpg 1 124 13 47 67
0211_0056_0040_0040_0057.jpg 1 56 40 40 57
0212_0094_0012_0043_0062.jpg 1 94 12 43 62
0213_0099_0033_0036_0052.jpg 1 99 33 36 52
0214_0111_0050_0035_0050.jpg 1 111 50 35 50
0215_0046_0022_0043_0062.jpg 1 46 22 43 62
0216_0020_0024_0050_0071.jpg 1 20 24 50 71
0217_0060_0035_0045_0064.jpg 1 60 35 45 64
0218_0051_0023_0046_0066.jpg 1 51 23 46 66
0219_0044_0019_0052_0074.jpg 1 44 19 52 74
0220_0068_0038_0035_0050.jpg 1 68 38 35 50
0221_0111_0024_0045_0064.jpg 1 111 24 45 64
0222_0067_0009_0048_0069.jpg 1 67 9 48 69
0223_0035_0014_0046_0066.jpg 1 35 14 46 66
0224_0118_0042_0035_0050.jpg 1 118 42 35 50
0225_0134_0020_0042_0060.jpg 1 134 20 42 60
0226_0117_0015_0038_0054.jpg 1 117 15 38 54
0227_0074_0012_0049_0071.jpg 1 74 12 49 71
0228_0115_0037_0039_0056.jpg 1 115 37 39 56
0229_0122_0037_0044_0063.jpg 1 122 37 44 63
0230_0077_0009_0051_0073.jpg 1 77 9 51 73
0231_0091_0037_0042_0061.jpg 1 91 37 42 61
0232_0120_0036_0035_0050.jpg 1 120 36 35 50
0233_0041_0022_0050_0072.jpg 1 41 22 50 72
0234_0064_0011_0052_0074.jpg 1 64 11 52 74
0235_0040_0037_0044_0063.jpg 1 40 37 44 63
0236_0099_0028_0039_0056.jpg 1 99 28 39 56
0237_0108_0013_0043_0062.jpg 1 108 13 43 62
0238_0055_0034_0037_0053.jpg 1 55 34 37 53
0239_0074_0009_0048_0069.jpg 1 74 9 48 69
0240_0087_0022_0043_0061.jpg 1 87 22 43 61
0241_0074_0022_0052_0074.jpg 1 74 22 52 74
0242_0051_0034_0041_0059.jpg 1 51 34 41 59
0243_0121_0031_0049_0071.jpg 1 121 31 49 71
0244_0025_0012_0048_0068.jpg 1 25 12 48 68
0245_0122_0020_0044_0063.jpg 1 122 20 44 63
0246_0059_0023_0042_0060.jpg 1 59 23 42 60
0247_0048_0009_0038_0054.jpg 1 48 9 38 54
0248_0101_0024_0040_0057.jpg 1 101 24 40 57
0249_0107_0039_0035_0050.jpg 1 107 39 35 50
0250_0024_0006_0039_0056.jpg 1 24 6 39 56
0251_0060_0022_0037_0053.jpg 1 60 22 37 53
0252_0088_0016_0044_0063.jpg 1 88 16 44 63
0253_0102_0017_0042_0060.jpg 1 102 17 42 60
0254_0073_0010_0051_0073.jpg 1 73 10 51 73
0255_0040_0014_0045_0064.jpg 1 40 14 45 64
0256_0120_0040_0036_0052.jpg 1 120 40 36 52
0257_0091_0033_0046_0065.jpg 1 91 33 46 65
0258_0017_0006_0036_0052.jpg 1 17 6 36 52
0259_0038_0036_0041_0059.jpg 1 38 36 41 59
0260_0124_0006_0041_0058.jpg 1 124 6 41 58
0261_0037_0018_0043_0061.jpg 1 37 18 43 61
0262_0031_0039_0040_0058.jpg 1 31 39 40 58
0263_0089_0016_0048_0069.jpg 1 89 16 48 69
0264_0049_0023_0035_0050.jpg 1 49 23 35 50
0265_0029_0011_0049_0070.jpg 1 29 11 49 70
0266_0027_0024_0048_0069.jpg 1 27 24 48 69
0267_0107_0006_0045_0064.jpg 1 107 6 45 64
0268_0037_0030_0042_0060.jpg 1 37 30 42 60
0269_0092_0029_0036_0052.jpg 1 92 29 36 52
0270_0019_0033_0038_0054.jpg 1 19 33 38 54
0271_0113_0005_0044_0064.jpg 1 113 5 44 64
0272_0085_0031_0045_0065.jpg 1 85 31 45 65
0273_0022_0017_0043_0062.jpg 1 22 17 43 62
0274_0015_0004_0047_0068.jpg 1 15 4 47 68
0275_0102_0042_0039_0056.jpg 1 102 42 39 56
0276_0055_0038_0040_0057.jpg 1 55 38 40 57
0277_0057_0032_0040_0058.jpg 1 57 32 40 58
0278_0117_0020_0040_0057.jpg 1 117 20 40 57
0279_0064_0018_0049_0070.jpg 1 64 18 49 70
0280_0038_0032_0049_0070.jpg 1 38 32 49 70
0281_0081_0042_0041_0058.jpg 1 81 42 41 58
0282_0099_0031_0049_0071.jpg 1 99 31 49 71
0283_0035_0010_0036_0052.jpg 1 35 10 36 52
0284_0051_0007_0040_0057.jpg 1 51 7 40 57
0285_0033_0005_0041_0059.jpg 1 33 5 41 59
0286_0033_0005_0042_0060.jpg 1 33 5 42 60
0287_0017_0025_0050_0072.jpg 1 17 25 50 72
0288_0057_0018_0044_0062.jpg 1 57 18 44 62
0289_0016_0005_0052_0074.jpg 1 16 5 52 74
0290_0015_0030_0050_0072.jpg 1 15 30 50 72
0291_0027_0005_0036_0052.jpg 1 27 5 36 52
0292_0079_0040_0042_0060.jpg 1 79 40 42 60
0293_0063_0009_0041_0059.jpg 1 63 9 41 59
0294_0086_0041_0041_0058.jpg 1 86 41 41 58
0295_0125_0022_0051_0073.jpg 1 125 22 51 73
0296_0091_0015_0038_0054.jpg 1 91 15 38 54
0297_0049_0034_0045_0065.jpg 1 49 34 45 65
0298_0052_0013_0041_0059.jpg 1 52 13 41 59
0299_0062_0011_0042_0060.jpg 1 62 11 42 60
0300_0061_0026_0050_0071.jpg 1 61 26 50 71
0301_0016_0032_0039_0056.jpg 1 16 32 39 56
0302_0023_0009_0045_0065.jpg 1 23 9 45 65
0303_0127_0014_0039_0056.jpg 1 127 14 39 56
0304_0117_0013_0042_0060.jpg 1 117 13 42 60
0305_0097_0020_0038_0054.jpg 1 97 20 38 54
0306_0119_0003_0052_0075.jpg 1 119 3 52 75
0307_0094_0004_0052_0075.jpg 1 94 4 52 75
0308_0043_0008_0049_0070.jpg 1 43 8 49 70
0309_0121_0039_0039_0056.jpg 1 121 39 39 56
0310_0069_0018_0038_0055.jpg 1 69 18 38 55
0311_0098_0015_0047_0068.jpg 1 98 15 47 68
0312_0079_0042_0042_0060.jpg 1 79 42 42 60
0313_0062_0024_0052_0074.jpg 1 62 24 52 74
0314_0101_0040_0042_0060.jpg 1 101 40 42 60
0315_0056_0017_0051_0073.jpg 1 56 17 51 73
0316_0016_0044_0038_0055.jpg 1 16 44 38 55
0317_0031_0006_0046_0066.jpg 1 31 6 46 66
0318_0037_0026_0050_0072.jpg 1 37 26 50 72
0319_0117_0015_0052_0074.jpg 1 117 15 52 74
0320_0057_0030_0050_0071.jpg 1 57 30 50 71
0321_0019_0017_0046_0065.jpg 1 19 17 46 65
0322_0096_0046_0037_0053.jpg 1 96 46 37 53
0323_0025_0016_0049_0070.jpg 1 25 16 49 70
0324_0026_0034_0048_0069.jpg 1 26 34 48 69
0325_0062_0020_0050_0072.jpg 1 62 20 50 72
0326_0082_0032_0042_0061.jpg 1 82 32 42 61
0327_0070_0018_0042_0060.jpg 1 70 18 42 60
0328_0088_0018_0044_0063.jpg 1 88 18 44 63
0329_0102_0020_0052_0075.jpg 1 102 20 52 75
0330_0061_0031_0048_0069.jpg 1 61 31 48 69
0331_0081_0032_0046_0065.jpg 1 81 32 46 65
0332_0135_0012_0037_0053.jpg 1 135 12 37 53
0333_0077_0014_0040_0057.jpg 1 77 14 40 57
0334_0137_0030_0036_0051.jpg 1 137 30 36 51
0335_0113_0010_0050_0071.jpg 1 113 10 50 71
0336_0108_0020_0046_0066.jpg 1 108 20 46 66
0337_0087_0026_0051_0074.jpg 1 87 26 51 74
0338_0105_0025_0036_0051.jpg 1 105 25 36 51
0339_0074_0034_0044_0063.jpg 1 74 34 44 63
0340_0036_0020_0044_0063.jpg 1 36 20 44 63
0341_0077_0022_0047_0068.jpg 1 77 22 47 68
0342_0029_0034_0044_0063.jpg 1 29 34 44 63
0343_0030_0046_0039_0056.jpg 1 30 46 39 56
0344_0028_0018_0039_0057.jpg 1 28 18 39 57
0345_0023_0007_0038_0055.jpg 1 23 7 38 55
0346_0063_0036_0035_0050.jpg 1 63 36 35 50
0347_0130_0016_0040_0058.jpg 1 130 16 40 58
0348_0130_0024_0038_0054.jpg 1 130 24 38 54
0349_0019_0015_0039_0056.jpg 1 19 15 39 56
0350_0084_0008_0049_0071.jpg 1 84 8 49 71
0351_0029_0005_0049_0070.jpg 1 29 5 49 70
0352_0014_0029_0044_0063.jpg 1 14 29 44 63
0353_0128_0037_0043_0062.jpg 1 128 37 43 62
0354_0021_0026_0051_0074.jpg 1 21 26 51 74
0355_0122_0012_0045_0065.jpg 1 122 12 45 65
0356_0083_0008_0047_0068.jpg 1 83 8 47 68
0357_0071_0025_0049_0070.jpg 1 71 25 49 70
0358_0074_0020_0050_0072.jpg 1 74 20 50 72
0359_0121_0019_0037_0054.jpg 1 121 19 37 54
0360_0019_0016_0047_0067.jpg 1 19 16 47 67
0361_0099_0020_0052_0075.jpg 1 99 20 52 75
0362_0014_0019_0052_0075.jpg 1 14 19 52 75
0363_0085_0040_0043_0062.jpg 1 85 40 43 62
0364_0016_0029_0040_0057.jpg 1 16 29 40 57
0365_0056_0026_0037_0053.jpg 1 56 26 37 53
0366_0071_0023_0043_0062.jpg 1 71 23 43 62
0367_0126_0006_0048_0069.jpg 1 126 6 48 69
0368_0055_0028_0035_0050.jpg 1 55 28 35 50
0369_0116_0012_0037_0053.jpg 1 116 12 37 53
0370_0036_0008_0042_0060.jpg 1 36 8 42 60
0371_0113_0039_0036_0051.jpg 1 113 39 36 51
0372_0123_0012_0044_0062.jpg 1 123 12 44 62
0373_0039_0048_0036_0052.jpg 1 39 48 36 52
0374_0106_0009_0051_0074.jpg 1 106 9 51 74
0375_0115_0011_0042_0060.jpg 1 115 11 42 60
0376_0051_0025_0051_0073.jpg 1 51 25 51 73
0377_0107_0024_0052_0075.jpg 1 107 24 52 75
0378_0071_0046_0038_0054.jpg 1 71 46 38 54
0379_0051_0023_0047_0067.jpg 1 51 23 47 67
0380_0082_0029_0043_0061.jpg 1 82 29 43 61
0381_0087_0026_0037_0053.jpg 1 87 26 37 53
0382_0129_0020_0047_0068.jpg 1 129 20 47 68
0383_0019_0039_0036_0051.jpg 1 19 39 36 51
0384_0057_0026_0041_0059.jpg 1 57 26 41 59
0385_0105_0007_0052_0075.jpg 1 105 7 52 75
0386_0121_0009_0043_0062.jpg 1 121 9 43 62
0387_0029_0031_0051_0073.jpg 1 29 31 51 73
0388_0054_0006_0048_0068.jpg 1 54 6 48 68
0389_0105_0021_0041_0059.jpg 1 105 21 41 59
0390_0102_0029_0048_0068.jpg 1 102 29 48 68
0391_0055_0031_0046_0065.jpg 1 55 31 46 65
0392_0037_0012_0043_0062.jpg 1 37 12 43 62
0393_0037_0031_0035_0050.jpg 1 37 31 35 50
0394_0042_0039_0041_0058.jpg 1 42 39 41 58
0395_0078_0026_0049_0070.jpg 1 78 26 49 70
0396_0059_0014_0036_0052.jpg 1 59 14 36 52
0397_0133_0037_0039_0056.jpg 1 133 37 39 56
0398_0023_0019_0039_0055.jpg 1 23 19 39 55
0399_0069_0008_0035_0050.jpg 1 69 8 35 50
0400_0138_0049_0035_0051.jpg 1 138 49 35 51
0401_0080_0024_0035_0051.jpg 1 80 24 35 51
0402_0071_0043_0036_0052.jpg 1 71 43 36 52
0403_0086_0005_0043_0061.jpg 1 86 5 43 61
0404_0114_0009_0049_0070.jpg 1 114 9 49 70
0405_0078_0017_0035_0050.jpg 1 78 17 35 50
0406_0040_0030_0047_0067.jpg 1 40 30 47 67
0407_0141_0021_0035_0050.jpg 1 141 21 35 50
0408_0119_0011_0041_0059.jpg 1 119 11 41 59
0409_0052_0042_0042_0061.jpg 1 52 42 42 61
0410_0073_0027_0043_0062.jpg 1 73 27 43 62
0411_0125_0028_0043_0061.jpg 1 125 28 43 61
0412_0114_0010_0036_0052.jpg 1 114 10 36 52
0413_0128_0030_0040_0058.jpg 1 128 30 40 58
0414_0077_0007_0049_0070.jpg 1 77 7 49 70
0415_0109_0007_0051_0073.jpg 1 109 7 51 73
0416_0107_0035_0045_0064.jpg 1 107 35 45 64
0417_0065_0008_0050_0071.jpg 1 65 8 50 71
0418_0113_0007_0047_0068.jpg 1 113 7 47 68
0419_0124_0015_0050_0072.jpg 1 124 15 50 72
0420_0019_0016_0044_0063.jpg 1 19 16 44 63
0421_0099_0028_0045_0064.jpg 1 99 28 45 64
0422_0050_0010_0045_0065.jpg 1 50 10 45 65
0423_0052_0009_0040_0057.jpg 1 52 9 40 57
0424_0019_0012_0045_0064.jpg 1 19 12 45 64
0425_0044_0032_0037_0053.jpg 1 44 32 37 53
0426_0098_0016_0043_0062.jpg 1 98 16 43 62
0427_0101_0008_0052_0074.jpg 1 101 8 52 74
0428_0062_0036_0046_0066.jpg 1 62 36 46 66
0429_0040_0022_0040_0058.jpg 1 40 22 40 58
0430_0028_0016_0052_0075.jpg 1 28 16 52 75
0431_0041_0004_0050_0071.jpg 1 41 4 50 71
0432_0078_0036_0043_0062.jpg 1 78 36 43 62
0433_0096_0045_0039_0056.jpg 1 96 45 39 56
0434_0028_0026_0050_0072.jpg 1 28 26 50 72
0435_0054_0022_0047_0068.jpg 1 54 22 47 68
0436_0098_0044_0039_0056.jpg 1 98 44 39 56
0437_0024_0005_0046_0066.jpg 1 24 5 46 66
0438_0054_0025_0047_0067.jpg 1 54 25 47 67
0439_0035_0017_0052_0074.jpg 1 35 17 52 74
0440_0072_0043_0036_0052.jpg 1 72 43 36 52
0441_0055_0022_0038_0054.jpg 1 55 22 38 54
0442_0020_0014_0039_0055.jpg 1 20 14 39 55
0443_0024_0021_0052_0074.jpg 1 24 21 52 74
0444_0024_0040_0044_0063.jpg 1 24 40 44 63
0445_0109_0007_0040_0058.jpg 1 109 7 40 58
0446_0058_0017_0040_0058.jpg 1 58 17 40 58
0447_0049_0029_0041_0059.jpg 1 49 29 41 59
0448_0076_0013_0048_0068.jpg 1 76 13 48 68
0449_0111_0016_0045_0064.jpg 1 111 16 45 64
0450_0120_0021_0043_0062.jpg 1 120 21 43 62
0451_0110_0009_0037_0053.jpg 1 110 9 37 53
0452_0127_0036_0040_0057.jpg 1 127 36 40 57
0453_0108_0009_0035_0051.jpg 1 108 9 35 51
0454_0133_0041_0042_0060.jpg 1 133 41 42 60
0455_0088_0039_0038_0054.jpg 1 88 39 38 54
0456_0101_0037_0046_0066.jpg 1 101 37 46 66
0457_0074_0017_0050_0072.jpg 1 74 17 50 72
0458_0045_0014_0042_0061.jpg 1 45 14 42 61
0459_0061_0011_0051_0073.jpg 1 61 11 51 73
0460_0090_0029_0049_0070.jpg 1 90 29 49 70
0461_0034_0038_0045_0064.jpg 1 34 38 45 64
0462_0073_0029_0050_0072.jpg 1 73 29 50 72
0463_0046_0010_0050_0072.jpg 1 46 10 50 72
0464_0031_0013_0044_0064.jpg 1 31 13 44 64
0465_0076_0025_0051_0073.jpg 1 76 25 51 73
0466_0016_0035_0041_0059.jpg 1 16 35 41 59
0467_0041_0011_0046_0065.jpg 1 41 11 46 65
0468_0102_0011_0046_0065.jpg 1 102 11 46 65
0469_0050_0018_0041_0059.jpg 1 50 18 41 59
0470_0042_0008_0038_0055.jpg 1 42 8 38 55
0471_0066_0006_0049_0070.jpg 1 66 6 49 70
0472_0031_0028_0042_0060.jpg 1 31 28 42 60
0473_0052_0010_0048_0069.jpg 1 52 10 48 69
0474_0059_0004_0052_0074.jpg 1 59 4 52 74
0475_0121_0030_0043_0062.jpg 1 121 30 43 62
0476_0095_0010_0050_0072.jpg 1 95 10 50 72
0477_0080_0034_0035_0051.jpg 1 80 34 35 51
0478_0051_0010_0040_0058.jpg 1 51 10 40 58
0479_0086_0030_0051_0072.jpg 1 86 30 51 72
0480_0075_0018_0039_0057.jpg 1 75 18 39 57
0481_0070_0040_0039_0057.jpg 1 70 40 39 57
0482_0098_0043_0038_0054.jpg 1 98 43 38 54
0483_0072_0010_0044_0063.jpg 1 72 10 44 63
0484_0064_0003_0051_0073.jpg 1 64 3 51 73
0485_0038_0020_0040_0057.jpg 1 38 20 40 57
0486_0112_0030_0049_0071.jpg 1 112 30 49 71
0487_0111_0009_0045_0065.jpg 1 111 9 45 65
0488_0117_0028_0046_0066.jpg 1 117 28 46 66
0489_0115_0022_0047_0068.jpg 1 115 22 47 68
0490_0122_0030_0036_0052.jpg 1 122 30 36 52
0491_0022_0036_0044_0064.jpg 1 22 36 44 64
0492_0116_0006_0048_0069.jpg 1 116 6 48 69
0493_0064_0016_0046_0066.jpg 1 64 16 46 66
0494_0054_0045_0040_0057.jpg 1 54 45 40 57
0495_0093_0008_0052_0074.jpg 1 93 8 52 74
0496_0036_0046_0038_0055.jpg 1 36 46 38 55
0497_0061_0019_0050_0072.jpg 1 61 19 50 72
0498_0061_0015_0052_0074.jpg 1 61 15 52 74
0499_0062_0046_0036_0052.jpg 1 62 46 36 52
0500_0018_0009_0041_0059.jpg 1 18 9 41 59
0501_0073_0036_0047_0067.jpg 1 73 36 47 67
0502_0123_0027_0043_0062.jpg 1 123 27 43 62
0503_0134_0013_0042_0060.jpg 1 134 13 42 60
0504_0112_0016_0051_0073.jpg 1 112 16 51 73
0505_0100_0019_0045_0065.jpg 1 100 19 45 65
0506_0043_0012_0049_0070.jpg 1 43 12 49 70
0507_0119_0031_0045_0065.jpg 1 119 31 45 65
0508_0098_0018_0043_0061.jpg 1 98 18 43 61
0509_0040_0011_0040_0058.jpg 1 40 11 40 58
0510_0103_0004_0049_0070.jpg 1 103 4 49 70
0511_0098_0010_0040_0057.jpg 1 98 10 40 57
0512_0018_0010_0037_0054.jpg 1 18 10 37 54
0513_0054_0016_0050_0071.jpg 1 54 16 50 71
0514_0117_0025_0044_0063.jpg 1 117 25 44 63
0515_0053_0021_0051_0072.jpg 1 53 21 51 72
0516_0041_0011_0046_0066.jpg 1 41 11 46 66
0517_0111_0028_0041_0059.jpg 1 111 28 41 59
0518_0123_0005_0041_0059.jpg 1 123 5 41 59
0519_0045_0019_0043_0062.jpg 1 45 19 43 62
0520_0062_0021_0042_0061.jpg 1 62 21 42 61
0521_0074_0009_0051_0073.jpg 1 74 9 51 73
0522_0114_0022_0043_0062.jpg 1 114 22 43 62
0523_0105_0023_0049_0070.jpg 1 105 23 49 70
0524_0060_0011_0052_0074.jpg 1 60 11 52 74
0525_0044_0010_0051_0073.jpg 1 44 10 51 73
0526_0080_0025_0048_0069.jpg 1 80 25 48 69
0527_0035_0011_0048_0069.jpg 1 35 11 48 69
0528_0124_0032_0037_0054.jpg 1 124 32 37 54
0529_0129_0014_0044_0064.jpg 1 129 14 44 64
0530_0038_0015_0051_0072.jpg 1 38 15 51 72
0531_0117_0024_0040_0058.jpg 1 117 24 40 58
0532_0095_0003_0050_0072.jpg 1 95 3 50 72
0533_0034_0030_0044_0062.jpg 1 34 30 44 62
0534_0061_0018_0043_0061.jpg 1 61 18 43 61
0535_0082_0020_0041_0058.jpg 1 82 20 41 58
0536_0107_0010_0042_0061.jpg 1 107 10 42 61
0537_0062_0042_0035_0051.jpg 1 62 42 35 51
0538_0032_0035_0039_0056.jpg 1 32 35 39 56
0539_0101_0008_0035_0051.jpg 1 101 8 35 51
0540_0050_0008_0049_0070.jpg 1 50 8 49 70
0541_0037_0008_0047_0068.jpg 1 37 8 47 68
0542_0090_0004_0051_0073.jpg 1 90 4 51 73
0543_0125_0008_0046_0065.jpg 1 125 8 46 65
0544_0075_0014_0042_0060.jpg 1 75 14 42 60
0545_0055_0015_0046_0066.jpg 1 55 15 46 66
0546_0039_0029_0040_0058.jpg 1 39 29 40 58
0547_0025_0013_0052_0074.jpg 1 25 13 52 74
0548_0048_0024_0035_0051.jpg 1 48 24 35 51
0549_0029_0022_0051_0074.jpg 1 29 22 51 74
0550_0060_0037_0043_0062.jpg 1 60 37 43 62
0551_0056_0017_0047_0067.jpg 1 56 17 47 67
0552_0111_0009_0040_0057.jpg 1 111 9 40 57
0553_0028_0007_0041_0059.jpg 1 28 7 41 59
0554_0030_0019_0051_0073.jpg 1 30 19 51 73
0555_0051_0006_0049_0070.jpg 1 51 6 49 70
0556_0061_0027_0037_0053.jpg 1 61 27 37 53
0557_0039_0024_0046_0066.jpg 1 39 24 46 66
0558_0074_0011_0050_0071.jpg 1 74 11 50 71
0559_0024_0008_0049_0071.jpg 1 24 8 49 71
0560_0122_0033_0048_0069.jpg 1 122 33 48 69
0561_0025_0036_0043_0062.jpg 1 25 36 43 62
0562_0042_0040_0038_0054.jpg 1 42 40 38 54
0563_0026_0027_0045_0064.jpg 1 26 27 45 64
0564_0077_0016_0046_0066.jpg 1 77 16 46 66
0565_0131_0034_0036_0052.jpg 1 131 34 36 52
0566_0115_0017_0040_0058.jpg 1 115 17 40 58
0567_0062_0023_0045_0064.jpg 1 62 23 45 64
0568_0016_0017_0046_0066.jpg 1 16 17 46 66
0569_0038_0021_0052_0075.jpg 1 38 21 52 75
0570_0094_0032_0038_0054.jpg 1 94 32 38 54
0571_0022_0038_0037_0054.jpg 1 22 38 37 54
0572_0067_0006_0044_0063.jpg 1 67 6 44 63
0573_0033_0007_0036_0052.jpg 1 33 7 36 52
0574_0107_0017_0041_0058.jpg 1 107 17 41 58
0575_0018_0012_0044_0062.jpg 1 18 12 44 62
0576_0023_0035_0046_0067.jpg 1 23 35 46 67
0577_0088_0016_0037_0053.jpg 1 88 16 37 53
0578_0103_0006_0036_0051.jpg 1 103 6 36 51
0579_0088_0030_0050_0071.jpg 1 88 30 50 71
0580_0033_0009_0039_0057.jpg 1 33 9 39 57
0581_0119_0024_0047_0068.jpg 1 119 24 47 68
0582_0040_0042_0040_0058.jpg 1 40 42 40 58
0583_0058_0024_0049_0070.jpg 1 58 24 49 70
0584_0105_0022_0046_0066.jpg 1 105 22 46 66
0585_0033_0007_0051_0074.jpg 1 33 7 51 74
0586_0120_0022_0052_0075.jpg 1 120 22 52 75
0587_0024_0007_0048_0069.jpg 1 24 7 48 69
0588_0038_0030_0043_0062.jpg 1 38 30 43 62
0589_0075_0042_0042_0060.jpg 1 75 42 42 60
0590_0027_0024_0052_0074.jpg 1 27 24 52 74
0591_0058_0008_0035_0050.jpg 1 58 8 35 50
0592_0104_0016_0046_0066.jpg 1 104 16 46 66
0593_0031_0041_0035_0050.jpg 1 31 41 35 50
0594_0045_0019_0039_0056.jpg 1 45 19 39 56
0595_0087_0005_0047_0068.jpg 1 87 5 47 68
0596_0127_0012_0044_0064.jpg 1 127 12 44 64
0597_0049_0048_0037_0053.jpg 1 49 48 37 53
0598_0090_0022_0040_0057.jpg 1 90 22 40 57
0599_0106_0039_0035_0050.jpg 1 106 39 35 50
0600_0050_0013_0048_0068.jpg 1 50 13 48 68
0601_0099_0028_0051_0073.jpg 1 99 28 51 73
0602_0087_0037_0038_0055.jpg 1 87 37 38 55
0603_0085_0032_0044_0063.jpg 1 85 32 44 63
0604_0107_0034_0039_0056.jpg 1 107 34 39 56
0605_0021_0016_0040_0058.jpg 1 21 16 40 58
0606_0023_0020_0052_0075.jpg 1 23 20 52 75
0607_0064_0032_0045_0064.jpg 1 64 32 45 64
0608_0116_0022_0041_0059.jpg 1 116 22 41 59
0609_0093_0025_0048_0068.jpg 1 93 25 48 68
0610_0058_0009_0040_0057.jpg 1 58 9 40 57
0611_0040_0010_0037_0053.jpg 1 40 10 37 53
0612_0037_0042_0042_0060.jpg 1 37 42 42 60
0613_0025_0026_0047_0068.jpg 1 25 26 47 68
0614_0026_0030_0045_0064.jpg 1 26 30 45 64
0615_0070_0016_0049_0070.jpg 1 70 16 49 70
0616_0048_0027_0052_0074.jpg 1 48 27 52 74
0617_0077_0022_0045_0064.jpg 1 77 22 45 64
0618_0110_0010_0047_0068.jpg 1 110 10 47 68
0619_0108_0004_0050_0072.jpg 1 108 4 50 72
0620_0078_0039_0036_0052.jpg 1 78 39 36 52
0621_0039_0034_0049_0070.jpg 1 39 34 49 70
0622_0045_0012_0049_0070.jpg 1 45 12 49 70
0623_0132_0027_0043_0062.jpg 1 132 27 43 62
0624_0107_0030_0040_0057.jpg 1 107 30 40 57
0625_0056_0011_0045_0065.jpg 1 56 11 45 65
0626_0019_0016_0039_0056.jpg 1 19 16 39 56
0627_0026_0012_0038_0054.jpg 1 26 12 38 54
0628_0091_0015_0042_0061.jpg 1 91 15 42 61
0629_0094_0007_0040_0058.jpg 1 94 7 40 58
0630_0066_0034_0047_0067.jpg 1 66 34 47 67
0631_0112_0017_0036_0052.jpg 1 112 17 36 52
0632_0035_0016_0041_0059.jpg 1 35 16 41 59
0633_0064_0045_0037_0053.jpg 1 64 45 37 53
0634_0034_0034_0048_0068.jpg 1 34 34 48 68
0635_0058_0018_0039_0055.jpg 1 58 18 39 55
0636_0123_0014_0050_0072.jpg 1 123 14 50 72
0637_0129_0008_0038_0055.jpg 1 129 8 38 55
0638_0058_0018_0046_0066.jpg 1 58 18 46 66
0639_0096_0008_0036_0052.jpg 1 96 8 36 52
0640_0123_0025_0050_0072.jpg 1 123 25 50 72
0641_0125_0019_0035_0050.jpg 1 125 19 35 50
0642_0087_0038_0040_0058.jpg 1 87 38 40 58
0643_0057_0015_0049_0071.jpg 1 57 15 49 71
0644_0117_0020_0039_0056.jpg 1 117 20 39 56
0645_0135_0007_0041_0059.jpg 1 135 7 41 59
0646_0091_0011_0048_0069.jpg 1 91 11 48 69
0647_0041_0018_0047_0067.jpg 1 41 18 47 67
0648_0024_0004_0050_0072.jpg 1 24 4 50 72
0649_0127_0018_0042_0061.jpg 1 127 18 42 61
0650_0101_0028_0041_0059.jpg 1 101 28 41 59
0651_0044_0013_0045_0065.jpg 1 44 13 45 65
0652_0034_0009_0039_0056.jpg 1 34 9 39 56
0653_0127_0009_0041_0059.jpg 1 127 9 41 59
0654_0123_0025_0044_0063.jpg 1 123 25 44 63
0655_0109_0013_0038_0054.jpg 1 109 13 38 54
0656_0093_0012_0049_0071.jpg 1 93 12 49 71
0657_0085_0020_0045_0065.jpg 1 85 20 45 65
0658_0099_0030_0049_0071.jpg 1 99 30 49 71
0659_0083_0023_0038_0055.jpg 1 83 23 38 55
0660_0104_0033_0037_0053.jpg 1 104 33 37 53
0661_0060_0026_0042_0060.jpg 1 60 26 42 60
0662_0038_0028_0040_0057.jpg 1 38 28 40 57
0663_0123_0027_0052_0074.jpg 1 123 27 52 74
0664_0039_0015_0050_0071.jpg 1 39 15 50 71
0665_0075_0016_0051_0073.jpg 1 75 16 51 73
0666_0063_0013_0044_0063.jpg 1 63 13 44 63
0667_0096_0018_0052_0074.jpg 1 96 18 52 74
0668_0114_0040_0037_0053.jpg 1 114 40 37 53
0669_0020_0025_0046_0066.jpg 1 20 25 46 66
0670_0135_0041_0039_0056.jpg 1 135 41 39 56
0671_0080_0035_0047_0068.jpg 1 80 35 47 68
0672_0036_0011_0043_0061.jpg 1 36 11 43 61
0673_0066_0005_0046_0066.jpg 1 66 5 46 66
0674_0106_0029_0042_0060.jpg 1 106 29 42 60
0675_0088_0012_0039_0056.jpg 1 88 12 39 56
0676_0126_0012_0043_0062.jpg 1 126 12 43 62
0677_0016_0031_0043_0061.jpg 1 16 31 43 61
0678_0104_0011_0047_0067.jpg 1 104 11 47 67
0679_0040_0004_0046_0065.jpg 1 40 4 46 65
0680_0091_0024_0036_0051.jpg 1 91 24 36 51
0681_0045_0009_0042_0061.jpg 1 45 9 42 61
0682_0092_0015_0037_0054.jpg 1 92 15 37 54
0683_0030_0026_0037_0054.jpg 1 30 26 37 54
0684_0046_0022_0051_0073.jpg 1 46 22 51 73
0685_0060_0017_0049_0070.jpg 1 60 17 49 70
0686_0073_0018_0048_0069.jpg 1 73 18 48 69
0687_0025_0033_0040_0057.jpg 1 25 33 40 57
0688_0118_0048_0036_0051.jpg 1 118 48 36 51
0689_0065_0006_0041_0059.jpg 1 65 6 41 59
0690_0096_0009_0052_0074.jpg 1 96 9 52 74
0691_0032_0033_0048_0069.jpg 1 32 33 48 69
0692_0049_0022_0037_0053.jpg 1 49 22 37 53
0693_0103_0003_0051_0073.jpg 1 103 3 51 73
0694_0029_0040_0044_0063.jpg 1 29 40 44 63
0695_0122_0010_0050_0072.jpg 1 122 10 50 72
0696_0111_0017_0036_0051.jpg 1 111 17 36 51
0697_0113_0019_0048_0069.jpg 1 113 19 48 69
0698_0038_0050_0036_0052.jpg 1 38 50 36 52
0699_0113_0033_0041_0059.jpg 1 113 33 41 59
0700_0063_0034_0047_0068.jpg 1 63 34 47 68
0701_0103_0025_0050_0072.jpg 1 103 25 50 72
0702_0030_0006_0044_0064.jpg 1 30 6 44 64
0703_0085_0016_0046_0066.jpg 1 85 16 46 66
0704_0056_0027_0046_0065.jpg 1 56 27 46 65
0705_0066_0041_0043_0061.jpg 1 66 41 43 61
0706_0031_0035_0036_0052.jpg 1 31 35 36 52
0707_0114_0025_0037_0053.jpg 1 114 25 37 53
0708_0067_0013_0049_0070.jpg 1 67 13 49 70
0709_0046_0019_0047_0068.jpg 1 46 19 47 68
0710_0060_0009_0052_0075.jpg 1 60 9 52 75
0711_0103_0029_0046_0067.jpg 1 103 29 46 67
0712_0065_0005_0051_0074.jpg 1 65 5 51 74
0713_0050_0009_0036_0051.jpg 1 50 9 36 51
0714_0083_0025_0042_0061.jpg 1 83 25 42 61
0715_0038_0024_0039_0055.jpg 1 38 24 39 55
0716_0043_0016_0041_0058.jpg 1 43 16 41 58
0717_0028_0022_0051_0073.jpg 1 28 22 51 73
0718_0019_0043_0040_0057.jpg 1 19 43 40 57
0719_0063_0013_0042_0061.jpg 1 63 13 42 61
0720_0036_0015_0048_0069.jpg 1 36 15 48 69
0721_0111_0044_0035_0050.jpg 1 111 44 35 50
0722_0113_0005_0049_0070.jpg 1 113 5 49 70
0723_0079_0022_0047_0067.jpg 1 79 22 47 67
0724_0051_0008_0041_0058.jpg 1 51 8 41 58
0725_0080_0029_0049_0070.jpg 1 80 29 49 70
0726_0076_0014_0038_0055.jpg 1 76 14 38 55
0727_0125_0009_0049_0071.jpg 1 125 9 49 71
0728_0045_0025_0048_0068.jpg 1 45 25 48 68
0729_0091_0027_0037_0053.jpg 1 91 27 37 53
0730_0105_0018_0037_0054.jpg 1 105 18 37 54
0731_0055_0025_0036_0052.jpg 1 55 25 36 52
0732_0115_0029_0050_0072.jpg 1 115 29 50 72
0733_0024_0030_0051_0073.jpg 1 24 30 51 73
0734_0114_0034_0038_0054.jpg 1 114 34 38 54
0735_0030_0022_0051_0074.jpg 1 30 22 51 74
0736_0104_0024_0048_0069.jpg 1 104 24 48 69
0737_0035_0035_0035_0050.jpg 1 35 35 35 50
0738_0023_0022_0045_0064.jpg 1 23 22 45 64
0739_0051_0021_0038_0055.jpg 1 51 21 38 55
0740_0061_0032_0049_0070.jpg 1 61 32 49 70
0741_0039_0014_0044_0063.jpg 1 39 14 44 63
0742_0099_0016_0051_0073.jpg 1 99 16 51 73
0743_0089_0013_0048_0068.jpg 1 89 13 48 68
0744_0037_0022_0049_0070.jpg 1 37 22 49 70
0745_0047_0026_0052_0075.jpg 1 47 26 52 75
0746_0033_0019_0040_0058.jpg 1 33 19 40 58
0747_0097_0009_0043_0062.jpg 1 97 9 43 62
0748_0085_0010_0036_0051.jpg 1 85 10 36 51
0749_0052_0022_0051_0073.jpg 1 52 22 51 73
0750_0085_0012_0039_0056.jpg 1 85 12 39 56
0751_0094_0033_0045_0065.jpg 1 94 33 45 65
0752_0075_0025_0042_0061.jpg 1 75 25 42 61
0753_0068_0034_0040_0057.jpg 1 68 34 40 57
0754_0093_0014_0047_0067.jpg 1 93 14 47 67
0755_0076_0025_0048_0069.jpg 1 76 25 48 69
0756_0042_0007_0043_0062.jpg 1 42 7 43 62
0757_0093_0030_0048_0069.jpg 1 93 30 48 69
0758_0030_0027_0038_0055.jpg 1 30 27 38 55
0759_0091_0007_0045_0065.jpg 1 91 7 45 65
0760_0087_0024_0052_0074.jpg 1 87 24 52 74
0761_0099_0029_0047_0067.jpg 1 99 29 47 67
0762_0114_0014_0040_0057.jpg 1 114 14 40 57
0763_0130_0029_0044_0063.jpg 1 130 29 44 63
0764_0109_0019_0045_0065.jpg 1 109 19 45 65
0765_0121_0044_0039_0056.jpg 1 121 44 39 56
0766_0054_0015_0044_0063.jpg 1 54 15 44 63
0767_0032_0020_0048_0069.jpg 1 32 20 48 69
0768_0135_0027_0037_0053.jpg 1 135 27 37 53
0769_0129_0033_0046_0065.jpg 1 129 33 46 65
0770_0020_0025_0041_0058.jpg 1 20 25 41 58
0771_0024_0030_0045_0065.jpg 1 24 30 45 65
0772_0085_0033_0049_0070.jpg 1 85 33 49 70
0773_0078_0008_0048_0068.jpg 1 78 8 48 68
0774_0015_0016_0047_0068.jpg 1 15 16 47 68
0775_0096_0007_0052_0074.jpg 1 96 7 52 74
0776_0102_0004_0048_0069.jpg 1 102 4 48 69
0777_0111_0034_0044_0064.jpg 1 111 34 44 64
0778_0107_0025_0050_0072.jpg 1 107 25 50 72
0779_0044_0047_0036_0052.jpg 1 44 47 36 52
0780_0089_0006_0035_0050.jpg 1 89 6 35 50
0781_0025_0023_0039_0056.jpg 1 25 23 39 56
0782_0029_0034_0040_0057.jpg 1 29 34 40 57
0783_0115_0018_0035_0051.jpg 1 115 18 35 51
0784_0115_0009_0040_0057.jpg 1 115 9 40 57
0785_0107_0006_0045_0065.jpg 1 107 6 45 65
0786_0129_0038_0040_0057.jpg 1 129 38 40 57
0787_0097_0032_0044_0064.jpg 1 97 32 44 64
0788_0031_0016_0044_0063.jpg 1 31 16 44 63
0789_0026_0021_0044_0063.jpg 1 26 21 44 63
0790_0051_0033_0049_0071.jpg 1 51 33 49 71
0791_0048_0020_0044_0063.jpg 1 48 20 44 63
0792_0064_0029_0037_0053.jpg 1 64 29 37 53
0793_0103_0033_0048_0069.jpg 1 103 33 48 69
0794_0069_0030_0048_0068.jpg 1 69 30 48 68
0795_0049_0028_0038_0054.jpg 1 49 28 38 54
0796_0065_0047_0037_0053.jpg 1 65 47 37 53
0797_0137_0011_0036_0051.jpg 1 137 11 36 51
0798_0057_0028_0043_0061.jpg 1 57 28 43 61
0799_0107_0020_0050_0071.jpg 1 107 20 50 71
0800_0027_0045_0040_0057.jpg 1 27 45 40 57
0801_0126_0047_0038_0054.jpg 1 126 47 38 54
0802_0059_0038_0035_0050.jpg 1 59 38 35 50
0803_0107_0022_0037_0053.jpg 1 107 22 37 53
0804_0123_0019_0041_0059.jpg 1 123 19 41 59
0805_0034_0035_0039_0056.jpg 1 34 35 39 56
0806_0049_0023_0036_0051.jpg 1 49 23 36 51
0807_0100_0016_0041_0059.jpg 1 100 16 41 59
0808_0088_0014_0044_0063.jpg 1 88 14 44 63
0809_0063_0005_0045_0064.jpg 1 63 5 45 64
0810_0061_0004_0047_0067.jpg 1 61 4 47 67
0811_0108_0020_0038_0054.jpg 1 108 20 38 54
0812_0085_0026_0052_0074.jpg 1 85 26 52 74
0813_0091_0042_0042_0061.jpg 1 91 42 42 61
