0001_0111_0038_0044_0063.jpg 1 111 38 44 63
0002_0124_0008_0035_0050.jpg 1 124 8 35 50
0003_0116_0013_0043_0062.jpg 1 116 13 43 62
0004_0136_0036_0038_0055.jpg 1 136 36 38 55
0005_0086_0015_0046_0066.jpg 1 86 15 46 66
0006_0066_0030_0049_0070.jpg 1 66 30 49 70
0007_0105_0013_0052_0075.jpg 1 105 13 52 75
0008_0052_0028_0052_0074.jpg 1 52 28 52 74
0009_0073_0006_0047_0067.jpg 1 73 6 47 67
0010_0115_0042_0038_0054.jpg 1 115 42 38 54
0011_0106_0031_0035_0051.jpg 1 106 31 35 51
0012_0030_0049_0036_0052.jpg 1 30 49 36 52
0013_0046_0015_0047_0067.jpg 1 46 15 47 67
0014_0106_0043_0036_0051.jpg 1 106 43 36 51
0015_0063_0020_0050_0072.jpg 1 63 20 50 72
0016_0027_0019_0052_0074.jpg 1 27 19 52 74
0017_0067_0027_0042_0060.jpg 1 67 27 42 60
0018_0092_0022_0038_0054.jpg 1 92 22 38 54
0019_0045_0016_0048_0069.jpg 1 45 16 48 69
0020_0059_0021_0049_0070.jpg 1 59 21 49 70
0021_0133_0028_0035_0050.jpg 1 133 28 35 50
0022_0104_0030_0041_0058.jpg 1 104 30 41 58
0023_0127_0013_0049_0070.jpg 1 127 13 49 70
0024_0109_0022_0052_0075.jpg 1 109 22 52 75
0025_0022_0028_0036_0052.jpg 1 22 28 36 52
0026_0118_0036_0036_0052.jpg 1 118 36 36 52
0027_0042_0034_0047_0068.jpg 1 42 34 47 68
0028_0028_0042_0039_0056.jpg 1 28 42 39 56
0029_0089_0032_0048_0069.jpg 1 89 32 48 69
0030_0036_0020_0041_0059.jpg 1 36 20 41 59
0031_0024_0035_0041_0058.jpg 1 24 35 41 58
0032_0047_0027_0052_0074.jpg 1 47 27 52 74
0033_0130_0025_0038_0055.jpg 1 130 25 38 55
0034_0114_0008_0045_0064.jpg 1 114 8 45 64
0035_0074_0039_0035_0050.jpg 1 74 39 35 50
0036_0128_0007_0042_0060.jpg 1 128 7 42 60
0037_0020_0015_0046_0066.jpg 1 20 15 46 66
0038_0122_0037_0037_0053.jpg 1 122 37 37 53
0039_0056_0014_0047_0068.jpg 1 56 14 47 68
0040_0099_0006_0046_0066.jpg 1 99 6 46 66
0041_0113_0023_0039_0056.jpg 1 113 23 39 56
0042_0107_0041_0042_0061.jpg 1 107 41 42 61
0043_0093_0021_0051_0073.jpg 1 93 21 51 73
0044_0122_0023_0041_0059.jpg 1 122 23 41 59
0045_0103_0037_0042_0060.jpg 1 103 37 42 60
0046_0100_0028_0051_0074.jpg 1 100 28 51 74
0047_0027_0007_0040_0057.jpg 1 27 7 40 57
0048_0098_0028_0039_0056.jpg 1 98 28 39 56
0049_0117_0009_0050_0072.jpg 1 117 9 50 72
0050_0018_0040_0041_0059.jpg 1 18 40 41 59
0051_0035_0024_0040_0057.jpg 1 35 24 40 57
0052_0084_0030_0050_0072.jpg 1 84 30 50 72
0053_0040_0017_0049_0070.jpg 1 40 17 49 70
0054_0032_0022_0041_0059.jpg 1 32 22 41 59
0055_0107_0021_0038_0055.jpg 1 107 21 38 55
0056_0128_0027_0036_0051.jpg 1 128 27 36 51
0057_0090_0025_0045_0065.jpg 1 90 25 45 65
0058_0120_0005_0051_0073.jpg 1 120 5 51 73
0059_0060_0009_0042_0061.jpg 1 60 9 42 61
0060_0076_0029_0037_0053.jpg 1 76 29 37 53
0061_0032_0045_0037_0053.jpg 1 32 45 37 53
0062_0086_0043_0041_0059.jpg 1 86 43 41 59
0063_0131_0018_0043_0061.jpg 1 131 18 43 61
0064_0075_0045_0038_0054.jpg 1 75 45 38 54
0065_0056_0037_0036_0052.jpg 1 56 37 36 52
0066_0097_0007_0043_0062.jpg 1 97 7 43 62
0067_0126_0042_0037_0053.jpg 1 126 42 37 53
0068_0118_0028_0048_0069.jpg 1 118 28 48 69
0069_0036_0027_0042_0060.jpg 1 36 27 42 60
0070_0101_0019_0050_0072.jpg 1 101 19 50 72
0071_0123_0020_0050_0072.jpg 1 123 20 50 72
0072_0082_0005_0044_0063.jpg 1 82 5 44 63
0073_0038_0031_0047_0067.jpg 1 38 31 47 67
0074_0046_0014_0035_0051.jpg 1 46 14 35 51
0075_0097_0036_0046_0066.jpg 1 97 36 46 66
0076_0019_0039_0042_0060.jpg 1 19 39 42 60
0077_0104_0021_0035_0051.jpg 1 104 21 35 51
0078_0025_0034_0046_0067.jpg 1 25 34 46 67
0079_0054_0037_0036_0052.jpg 1 54 37 36 52
0080_0040_0027_0042_0061.jpg 1 40 27 42 61
0081_0034_0027_0049_0070.jpg 1 34 27 49 70
0082_0088_0017_0049_0071.jpg 1 88 17 49 71
0083_0136_0011_0036_0051.jpg 1 136 11 36 51
0084_0066_0020_0047_0067.jpg 1 66 20 47 67
0085_0024_0009_0051_0073.jpg 1 24 9 51 73
0086_0047_0005_0041_0059.jpg 1 47 5 41 59
0087_0082_0009_0041_0059.jpg 1 82 9 41 59
0088_0042_0015_0036_0052.jpg 1 42 15 36 52
0089_0033_0019_0041_0059.jpg 1 33 19 41 59
0090_0124_0023_0037_0053.jpg 1 124 23 37 53
0091_0028_0022_0048_0069.jpg 1 28 22 48 69
0092_0128_0010_0049_0070.jpg 1 128 10 49 70
0093_0076_0017_0038_0055.jpg 1 76 17 38 55
0094_0078_0010_0037_0054.jpg 1 78 10 37 54
0095_0055_0036_0040_0057.jpg 1 55 36 40 57
0096_0097_0048_0036_0051.jpg 1 97 48 36 51
0097_0047_0044_0038_0054.jpg 1 47 44 38 54
0098_0056_0010_0040_0057.jpg 1 56 10 40 57
0099_0119_0025_0044_0063.jpg 1 119 25 44 63
0100_0095_0019_0037_0053.jpg 1 95 19 37 53
0101_0089_0028_0044_0063.jpg 1 89 28 44 63
0102_0087_0032_0047_0067.jpg 1 87 32 47 67
0103_0080_0029_0036_0052.jpg 1 80 29 36 52
0104_0016_0005_0041_0058.jpg 1 16 5 41 58
0105_0110_0023_0036_0052.jpg 1 110 23 36 52
0106_0103_0017_0047_0068.jpg 1 103 17 47 68
0107_0096_0029_0035_0051.jpg 1 96 29 35 51
0108_0035_0032_0043_0062.jpg 1 35 32 43 62
0109_0036_0034_0045_0065.jpg 1 36 34 45 65
0110_0046_0014_0039_0056.jpg 1 46 14 39 56
0111_0035_0010_0051_0073.jpg 1 35 10 51 73
0112_0122_0022_0035_0050.jpg 1 122 22 35 50
0113_0064_0031_0051_0073.jpg 1 64 31 51 73
0114_0079_0007_0045_0064.jpg 1 79 7 45 64
0115_0030_0030_0043_0062.jpg 1 30 30 43 62
0116_0032_0031_0050_0072.jpg 1 32 31 50 72
0117_0119_0022_0043_0061.jpg 1 119 22 43 61
0118_0046_0015_0041_0058.jpg 1 46 15 41 58
0119_0063_0009_0045_0065.jpg 1 63 9 45 65
0120_0029_0024_0049_0070.jpg 1 29 24 49 70
0121_0053_0014_0040_0057.jpg 1 53 14 40 57
0122_0052_0040_0038_0054.jpg 1 52 40 38 54
0123_0084_0028_0042_0060.jpg 1 84 28 42 60
0124_0062_0005_0052_0075.jpg 1 62 5 52 75
0125_0054_0027_0045_0064.jpg 1 54 27 45 64
0126_0047_0020_0050_0072.jpg 1 47 20 50 72
0127_0126_0021_0050_0071.jpg 1 126 21 50 71
0128_0115_0010_0045_0065.jpg 1 115 10 45 65
0129_0109_0014_0037_0054.jpg 1 109 14 37 54
0130_0015_0022_0051_0073.jpg 1 15 22 51 73
0131_0108_0017_0038_0055.jpg 1 108 17 38 55
0132_0072_0012_0051_0073.jpg 1 72 12 51 73
0133_0077_0022_0052_0074.jpg 1 77 22 52 74
0134_0049_0017_0045_0065.jpg 1 49 17 45 65
0135_0120_0020_0040_0058.jpg 1 120 20 40 58
0136_0122_0014_0035_0050.jpg 1 122 14 35 50
0137_0070_0019_0051_0072.jpg 1 70 19 51 72
0138_0097_0011_0041_0059.jpg 1 97 11 41 59
0139_0140_0048_0035_0050.jpg 1 140 48 35 50
0140_0037_0041_0042_0061.jpg 1 37 41 42 61
0141_0129_0016_0048_0068.jpg 1 129 16 48 68
0142_0087_0020_0046_0066.jpg 1 87 20 46 66
0143_0083_0017_0045_0065.jpg 1 83 17 45 65
0144_0021_0033_0048_0068.jpg 1 21 33 48 68
0145_0089_0012_0044_0063.jpg 1 89 12 44 63
0146_0075_0019_0042_0060.jpg 1 75 19 42 60
0147_0026_0024_0041_0059.jpg 1 26 24 41 59
0148_0099_0024_0050_0072.jpg 1 99 24 50 72
0149_0035_0035_0036_0051.jpg 1 35 35 36 51
0150_0070_0047_0037_0052.jpg 1 70 47 37 52
0151_0051_0036_0046_0065.jpg 1 51 36 46 65
0152_0040_0036_0044_0064.jpg 1 40 36 44 64
0153_0049_0033_0038_0054.jpg 1 49 33 38 54
0154_0035_0021_0038_0054.jpg 1 35 21 38 54
0155_0057_0006_0039_0056.jpg 1 57 6 39 56
0156_0122_0011_0051_0073.jpg 1 122 11 51 73
0157_0038_0013_0049_0071.jpg 1 38 13 49 71
0158_0067_0008_0049_0070.jpg 1 67 8 49 70
0159_0021_0022_0036_0052.jpg 1 21 22 36 52
0160_0055_0044_0038_0055.jpg 1 55 44 38 55
0161_0135_0048_0036_0052.jpg 1 135 48 36 52
0162_0017_0014_0039_0055.jpg 1 17 14 39 55
0163_0029_0036_0047_0067.jpg 1 29 36 47 67
0164_0036_0014_0051_0073.jpg 1 36 14 51 73
0165_0073_0047_0037_0054.jpg 1 73 47 37 54
0166_0069_0004_0048_0068.jpg 1 69 4 48 68
0167_0050_0033_0036_0052.jpg 1 50 33 36 52
0168_0110_0017_0046_0067.jpg 1 110 17 46 67
0169_0113_0024_0047_0068.jpg 1 113 24 47 68
0170_0114_0015_0046_0066.jpg 1 114 15 46 66
0171_0048_0005_0045_0065.jpg 1 48 5 45 65
0172_0115_0009_0051_0073.jpg 1 115 9 51 73
0173_0016_0034_0047_0068.jpg 1 16 34 47 68
0174_0079_0008_0049_0070.jpg 1 79 8 49 70
0175_0083_0043_0039_0056.jpg 1 83 43 39 56
0176_0046_0013_0036_0052.jpg 1 46 13 36 52
0177_0042_0048_0037_0053.jpg 1 42 48 37 53
0178_0019_0025_0041_0059.jpg 1 19 25 41 59
0179_0113_0009_0044_0064.jpg 1 113 9 44 64
0180_0063_0017_0047_0067.jpg 1 63 17 47 67
0181_0078_0035_0041_0059.jpg 1 78 35 41 59
0182_0113_0026_0049_0070.jpg 1 113 26 49 70
0183_0060_0042_0041_0059.jpg 1 60 42 41 59
0184_0106_0041_0040_0058.jpg 1 106 41 40 58
0185_0026_0008_0047_0067.jpg 1 26 8 47 67
0186_0058_0039_0043_0061.jpg 1 58 39 43 61
0187_0038_0003_0050_0071.jpg 1 38 3 50 71
0188_0085_0015_0047_0067.jpg 1 85 15 47 67
0189_0114_0040_0037_0053.jpg 1 114 40 37 53
0190_0029_0039_0041_0059.jpg 1 29 39 41 59
0191_0018_0029_0043_0062.jpg 1 18 29 43 62
0192_0036_0036_0042_0060.jpg 1 36 36 42 60
0193_0129_0011_0038_0054.jpg 1 129 11 38 54
0194_0061_0024_0051_0073.jpg 1 61 24 51 73
0195_0083_0029_0048_0069.jpg 1 83 29 48 69
0196_0121_0016_0036_0052.jpg 1 121 16 36 52
0197_0054_0022_0047_0067.jpg 1 54 22 47 67
0198_0024_0034_0036_0052.jpg 1 24 34 36 52
0199_0062_0019_0041_0059.jpg 1 62 19 41 59
0200_0110_0008_0035_0051.jpg 1 110 8 35 51
0201_0031_0006_0041_0059.jpg 1 31 6 41 59
0202_0111_0028_0046_0067.jpg 1 111 28 46 67
0203_0108_0020_0052_0074.jpg 1 108 20 52 74
0204_0045_0009_0049_0070.jpg 1 45 9 49 70
0205_0087_0029_0047_0067.jpg 1 87 29 47 67
0206_0116_0005_0051_0073.jpg 1 116 5 51 73
0207_0055_0007_0036_0052.jpg 1 55 7 36 52
0208_0114_0033_0039_0055.jpg 1 114 33 39 55
0209_0102_0026_0040_0057.jpg 1 102 26 40 57
0210_0129_0028_0041_0058.jpg 1 129 28 41 58
0211_0116_0027_0044_0064.jpg 1 116 27 44 64
0212_0091_0004_0051_0073.jpg 1 91 4 51 73
0213_0137_0036_0036_0051.jpg 1 137 36 36 51
0214_0098_0042_0040_0058.jpg 1 98 42 40 58
0215_0075_0036_0040_0058.jpg 1 75 36 40 58
0216_0105_0012_0045_0065.jpg 1 105 12 45 65
0217_0116_0006_0049_0071.jpg 1 116 6 49 71
0218_0090_0005_0043_0061.jpg 1 90 5 43 61
0219_0033_0004_0052_0075.jpg 1 33 4 52 75
0220_0123_0023_0038_0055.jpg 1 123 23 38 55
0221_0045_0033_0039_0057.jpg 1 45 33 39 57
0222_0033_0049_0037_0053.jpg 1 33 49 37 53
0223_0016_0005_0052_0075.jpg 1 16 5 52 75
0224_0037_0022_0045_0064.jpg 1 37 22 45 64
0225_0109_0038_0038_0054.jpg 1 109 38 38 54
0226_0049_0042_0039_0056.jpg 1 49 42 39 56
0227_0125_0017_0050_0072.jpg 1 125 17 50 72
0228_0037_0032_0040_0057.jpg 1 37 32 40 57
0229_0034_0025_0045_0065.jpg 1 34 25 45 65
0230_0067_0028_0039_0056.jpg 1 67 28 39 56
0231_0070_0019_0050_0072.jpg 1 70 19 50 72
0232_0051_0005_0049_0070.jpg 1 51 5 49 70
0233_0131_0007_0045_0064.jpg 1 131 7 45 64
0234_0057_0032_0038_0055.jpg 1 57 32 38 55
0235_0105_0032_0049_0070.jpg 1 105 32 49 70
0236_0086_0013_0049_0070.jpg 1 86 13 49 70
0237_0027_0007_0051_0073.jpg 1 27 7 51 73
0238_0046_0010_0037_0053.jpg 1 46 10 37 53
0239_0059_0044_0035_0050.jpg 1 59 44 35 50
0240_0109_0037_0045_0064.jpg 1 109 37 45 64
0241_0096_0016_0039_0056.jpg 1 96 16 39 56
0242_0099_0044_0041_0059.jpg 1 99 44 41 59
0243_0073_0022_0049_0071.jpg 1 73 22 49 71
0244_0035_0021_0042_0060.jpg 1 35 21 42 60
0245_0070_0028_0044_0064.jpg 1 70 28 44 64
0246_0118_0023_0045_0064.jpg 1 118 23 45 64
0247_0082_0017_0052_0075.jpg 1 82 17 52 75
0248_0038_0011_0044_0064.jpg 1 38 11 44 64
0249_0080_0018_0040_0058.jpg 1 80 18 40 58
0250_0038_0025_0041_0059.jpg 1 38 25 41 59
0251_0101_0015_0040_0057.jpg 1 101 15 40 57
0252_0090_0011_0049_0071.jpg 1 90 11 49 71
0253_0123_0038_0044_0063.jpg 1 123 38 44 63
0254_0059_0028_0037_0053.jpg 1 59 28 37 53
0255_0117_0020_0045_0064.jpg 1 117 20 45 64
0256_0108_0028_0036_0052.jpg 1 108 28 36 52
0257_0068_0009_0045_0065.jpg 1 68 9 45 65
0258_0033_0022_0049_0070.jpg 1 33 22 49 70
0259_0114_0015_0044_0063.jpg 1 114 15 44 63
0260_0123_0005_0047_0068.jpg 1 123 5 47 68
0261_0030_0025_0041_0058.jpg 1 30 25 41 58
0262_0014_0010_0049_0070.jpg 1 14 10 49 70
0263_0068_0018_0046_0065.jpg 1 68 18 46 65
0264_0101_0011_0049_0070.jpg 1 101 11 49 70
0265_0104_0014_0044_0063.jpg 1 104 14 44 63
0266_0070_0009_0045_0064.jpg 1 70 9 45 64
0267_0087_0008_0039_0057.jpg 1 87 8 39 57
0268_0083_0005_0044_0064.jpg 1 83 5 44 64
0269_0035_0025_0037_0053.jpg 1 35 25 37 53
0270_0128_0021_0049_0071.jpg 1 128 21 49 71
0271_0096_0032_0044_0063.jpg 1 96 32 44 63
0272_0132_0039_0042_0061.jpg 1 132 39 42 61
0273_0116_0003_0052_0075.jpg 1 116 3 52 75
0274_0110_0043_0035_0050.jpg 1 110 43 35 50
0275_0053_0029_0049_0070.jpg 1 53 29 49 70
0276_0130_0041_0035_0050.jpg 1 130 41 35 50
0277_0022_0035_0046_0065.jpg 1 22 35 46 65
0278_0056_0011_0036_0052.jpg 1 56 11 36 52
0279_0039_0021_0038_0054.jpg 1 39 21 38 54
0280_0037_0011_0046_0066.jpg 1 37 11 46 66
0281_0022_0025_0038_0055.jpg 1 22 25 38 55
0282_0074_0022_0047_0067.jpg 1 74 22 47 67
0283_0114_0013_0046_0066.jpg 1 114 13 46 66
0284_0032_0030_0050_0071.jpg 1 32 30 50 71
0285_0015_0023_0047_0067.jpg 1 15 23 47 67
0286_0017_0026_0041_0059.jpg 1 17 26 41 59
0287_0046_0019_0043_0062.jpg 1 46 19 43 62
0288_0124_0014_0046_0066.jpg 1 124 14 46 66
0289_0055_0036_0046_0066.jpg 1 55 36 46 66
0290_0131_0019_0039_0056.jpg 1 131 19 39 56
0291_0116_0022_0042_0060.jpg 1 116 22 42 60
0292_0035_0020_0043_0061.jpg 1 35 20 43 61
0293_0080_0023_0051_0073.jpg 1 80 23 51 73
0294_0090_0048_0037_0054.jpg 1 90 48 37 54
0295_0130_0037_0046_0066.jpg 1 130 37 46 66
0296_0121_0042_0040_0057.jpg 1 121 42 40 57
0297_0037_0024_0040_0057.jpg 1 37 24 40 57
0298_0034_0038_0040_0058.jpg 1 34 38 40 58
0299_0036_0023_0045_0065.jpg 1 36 23 45 65
0300_0085_0011_0050_0071.jpg 1 85 11 50 71
0301_0024_0027_0048_0069.jpg 1 24 27 48 69
0302_0028_0006_0051_0073.jpg 1 28 6 51 73
0303_0019_0016_0041_0059.jpg 1 19 16 41 59
0304_0045_0004_0045_0064.jpg 1 45 4 45 64
0305_0138_0006_0036_0052.jpg 1 138 6 36 52
0306_0066_0030_0050_0072.jpg 1 66 30 50 72
0307_0127_0007_0042_0060.jpg 1 127 7 42 60
0308_0131_0029_0046_0066.jpg 1 131 29 46 66
0309_0093_0038_0041_0059.jpg 1 93 38 41 59
0310_0131_0028_0039_0056.jpg 1 131 28 39 56
0311_0043_0009_0043_0061.jpg 1 43 9 43 61
0312_0074_0006_0048_0069.jpg 1 74 6 48 69
0313_0016_0019_0046_0066.jpg 1 16 19 46 66
0314_0082_0032_0050_0072.jpg 1 82 32 50 72
0315_0074_0019_0045_0065.jpg 1 74 19 45 65
0316_0059_0012_0042_0061.jpg 1 59 12 42 61
0317_0020_0031_0047_0068.jpg 1 20 31 47 68
0318_0059_0014_0045_0065.jpg 1 59 14 45 65
0319_0025_0026_0050_0072.jpg 1 25 26 50 72
0320_0034_0007_0052_0075.jpg 1 34 7 52 75
0321_0092_0034_0037_0053.jpg 1 92 34 37 53
0322_0045_0028_0052_0074.jpg 1 45 28 52 74
0323_0115_0025_0045_0064.jpg 1 115 25 45 64
0324_0055_0031_0051_0073.jpg 1 55 31 51 73
0325_0106_0015_0037_0053.jpg 1 106 15 37 53
0326_0079_0027_0037_0053.jpg 1 79 27 37 53
0327_0123_0009_0051_0072.jpg 1 123 9 51 72
0328_0074_0017_0051_0073.jpg 1 74 17 51 73
0329_0092_0023_0042_0061.jpg 1 92 23 42 61
0330_0058_0049_0035_0050.jpg 1 58 49 35 50
0331_0104_0015_0046_0067.jpg 1 104 15 46 67
0332_0103_0032_0046_0066.jpg 1 103 32 46 66
0333_0061_0018_0041_0058.jpg 1 61 18 41 58
0334_0029_0023_0050_0071.jpg 1 29 23 50 71
0335_0132_0027_0035_0050.jpg 1 132 27 35 50
0336_0021_0022_0045_0064.jpg 1 21 22 45 64
0337_0125_0038_0044_0063.jpg 1 125 38 44 63
0338_0056_0040_0036_0051.jpg 1 56 40 36 51
0339_0079_0007_0045_0064.jpg 1 79 7 45 64
0340_0068_0013_0044_0063.jpg 1 68 13 44 63
0341_0096_0037_0038_0054.jpg 1 96 37 38 54
0342_0020_0029_0038_0055.jpg 1 20 29 38 55
0343_0103_0048_0036_0052.jpg 1 103 48 36 52
0344_0018_0026_0051_0073.jpg 1 18 26 51 73
0345_0111_0049_0037_0052.jpg 1 111 49 37 52
0346_0018_0029_0041_0059.jpg 1 18 29 41 59
0347_0064_0037_0045_0064.jpg 1 64 37 45 64
0348_0093_0041_0040_0057.jpg 1 93 41 40 57
0349_0105_0004_0050_0072.jpg 1 105 4 50 72
0350_0056_0008_0036_0051.jpg 1 56 8 36 51
0351_0045_0020_0035_0050.jpg 1 45 20 35 50
0352_0079_0010_0042_0061.jpg 1 79 10 42 61
0353_0058_0022_0042_0061.jpg 1 58 22 42 61
0354_0080_0041_0040_0058.jpg 1 80 41 40 58
0355_0057_0032_0038_0054.jpg 1 57 32 38 54
0356_0090_0037_0037_0053.jpg 1 90 37 37 53
0357_0103_0022_0040_0057.jpg 1 103 22 40 57
0358_0109_0016_0050_0071.jpg 1 109 16 50 71
0359_0024_0007_0051_0073.jpg 1 24 7 51 73
0360_0092_0043_0037_0053.jpg 1 92 43 37 53
0361_0067_0021_0050_0071.jpg 1 67 21 50 71
0362_0106_0031_0042_0060.jpg 1 106 31 42 60
0363_0046_0018_0042_0061.jpg 1 46 18 42 61
0364_0039_0027_0040_0058.jpg 1 39 27 40 58
0365_0055_0032_0039_0056.jpg 1 55 32 39 56
0366_0021_0009_0044_0063.jpg 1 21 9 44 63
0367_0067_0022_0039_0056.jpg 1 67 22 39 56
0368_0028_0005_0043_0062.jpg 1 28 5 43 62
0369_0087_0017_0044_0064.jpg 1 87 17 44 64
0370_0111_0006_0038_0055.jpg 1 111 6 38 55
0371_0046_0005_0051_0073.jpg 1 46 5 51 73
0372_0060_0021_0035_0051.jpg 1 60 21 35 51
0373_0107_0043_0037_0053.jpg 1 107 43 37 53
0374_0105_0033_0038_0055.jpg 1 105 33 38 55
0375_0082_0016_0043_0062.jpg 1 82 16 43 62
0376_0133_0031_0040_0057.jpg 1 133 31 40 57
0377_0115_0029_0038_0055.jpg 1 115 29 38 55
0378_0031_0015_0044_0063.jpg 1 31 15 44 63
0379_0020_0021_0040_0057.jpg 1 20 21 40 57
0380_0078_0016_0049_0071.jpg 1 78 16 49 71
0381_0061_0009_0041_0058.jpg 1 61 9 41 58
0382_0066_0032_0036_0051.jpg 1 66 32 36 51
0383_0024_0024_0044_0063.jpg 1 24 24 44 63
0384_0027_0012_0041_0059.jpg 1 27 12 41 59
0385_0118_0014_0035_0050.jpg 1 118 14 35 50
0386_0062_0005_0049_0070.jpg 1 62 5 49 70
0387_0058_0021_0040_0058.jpg 1 58 21 40 58
0388_0107_0027_0048_0069.jpg 1 107 27 48 69
0389_0072_0036_0043_0061.jpg 1 72 36 43 61
0390_0106_0015_0042_0060.jpg 1 106 15 42 60
0391_0069_0015_0036_0052.jpg 1 69 15 36 52
0392_0058_0036_0039_0056.jpg 1 58 36 39 56
0393_0063_0044_0036_0051.jpg 1 63 44 36 51
0394_0017_0021_0041_0058.jpg 1 17 21 41 58
0395_0094_0020_0048_0069.jpg 1 94 20 48 69
0396_0025_0032_0038_0055.jpg 1 25 32 38 55
0397_0020_0026_0046_0065.jpg 1 20 26 46 65
0398_0072_0025_0045_0064.jpg 1 72 25 45 64
0399_0070_0005_0045_0065.jpg 1 70 5 45 65
0400_0121_0044_0040_0057.jpg 1 121 44 40 57
0401_0045_0010_0046_0066.jpg 1 45 10 46 66
0402_0127_0018_0048_0069.jpg 1 127 18 48 69
0403_0052_0032_0043_0062.jpg 1 52 32 43 62
0404_0066_0043_0040_0058.jpg 1 66 43 40 58
0405_0036_0021_0039_0055.jpg 1 36 21 39 55
0406_0067_0012_0042_0060.jpg 1 67 12 42 60
0407_0071_0032_0046_0066.jpg 1 71 32 46 66
0408_0123_0016_0044_0063.jpg 1 123 16 44 63
0409_0130_0009_0043_0061.jpg 1 130 9 43 61
0410_0024_0036_0042_0060.jpg 1 24 36 42 60
0411_0105_0016_0039_0056.jpg 1 105 16 39 56
0412_0080_0021_0035_0050.jpg 1 80 21 35 50
0413_0063_0012_0039_0056.jpg 1 63 12 39 56
0414_0070_0033_0040_0058.jpg 1 70 33 40 58
0415_0081_0032_0045_0065.jpg 1 81 32 45 65
0416_0093_0038_0039_0055.jpg 1 93 38 39 55
0417_0088_0027_0049_0070.jpg 1 88 27 49 70
0418_0064_0026_0038_0054.jpg 1 64 26 38 54
0419_0084_0014_0047_0068.jpg 1 84 14 47 68
0420_0033_0016_0041_0058.jpg 1 33 16 41 58
0421_0103_0018_0039_0055.jpg 1 103 18 39 55
0422_0029_0032_0043_0062.jpg 1 29 32 43 62
0423_0096_0029_0049_0070.jpg 1 96 29 49 70
0424_0056_0032_0038_0054.jpg 1 56 32 38 54
0425_0026_0028_0048_0069.jpg 1 26 28 48 69
0426_0082_0027_0052_0074.jpg 1 82 27 52 74
0427_0086_0035_0035_0050.jpg 1 86 35 35 50
0428_0029_0008_0037_0054.jpg 1 29 8 37 54
0429_0028_0006_0046_0065.jpg 1 28 6 46 65
0430_0038_0014_0049_0071.jpg 1 38 14 49 71
0431_0042_0029_0040_0058.jpg 1 42 29 40 58
0432_0077_0043_0035_0050.jpg 1 77 43 35 50
0433_0055_0013_0046_0066.jpg 1 55 13 46 66
0434_0018_0016_0045_0065.jpg 1 18 16 45 65
0435_0094_0021_0045_0065.jpg 1 94 21 45 65
0436_0067_0034_0037_0053.jpg 1 67 34 37 53
0437_0119_0005_0052_0074.jpg 1 119 5 52 74
0438_0031_0007_0048_0069.jpg 1 31 7 48 69
0439_0087_0015_0043_0062.jpg 1 87 15 43 62
0440_0092_0033_0048_0068.jpg 1 92 33 48 68
0441_0077_0016_0046_0066.jpg 1 77 16 46 66
0442_0119_0012_0049_0071.jpg 1 119 12 49 71
0443_0070_0025_0036_0052.jpg 1 70 25 36 52
0444_0105_0033_0038_0055.jpg 1 105 33 38 55
0445_0074_0010_0036_0051.jpg 1 74 10 36 51
0446_0099_0024_0035_0050.jpg 1 99 24 35 50
0447_0064_0032_0041_0058.jpg 1 64 32 41 58
0448_0034_0034_0043_0062.jpg 1 34 34 43 62
0449_0104_0008_0052_0074.jpg 1 104 8 52 74
0450_0042_0044_0039_0056.jpg 1 42 44 39 56
0451_0072_0023_0038_0054.jpg 1 72 23 38 54
0452_0114_0019_0036_0052.jpg 1 114 19 36 52
0453_0097_0016_0043_0062.jpg 1 97 16 43 62
0454_0100_0016_0042_0061.jpg 1 100 16 42 61
0455_0096_0038_0041_0058.jpg 1 96 38 41 58
0456_0025_0007_0043_0061.jpg 1 25 7 43 61
0457_0037_0012_0037_0053.jpg 1 37 12 37 53
0458_0026_0024_0043_0061.jpg 1 26 24 43 61
0459_0057_0030_0051_0073.jpg 1 57 30 51 73
0460_0052_0023_0048_0068.jpg 1 52 23 48 68
0461_0044_0035_0042_0061.jpg 1 44 35 42 61
0462_0103_0022_0048_0069.jpg 1 103 22 48 69
0463_0101_0032_0044_0063.jpg 1 101 32 44 63
0464_0107_0031_0041_0059.jpg 1 107 31 41 59
0465_0029_0034_0045_0065.jpg 1 29 34 45 65
0466_0089_0017_0044_0064.jpg 1 89 17 44 64
0467_0125_0028_0046_0066.jpg 1 125 28 46 66
0468_0097_0038_0042_0060.jpg 1 97 38 42 60
0469_0035_0016_0039_0056.jpg 1 35 16 39 56
0470_0114_0021_0050_0072.jpg 1 114 21 50 72
0471_0041_0009_0037_0054.jpg 1 41 9 37 54
0472_0114_0013_0048_0069.jpg 1 114 13 48 69
0473_0041_0007_0039_0055.jpg 1 41 7 39 55
0474_0054_0010_0051_0072.jpg 1 54 10 51 72
0475_0065_0012_0044_0063.jpg 1 65 12 44 63
0476_0125_0027_0043_0062.jpg 1 125 27 43 62
0477_0101_0014_0050_0072.jpg 1 101 14 50 72
0478_0108_0024_0040_0057.jpg 1 108 24 40 57
0479_0040_0016_0046_0066.jpg 1 40 16 46 66
0480_0017_0032_0039_0056.jpg 1 17 32 39 56
0481_0032_0031_0046_0066.jpg 1 32 31 46 66
0482_0060_0028_0048_0069.jpg 1 60 28 48 69
0483_0071_0041_0039_0056.jpg 1 71 41 39 56
0484_0092_0027_0035_0050.jpg 1 92 27 35 50
0485_0057_0038_0045_0065.jpg 1 57 38 45 65
0486_0117_0022_0036_0051.jpg 1 117 22 36 51
0487_0054_0024_0044_0063.jpg 1 54 24 44 63
0488_0059_0013_0043_0062.jpg 1 59 13 43 62
0489_0115_0006_0042_0061.jpg 1 115 6 42 61
0490_0111_0042_0037_0052.jpg 1 111 42 37 52
0491_0016_0018_0041_0058.jpg 1 16 18 41 58
0492_0050_0011_0052_0074.jpg 1 50 11 52 74
0493_0139_0041_0036_0052.jpg 1 139 41 36 52
0494_0084_0016_0045_0064.jpg 1 84 16 45 64
0495_0030_0014_0038_0055.jpg 1 30 14 38 55
0496_0133_0050_0035_0050.jpg 1 133 50 35 50
0497_0046_0011_0041_0059.jpg 1 46 11 41 59
0498_0066_0032_0041_0058.jpg 1 66 32 41 58
0499_0038_0032_0047_0068.jpg 1 38 32 47 68
0500_0080_0028_0035_0050.jpg 1 80 28 35 50
0501_0074_0024_0044_0064.jpg 1 74 24 44 64
0502_0025_0007_0052_0075.jpg 1 25 7 52 75
0503_0102_0041_0039_0056.jpg 1 102 41 39 56
0504_0019_0028_0035_0050.jpg 1 19 28 35 50
0505_0110_0007_0049_0070.jpg 1 110 7 49 70
0506_0059_0018_0040_0057.jpg 1 59 18 40 57
0507_0071_0033_0047_0068.jpg 1 71 33 47 68
0508_0067_0006_0052_0075.jpg 1 67 6 52 75
0509_0048_0006_0052_0075.jpg 1 48 6 52 75
0510_0028_0008_0036_0051.jpg 1 28 8 36 51
0511_0113_0006_0039_0056.jpg 1 113 6 39 56
0512_0101_0023_0041_0059.jpg 1 101 23 41 59
0513_0103_0020_0052_0074.jpg 1 103 20 52 74
0514_0066_0025_0038_0054.jpg 1 66 25 38 54
0515_0058_0013_0040_0057.jpg 1 58 13 40 57
0516_0133_0042_0041_0058.jpg 1 133 42 41 58
0517_0089_0027_0046_0065.jpg 1 89 27 46 65
0518_0131_0028_0040_0057.jpg 1 131 28 40 57
0519_0098_0004_0046_0066.jpg 1 98 4 46 66
0520_0062_0026_0044_0063.jpg 1 62 26 44 63
0521_0131_0019_0037_0054.jpg 1 131 19 37 54
0522_0067_0024_0049_0070.jpg 1 67 24 49 70
0523_0101_0009_0044_0064.jpg 1 101 9 44 64
0524_0029_0014_0040_0057.jpg 1 29 14 40 57
0525_0115_0008_0048_0068.jpg 1 115 8 48 68
0526_0055_0028_0046_0066.jpg 1 55 28 46 66
0527_0016_0040_0043_0061.jpg 1 16 40 43 61
0528_0112_0041_0042_0060.jpg 1 112 41 42 60
0529_0064_0011_0038_0055.jpg 1 64 11 38 55
0530_0129_0018_0042_0060.jpg 1 129 18 42 60
0531_0076_0040_0035_0051.jpg 1 76 40 35 51
0532_0081_0005_0042_0060.jpg 1 81 5 42 60
0533_0057_0012_0046_0065.jpg 1 57 12 46 65
0534_0020_0020_0044_0062.jpg 1 20 20 44 62
0535_0081_0013_0049_0070.jpg 1 81 13 49 70
0536_0086_0019_0042_0060.jpg 1 86 19 42 60
0537_0015_0019_0044_0063.jpg 1 15 19 44 63
0538_0059_0023_0037_0053.jpg 1 59 23 37 53
0539_0081_0009_0043_0062.jpg 1 81 9 43 62
0540_0074_0021_0044_0063.jpg 1 74 21 44 63
0541_0025_0037_0042_0061.jpg 1 25 37 42 61
0542_0022_0039_0043_0062.jpg 1 22 39 43 62
0543_0085_0020_0045_0064.jpg 1 85 20 45 64
0544_0038_0041_0041_0059.jpg 1 38 41 41 59
0545_0122_0005_0043_0061.jpg 1 122 5 43 61
0546_0080_0005_0044_0063.jpg 1 80 5 44 63
0547_0028_0010_0051_0073.jpg 1 28 10 51 73
0548_0060_0030_0043_0061.jpg 1 60 30 43 61
0549_0076_0029_0038_0054.jpg 1 76 29 38 54
0550_0070_0012_0048_0069.jpg 1 70 12 48 69
0551_0024_0030_0040_0058.jpg 1 24 30 40 58
0552_0070_0045_0037_0053.jpg 1 70 45 37 53
0553_0080_0022_0044_0063.jpg 1 80 22 44 63
0554_0118_0029_0043_0061.jpg 1 118 29 43 61
0555_0062_0012_0051_0073.jpg 1 62 12 51 73
0556_0071_0012_0045_0064.jpg 1 71 12 45 64
0557_0023_0031_0044_0063.jpg 1 23 31 44 63
0558_0063_0017_0052_0074.jpg 1 63 17 52 74
0559_0089_0012_0047_0067.jpg 1 89 12 47 67
0560_0052_0006_0039_0055.jpg 1 52 6 39 55
0561_0116_0020_0045_0065.jpg 1 116 20 45 65
0562_0022_0016_0042_0060.jpg 1 22 16 42 60
0563_0057_0028_0049_0070.jpg 1 57 28 49 70
0564_0039_0023_0046_0066.jpg 1 39 23 46 66
0565_0129_0037_0040_0058.jpg 1 129 37 40 58
0566_0046_0009_0042_0060.jpg 1 46 9 42 60
0567_0127_0023_0041_0059.jpg 1 127 23 41 59
0568_0049_0028_0037_0053.jpg 1 49 28 37 53
0569_0111_0020_0051_0073.jpg 1 111 20 51 73
0570_0060_0016_0041_0059.jpg 1 60 16 41 59
0571_0037_0024_0042_0061.jpg 1 37 24 42 61
0572_0014_0031_0049_0071.jpg 1 14 31 49 71
0573_0084_0022_0045_0065.jpg 1 84 22 45 65
0574_0126_0017_0048_0069.jpg 1 126 17 48 69
0575_0042_0031_0038_0055.jpg 1 42 31 38 55
0576_0084_0006_0047_0068.jpg 1 84 6 47 68
0577_0020_0027_0048_0069.jpg 1 20 27 48 69
0578_0077_0030_0043_0061.jpg 1 77 30 43 61
0579_0089_0009_0052_0074.jpg 1 89 9 52 74
0580_0040_0030_0047_0067.jpg 1 40 30 47 67
0581_0113_0009_0042_0061.jpg 1 113 9 42 61
0582_0072_0017_0039_0057.jpg 1 72 17 39 57
0583_0078_0008_0040_0057.jpg 1 78 8 40 57
0584_0074_0007_0047_0067.jpg 1 74 7 47 67
0585_0020_0040_0044_0063.jpg 1 20 40 44 63
0586_0026_0036_0035_0050.jpg 1 26 36 35 50
0587_0099_0020_0047_0067.jpg 1 99 20 47 67
0588_0034_0009_0052_0075.jpg 1 34 9 52 75
0589_0122_0009_0040_0057.jpg 1 122 9 40 57
0590_0088_0005_0048_0069.jpg 1 88 5 48 69
0591_0100_0034_0037_0053.jpg 1 100 34 37 53
0592_0066_0034_0046_0065.jpg 1 66 34 46 65
0593_0127_0029_0044_0063.jpg 1 127 29 44 63
0594_0021_0026_0043_0061.jpg 1 21 26 43 61
0595_0077_0019_0047_0067.jpg 1 77 19 47 67
0596_0057_0005_0052_0074.jpg 1 57 5 52 74
0597_0033_0037_0037_0052.jpg 1 33 37 37 52
0598_0050_0022_0041_0058.jpg 1 50 22 41 58
0599_0100_0029_0048_0068.jpg 1 100 29 48 68
0600_0031_0014_0048_0069.jpg 1 31 14 48 69
0601_0048_0016_0041_0058.jpg 1 48 16 41 58
0602_0037_0024_0035_0050.jpg 1 37 24 35 50
0603_0026_0043_0039_0056.jpg 1 26 43 39 56
0604_0055_0006_0036_0051.jpg 1 55 6 36 51
0605_0036_0027_0041_0059.jpg 1 36 27 41 59
0606_0109_0012_0048_0069.jpg 1 109 12 48 69
0607_0117_0040_0043_0062.jpg 1 117 40 43 62
0608_0126_0014_0046_0065.jpg 1 126 14 46 65
0609_0072_0032_0047_0067.jpg 1 72 32 47 67
0610_0088_0027_0040_0057.jpg 1 88 27 40 57
0611_0032_0032_0044_0063.jpg 1 32 32 44 63
0612_0067_0014_0042_0060.jpg 1 67 14 42 60
0613_0048_0045_0036_0052.jpg 1 48 45 36 52
0614_0081_0020_0039_0055.jpg 1 81 20 39 55
0615_0075_0015_0035_0050.jpg 1 75 15 35 50
0616_0106_0007_0052_0074.jpg 1 106 7 52 74
0617_0058_0018_0043_0062.jpg 1 58 18 43 62
0618_0087_0016_0042_0060.jpg 1 87 16 42 60
0619_0106_0019_0047_0068.jpg 1 106 19 47 68
0620_0035_0041_0038_0054.jpg 1 35 41 38 54
0621_0063_0028_0042_0060.jpg 1 63 28 42 60
0622_0109_0009_0048_0069.jpg 1 109 9 48 69
0623_0128_0013_0037_0053.jpg 1 128 13 37 53
0624_0093_0018_0051_0073.jpg 1 93 18 51 73
0625_0126_0026_0040_0058.jpg 1 126 26 40 58
0626_0023_0016_0039_0056.jpg 1 23 16 39 56
0627_0133_0031_0039_0055.jpg 1 133 31 39 55
0628_0043_0019_0052_0074.jpg 1 43 19 52 74
0629_0072_0009_0039_0056.jpg 1 72 9 39 56
0630_0019_0035_0046_0066.jpg 1 19 35 46 66
0631_0088_0024_0051_0073.jpg 1 88 24 51 73
0632_0030_0004_0049_0070.jpg 1 30 4 49 70
0633_0106_0013_0046_0065.jpg 1 106 13 46 65
0634_0079_0021_0047_0067.jpg 1 79 21 47 67
0635_0090_0050_0035_0051.jpg 1 90 50 35 51
0636_0077_0005_0038_0054.jpg 1 77 5 38 54
0637_0017_0010_0046_0066.jpg 1 17 10 46 66
0638_0015_0023_0052_0075.jpg 1 15 23 52 75
0639_0093_0035_0040_0058.jpg 1 93 35 40 58
0640_0101_0037_0045_0065.jpg 1 101 37 45 65
0641_0038_0026_0042_0060.jpg 1 38 26 42 60
0642_0019_0010_0052_0074.jpg 1 19 10 52 74
0643_0087_0010_0049_0070.jpg 1 87 10 49 70
0644_0115_0004_0046_0066.jpg 1 115 4 46 66
0645_0065_0026_0040_0057.jpg 1 65 26 40 57
0646_0035_0012_0043_0062.jpg 1 35 12 43 62
0647_0110_0031_0035_0050.jpg 1 110 31 35 50
0648_0121_0024_0046_0066.jpg 1 121 24 46 66
0649_0111_0020_0040_0057.jpg 1 111 20 40 57
0650_0020_0017_0038_0055.jpg 1 20 17 38 55
0651_0027_0017_0048_0069.jpg 1 27 17 48 69
0652_0032_0036_0044_0063.jpg 1 32 36 44 63
0653_0125_0043_0039_0056.jpg 1 125 43 39 56
0654_0064_0022_0045_0064.jpg 1 64 22 45 64
0655_0125_0026_0049_0070.jpg 1 125 26 49 70
0656_0106_0005_0045_0065.jpg 1 106 5 45 65
0657_0065_0005_0046_0065.jpg 1 65 5 46 65
0658_0020_0004_0041_0059.jpg 1 20 4 41 59
0659_0095_0026_0047_0067.jpg 1 95 26 47 67
0660_0056_0008_0051_0074.jpg 1 56 8 51 74
0661_0085_0037_0044_0063.jpg 1 85 37 44 63
0662_0048_0008_0040_0057.jpg 1 48 8 40 57
0663_0119_0007_0050_0071.jpg 1 119 7 50 71
0664_0118_0017_0052_0075.jpg 1 118 17 52 75
0665_0110_0025_0051_0074.jpg 1 110 25 51 74
0666_0089_0032_0048_0068.jpg 1 89 32 48 68
0667_0053_0003_0051_0073.jpg 1 53 3 51 73
0668_0089_0008_0051_0073.jpg 1 89 8 51 73
0669_0039_0036_0041_0059.jpg 1 39 36 41 59
0670_0078_0022_0036_0052.jpg 1 78 22 36 52
0671_0072_0008_0049_0071.jpg 1 72 8 49 71
0672_0053_0039_0036_0051.jpg 1 53 39 36 51
0673_0072_0021_0048_0069.jpg 1 72 21 48 69
0674_0108_0006_0045_0065.jpg 1 108 6 45 65
0675_0105_0011_0043_0062.jpg 1 105 11 43 62
0676_0076_0022_0042_0060.jpg 1 76 22 42 60
0677_0050_0023_0039_0056.jpg 1 50 23 39 56
0678_0058_0014_0052_0074.jpg 1 58 14 52 74
0679_0100_0012_0045_0065.jpg 1 100 12 45 65
0680_0123_0009_0041_0058.jpg 1 123 9 41 58
0681_0062_0016_0041_0059.jpg 1 62 16 41 59
0682_0036_0016_0036_0052.jpg 1 36 16 36 52
0683_0117_0014_0044_0063.jpg 1 117 14 44 63
0684_0078_0015_0050_0072.jpg 1 78 15 50 72
0685_0030_0016_0050_0071.jpg 1 30 16 50 71
0686_0052_0004_0048_0069.jpg 1 52 4 48 69
0687_0053_0036_0044_0063.jpg 1 53 36 44 63
0688_0096_0014_0040_0057.jpg 1 96 14 40 57
0689_0132_0013_0044_0063.jpg 1 132 13 44 63
0690_0036_0022_0043_0061.jpg 1 36 22 43 61
0691_0125_0016_0045_0065.jpg 1 125 16 45 65
0692_0103_0021_0036_0051.jpg 1 103 21 36 51
0693_0036_0030_0044_0063.jpg 1 36 30 44 63
0694_0038_0006_0039_0056.jpg 1 38 6 39 56
0695_0085_0034_0036_0051.jpg 1 85 34 36 51
0696_0022_0014_0052_0075.jpg 1 22 14 52 75
0697_0076_0028_0041_0058.jpg 1 76 28 41 58
0698_0075_0008_0047_0067.jpg 1 75 8 47 67
0699_0085_0028_0040_0058.jpg 1 85 28 40 58
0700_0075_0006_0042_0060.jpg 1 75 6 42 60
0701_0120_0012_0038_0054.jpg 1 120 12 38 54
0702_0070_0004_0051_0074.jpg 1 70 4 51 74
0703_0052_0014_0040_0057.jpg 1 52 14 40 57
0704_0111_0031_0051_0072.jpg 1 111 31 51 72
0705_0072_0006_0041_0058.jpg 1 72 6 41 58
0706_0132_0030_0044_0064.jpg 1 132 30 44 64
0707_0045_0014_0044_0063.jpg 1 45 14 44 63
0708_0036_0037_0042_0060.jpg 1 36 37 42 60
0709_0049_0011_0044_0063.jpg 1 49 11 44 63
0710_0055_0025_0047_0067.jpg 1 55 25 47 67
0711_0121_0023_0052_0074.jpg 1 121 23 52 74
0712_0050_0040_0041_0059.jpg 1 50 40 41 59
0713_0040_0041_0038_0054.jpg 1 40 41 38 54
0714_0116_0036_0041_0058.jpg 1 116 36 41 58
0715_0045_0008_0048_0069.jpg 1 45 8 48 69
0716_0032_0004_0050_0072.jpg 1 32 4 50 72
0717_0022_0028_0051_0073.jpg 1 22 28 51 73
0718_0022_0022_0042_0061.jpg 1 22 22 42 61
0719_0092_0009_0041_0059.jpg 1 92 9 41 59
0720_0019_0031_0036_0052.jpg 1 19 31 36 52
0721_0102_0028_0046_0067.jpg 1 102 28 46 67
0722_0119_0031_0046_0065.jpg 1 119 31 46 65
0723_0040_0043_0041_0059.jpg 1 40 43 41 59
0724_0051_0029_0043_0061.jpg 1 51 29 43 61
0725_0109_0014_0040_0057.jpg 1 109 14 40 57
0726_0039_0022_0041_0059.jpg 1 39 22 41 59
0727_0037_0015_0052_0075.jpg 1 37 15 52 75
0728_0017_0026_0043_0061.jpg 1 17 26 43 61
0729_0101_0021_0052_0074.jpg 1 101 21 52 74
0730_0031_0016_0049_0070.jpg 1 31 16 49 70
0731_0057_0025_0048_0069.jpg 1 57 25 48 69
0732_0034_0003_0052_0074.jpg 1 34 3 52 74
0733_0138_0007_0037_0053.jpg 1 138 7 37 53
0734_0121_0007_0042_0061.jpg 1 121 7 42 61
0735_0040_0011_0036_0052.jpg 1 40 11 36 52
0736_0114_0033_0040_0058.jpg 1 114 33 40 58
0737_0057_0033_0049_0070.jpg 1 57 33 49 70
0738_0061_0041_0041_0059.jpg 1 61 41 41 59
0739_0111_0012_0042_0061.jpg 1 111 12 42 61
0740_0030_0015_0044_0063.jpg 1 30 15 44 63
0741_0105_0038_0039_0056.jpg 1 105 38 39 56
0742_0073_0008_0035_0050.jpg 1 73 8 35 50
0743_0131_0045_0039_0056.jpg 1 131 45 39 56
0744_0043_0014_0046_0066.jpg 1 43 14 46 66
0745_0075_0009_0050_0071.jpg 1 75 9 50 71
0746_0018_0041_0038_0054.jpg 1 18 41 38 54
0747_0032_0039_0044_0063.jpg 1 32 39 44 63
0748_0122_0034_0044_0063.jpg 1 122 34 44 63
0749_0036_0028_0036_0051.jpg 1 36 28 36 51
0750_0032_0024_0036_0052.jpg 1 32 24 36 52
0751_0076_0012_0045_0064.jpg 1 76 12 45 64
0752_0057_0004_0047_0067.jpg 1 57 4 47 67
0753_0053_0014_0051_0073.jpg 1 53 14 51 73
0754_0014_0006_0050_0071.jpg 1 14 6 50 71
0755_0064_0005_0048_0068.jpg 1 64 5 48 68
0756_0048_0041_0038_0054.jpg 1 48 41 38 54
0757_0068_0018_0047_0067.jpg 1 68 18 47 67
0758_0084_0008_0043_0062.jpg 1 84 8 43 62
0759_0038_0026_0048_0068.jpg 1 38 26 48 68
0760_0127_0041_0038_0054.jpg 1 127 41 38 54
0761_0093_0030_0048_0069.jpg 1 93 30 48 69
0762_0125_0007_0047_0068.jpg 1 125 7 47 68
0763_0066_0027_0043_0062.jpg 1 66 27 43 62
0764_0052_0038_0036_0051.jpg 1 52 38 36 51
0765_0130_0033_0039_0056.jpg 1 130 33 39 56
0766_0089_0030_0049_0070.jpg 1 89 30 49 70
0767_0062_0020_0047_0067.jpg 1 62 20 47 67
0768_0119_0018_0045_0065.jpg 1 119 18 45 65
0769_0047_0023_0043_0061.jpg 1 47 23 43 61
0770_0086_0006_0035_0050.jpg 1 86 6 35 50
0771_0078_0020_0041_0059.jpg 1 78 20 41 59
0772_0047_0034_0048_0068.jpg 1 47 34 48 68
0773_0114_0018_0047_0067.jpg 1 114 18 47 67
0774_0048_0019_0048_0068.jpg 1 48 19 48 68
0775_0074_0033_0042_0061.jpg 1 74 33 42 61
0776_0073_0048_0037_0053.jpg 1 73 48 37 53
0777_0036_0019_0051_0073.jpg 1 36 19 51 73
0778_0082_0035_0045_0064.jpg 1 82 35 45 64
0779_0049_0012_0049_0070.jpg 1 49 12 49 70
0780_0021_0035_0037_0053.jpg 1 21 35 37 53
0781_0116_0023_0043_0062.jpg 1 116 23 43 62
0782_0092_0016_0045_0064.jpg 1 92 16 45 64
0783_0118_0020_0039_0056.jpg 1 118 20 39 56
0784_0110_0025_0052_0074.jpg 1 110 25 52 74
0785_0084_0039_0039_0056.jpg 1 84 39 39 56
0786_0044_0029_0044_0063.jpg 1 44 29 44 63
0787_0098_0017_0042_0060.jpg 1 98 17 42 60
0788_0104_0006_0036_0052.jpg 1 104 6 36 52
0789_0059_0016_0049_0070.jpg 1 59 16 49 70
0790_0037_0020_0038_0055.jpg 1 37 20 38 55
0791_0122_0030_0043_0061.jpg 1 122 30 43 61
0792_0138_0027_0037_0053.jpg 1 138 27 37 53
0793_0095_0030_0048_0068.jpg 1 95 30 48 68
0794_0036_0013_0047_0068.jpg 1 36 13 47 68
0795_0101_0027_0052_0075.jpg 1 101 27 52 75
0796_0113_0025_0050_0072.jpg 1 113 25 50 72
0797_0025_0020_0035_0050.jpg 1 25 20 35 50
0798_0029_0024_0035_0051.jpg 1 29 24 35 51
0799_0117_0011_0046_0066.jpg 1 117 11 46 66
0800_0130_0009_0044_0063.jpg 1 130 9 44 63
0801_0091_0006_0042_0061.jpg 1 91 6 42 61
0802_0064_0023_0035_0050.jpg 1 64 23 35 50
0803_0092_0015_0038_0054.jpg 1 92 15 38 54
0804_0125_0027_0049_0070.jpg 1 125 27 49 70
0805_0109_0009_0036_0051.jpg 1 109 9 36 51
0806_0061_0026_0050_0071.jpg 1 61 26 50 71
0807_0024_0011_0048_0069.jpg 1 24 11 48 69
0808_0104_0015_0049_0071.jpg 1 104 15 49 71
0809_0059_0029_0052_0074.jpg 1 59 29 52 74
0810_0021_0018_0052_0075.jpg 1 21 18 52 75
0811_0106_0019_0051_0073.jpg 1 106 19 51 73
0812_0025_0041_0044_0062.jpg 1 25 41 44 62
0813_0077_0013_0039_0055.jpg 1 77 13 39 55
