0001_0056_0029_0036_0052.jpg 1 56 29 36 52
0002_0108_0015_0048_0069.jpg 1 108 15 48 69
0003_0122_0032_0042_0060.jpg 1 122 32 42 60
0004_0104_0042_0041_0059.jpg 1 104 42 41 59
0005_0057_0016_0052_0074.jpg 1 57 16 52 74
0006_0051_0006_0050_0072.jpg 1 51 6 50 72
0007_0055_0022_0044_0063.jpg 1 55 22 44 63
0008_0066_0013_0041_0059.jpg 1 66 13 41 59
0009_0081_0022_0042_0060.jpg 1 81 22 42 60
0010_0041_0018_0041_0059.jpg 1 41 18 41 59
0011_0127_0019_0042_0061.jpg 1 127 19 42 61
0012_0042_0009_0052_0075.jpg 1 42 9 52 75
0013_0136_0035_0039_0056.jpg 1 136 35 39 56
0014_0034_0024_0051_0073.jpg 1 34 24 51 73
0015_0093_0021_0046_0066.jpg 1 93 21 46 66
0016_0094_0028_0038_0054.jpg 1 94 28 38 54
0017_0030_0039_0037_0052.jpg 1 30 39 37 52
0018_0097_0020_0050_0071.jpg 1 97 20 50 71
0019_0122_0026_0045_0064.jpg 1 122 26 45 64
0020_0077_0020_0043_0062.jpg 1 77 20 43 62
0021_0124_0020_0045_0064.jpg 1 124 20 45 64
0022_0046_0019_0047_0067.jpg 1 46 19 47 67
0023_0119_0018_0048_0068.jpg 1 119 18 48 68
0024_0106_0027_0046_0066.jpg 1 106 27 46 66
0025_0082_0012_0045_0065.jpg 1 82 12 45 65
0026_0022_0008_0046_0066.jpg 1 22 8 46 66
0027_0034_0040_0036_0052.jpg 1 34 40 36 52
0028_0038_0017_0035_0050.jpg 1 38 17 35 50
0029_0126_0027_0046_0065.jpg 1 126 27 46 65
0030_0100_0041_0043_0062.jpg 1 100 41 43 62
0031_0107_0031_0049_0071.jpg 1 107 31 49 71
0032_0056_0008_0050_0072.jpg 1 56 8 50 72
0033_0037_0025_0049_0070.jpg 1 37 25 49 70
0034_0052_0004_0042_0061.jpg 1 52 4 42 61
0035_0061_0017_0049_0070.jpg 1 61 17 49 70
0036_0062_0014_0052_0075.jpg 1 62 14 52 75
0037_0094_0027_0035_0050.jpg 1 94 27 35 50
0038_0095_0013_0036_0052.jpg 1 95 13 36 52
0039_0017_0039_0035_0050.jpg 1 17 39 35 50
0040_0046_0015_0045_0065.jpg 1 46 15 45 65
0041_0039_0010_0045_0065.jpg 1 39 10 45 65
0042_0031_0030_0048_0068.jpg 1 31 30 48 68
0043_0093_0036_0036_0051.jpg 1 93 36 36 51
0044_0060_0033_0045_0065.jpg 1 60 33 45 65
0045_0114_0022_0044_0063.jpg 1 114 22 44 63
0046_0079_0013_0040_0057.jpg 1 79 13 40 57
0047_0100_0017_0052_0074.jpg 1 100 17 52 74
0048_0117_0012_0046_0066.jpg 1 117 12 46 66
0049_0083_0007_0050_0072.jpg 1 83 7 50 72
0050_0125_0030_0047_0068.jpg 1 125 30 47 68
0051_0038_0008_0051_0074.jpg 1 38 8 51 74
0052_0095_0045_0036_0051.jpg 1 95 45 36 51
0053_0051_0023_0050_0072.jpg 1 51 23 50 72
0054_0027_0020_0047_0067.jpg 1 27 20 47 67
0055_0089_0012_0046_0066.jpg 1 89 12 46 66
0056_0082_0033_0040_0057.jpg 1 82 33 40 57
0057_0080_0038_0044_0063.jpg 1 80 38 44 63
0058_0107_0020_0051_0073.jpg 1 107 20 51 73
0059_0040_0012_0046_0066.jpg 1 40 12 46 66
0060_0051_0013_0039_0056.jpg 1 51 13 39 56
0061_0119_0018_0051_0074.jpg 1 119 18 51 74
0062_0045_0013_0043_0062.jpg 1 45 13 43 62
0063_0048_0032_0039_0056.jpg 1 48 32 39 56
0064_0062_0048_0037_0053.jpg 1 62 48 37 53
0065_0110_0022_0043_0061.jpg 1 110 22 43 61
0066_0080_0015_0043_0062.jpg 1 80 15 43 62
0067_0102_0023_0044_0063.jpg 1 102 23 44 63
0068_0037_0039_0036_0052.jpg 1 37 39 36 52
0069_0031_0014_0047_0067.jpg 1 31 14 47 67
0070_0069_0038_0037_0053.jpg 1 69 38 37 53
0071_0056_0004_0052_0074.jpg 1 56 4 52 74
0072_0069_0031_0043_0062.jpg 1 69 31 43 62
0073_0101_0040_0042_0061.jpg 1 101 40 42 61
0074_0109_0011_0040_0057.jpg 1 109 11 40 57
0075_0072_0026_0051_0074.jpg 1 72 26 51 74
0076_0102_0013_0044_0063.jpg 1 102 13 44 63
0077_0047_0010_0039_0057.jpg 1 47 10 39 57
0078_0037_0035_0037_0053.jpg 1 37 35 37 53
0079_0051_0024_0050_0072.jpg 1 51 24 50 72
0080_0055_0032_0039_0056.jpg 1 55 32 39 56
0081_0094_0018_0047_0068.jpg 1 94 18 47 68
0082_0029_0027_0040_0058.jpg 1 29 27 40 58
0083_0096_0024_0038_0054.jpg 1 96 24 38 54
0084_0091_0030_0047_0068.jpg 1 91 30 47 68
0085_0043_0025_0052_0074.jpg 1 43 25 52 74
0086_0094_0041_0039_0056.jpg 1 94 41 39 56
0087_0052_0019_0042_0061.jpg 1 52 19 42 61
0088_0061_0011_0050_0071.jpg 1 61 11 50 71
0089_0075_0010_0042_0061.jpg 1 75 10 42 61
0090_0106_0025_0049_0070.jpg 1 106 25 49 70
0091_0031_0017_0048_0068.jpg 1 31 17 48 68
0092_0043_0010_0046_0066.jpg 1 43 10 46 66
0093_0037_0026_0049_0070.jpg 1 37 26 49 70
0094_0047_0026_0046_0065.jpg 1 47 26 46 65
0095_0064_0017_0043_0062.jpg 1 64 17 43 62
0096_0033_0032_0039_0056.jpg 1 33 32 39 56
0097_0096_0037_0046_0066.jpg 1 96 37 46 66
0098_0112_0038_0037_0053.jpg 1 112 38 37 53
0099_0130_0034_0039_0056.jpg 1 130 34 39 56
0100_0084_0026_0041_0059.jpg 1 84 26 41 59
0101_0029_0015_0036_0051.jpg 1 29 15 36 51
0102_0017_0007_0049_0070.jpg 1 17 7 49 70
0103_0118_0027_0048_0069.jpg 1 118 27 48 69
0104_0028_0022_0050_0072.jpg 1 28 22 50 72
0105_0121_0003_0050_0071.jpg 1 121 3 50 71
0106_0099_0021_0044_0064.jpg 1 99 21 44 64
0107_0104_0006_0049_0070.jpg 1 104 6 49 70
0108_0110_0024_0035_0050.jpg 1 110 24 35 50
0109_0124_0017_0038_0054.jpg 1 124 17 38 54
0110_0097_0003_0052_0075.jpg 1 97 3 52 75
0111_0091_0039_0044_0063.jpg 1 91 39 44 63
0112_0129_0005_0040_0058.jpg 1 129 5 40 58
0113_0075_0019_0042_0060.jpg 1 75 19 42 60
0114_0042_0007_0046_0065.jpg 1 42 7 46 65
0115_0068_0023_0047_0067.jpg 1 68 23 47 67
0116_0093_0027_0043_0061.jpg 1 93 27 43 61
0117_0099_0038_0042_0061.jpg 1 99 38 42 61
0118_0077_0026_0049_0070.jpg 1 77 26 49 70
0119_0074_0008_0039_0055.jpg 1 74 8 39 55
0120_0080_0041_0040_0057.jpg 1 80 41 40 57
0121_0082_0013_0052_0075.jpg 1 82 13 52 75
0122_0017_0043_0036_0052.jpg 1 17 43 36 52
0123_0055_0027_0048_0069.jpg 1 55 27 48 69
0124_0070_0027_0052_0074.jpg 1 70 27 52 74
0125_0016_0020_0047_0068.jpg 1 16 20 47 68
0126_0078_0015_0049_0070.jpg 1 78 15 49 70
0127_0046_0015_0036_0051.jpg 1 46 15 36 51
0128_0108_0014_0048_0068.jpg 1 108 14 48 68
0129_0076_0028_0052_0075.jpg 1 76 28 52 75
0130_0029_0024_0048_0069.jpg 1 29 24 48 69
0131_0130_0008_0039_0056.jpg 1 130 8 39 56
0132_0044_0042_0041_0058.jpg 1 44 42 41 58
0133_0034_0027_0040_0057.jpg 1 34 27 40 57
0134_0128_0017_0043_0062.jpg 1 128 17 43 62
0135_0054_0018_0038_0054.jpg 1 54 18 38 54
0136_0082_0022_0046_0065.jpg 1 82 22 46 65
0137_0025_0007_0047_0067.jpg 1 25 7 47 67
0138_0093_0006_0037_0052.jpg 1 93 6 37 52
0139_0125_0020_0047_0068.jpg 1 125 20 47 68
0140_0045_0021_0043_0062.jpg 1 45 21 43 62
0141_0120_0018_0051_0073.jpg 1 120 18 51 73
0142_0029_0019_0035_0050.jpg 1 29 19 35 50
0143_0102_0006_0046_0065.jpg 1 102 6 46 65
0144_0071_0025_0051_0073.jpg 1 71 25 51 73
0145_0080_0041_0043_0061.jpg 1 80 41 43 61
0146_0065_0034_0043_0061.jpg 1 65 34 43 61
0147_0104_0016_0040_0058.jpg 1 104 16 40 58
0148_0128_0043_0041_0059.jpg 1 128 43 41 59
0149_0116_0005_0051_0073.jpg 1 116 5 51 73
0150_0073_0030_0041_0059.jpg 1 73 30 41 59
0151_0077_0029_0039_0055.jpg 1 77 29 39 55
0152_0116_0027_0048_0069.jpg 1 116 27 48 69
0153_0098_0018_0050_0072.jpg 1 98 18 50 72
0154_0056_0010_0048_0069.jpg 1 56 10 48 69
0155_0084_0042_0037_0053.jpg 1 84 42 37 53
0156_0067_0011_0049_0070.jpg 1 67 11 49 70
0157_0050_0009_0036_0051.jpg 1 50 9 36 51
0158_0090_0035_0039_0056.jpg 1 90 35 39 56
0159_0065_0029_0048_0069.jpg 1 65 29 48 69
0160_0089_0016_0037_0053.jpg 1 89 16 37 53
0161_0071_0006_0037_0053.jpg 1 71 6 37 53
0162_0099_0013_0043_0062.jpg 1 99 13 43 62
0163_0049_0028_0040_0057.jpg 1 49 28 40 57
0164_0060_0041_0042_0061.jpg 1 60 41 42 61
0165_0124_0042_0035_0050.jpg 1 124 42 35 50
0166_0049_0009_0042_0061.jpg 1 49 9 42 61
0167_0022_0034_0047_0068.jpg 1 22 34 47 68
0168_0135_0048_0035_0050.jpg 1 135 48 35 50
0169_0059_0017_0046_0067.jpg 1 59 17 46 67
0170_0124_0010_0044_0063.jpg 1 124 10 44 63
0171_0073_0033_0044_0063.jpg 1 73 33 44 63
0172_0049_0024_0050_0071.jpg 1 49 24 50 71
0173_0016_0034_0040_0057.jpg 1 16 34 40 57
0174_0124_0044_0035_0050.jpg 1 124 44 35 50
0175_0097_0039_0043_0062.jpg 1 97 39 43 62
0176_0043_0031_0040_0058.jpg 1 43 31 40 58
0177_0078_0029_0046_0066.jpg 1 78 29 46 66
0178_0074_0013_0052_0074.jpg 1 74 13 52 74
0179_0025_0023_0049_0070.jpg 1 25 23 49 70
0180_0087_0019_0051_0072.jpg 1 87 19 51 72
0181_0031_0010_0036_0051.jpg 1 31 10 36 51
0182_0058_0045_0035_0051.jpg 1 58 45 35 51
0183_0073_0022_0052_0074.jpg 1 73 22 52 74
0184_0017_0046_0036_0052.jpg 1 17 46 36 52
0185_0090_0026_0044_0063.jpg 1 90 26 44 63
0186_0015_0020_0037_0053.jpg 1 15 20 37 53
0187_0111_0034_0043_0062.jpg 1 111 34 43 62
0188_0039_0016_0049_0070.jpg 1 39 16 49 70
0189_0014_0019_0051_0073.jpg 1 14 19 51 73
0190_0089_0024_0046_0066.jpg 1 89 24 46 66
0191_0113_0013_0035_0050.jpg 1 113 13 35 50
0192_0107_0030_0044_0064.jpg 1 107 30 44 64
0193_0072_0011_0043_0061.jpg 1 72 11 43 61
0194_0085_0009_0042_0060.jpg 1 85 9 42 60
0195_0040_0030_0047_0068.jpg 1 40 30 47 68
0196_0031_0036_0037_0053.jpg 1 31 36 37 53
0197_0104_0039_0038_0055.jpg 1 104 39 38 55
0198_0095_0018_0052_0074.jpg 1 95 18 52 74
0199_0056_0011_0040_0057.jpg 1 56 11 40 57
0200_0093_0022_0050_0072.jpg 1 93 22 50 72
0201_0060_0018_0035_0050.jpg 1 60 18 35 50
0202_0135_0028_0040_0057.jpg 1 135 28 40 57
0203_0119_0039_0043_0061.jpg 1 119 39 43 61
0204_0094_0014_0048_0069.jpg 1 94 14 48 69
0205_0126_0039_0044_0064.jpg 1 126 39 44 64
0206_0058_0022_0052_0074.jpg 1 58 22 52 74
0207_0096_0032_0043_0061.jpg 1 96 32 43 61
0208_0030_0037_0044_0063.jpg 1 30 37 44 63
0209_0057_0009_0048_0069.jpg 1 57 9 48 69
0210_0067_0010_0052_0074.jpg 1 67 10 52 74
0211_0048_0036_0036_0052.jpg 1 48 36 36 52
0212_0066_0019_0039_0055.jpg 1 66 19 39 55
0213_0071_0021_0043_0062.jpg 1 71 21 43 62
0214_0135_0006_0039_0056.jpg 1 135 6 39 56
0215_0053_0017_0040_0057.jpg 1 53 17 40 57
0216_0064_0018_0042_0060.jpg 1 64 18 42 60
0217_0061_0033_0041_0058.jpg 1 61 33 41 58
0218_0051_0027_0052_0075.jpg 1 51 27 52 75
0219_0116_0027_0044_0063.jpg 1 116 27 44 63
0220_0071_0045_0040_0057.jpg 1 71 45 40 57
0221_0075_0017_0040_0057.jpg 1 75 17 40 57
0222_0089_0011_0037_0053.jpg 1 89 11 37 53
0223_0060_0029_0044_0063.jpg 1 60 29 44 63
0224_0019_0024_0044_0063.jpg 1 19 24 44 63
0225_0101_0015_0036_0051.jpg 1 101 15 36 51
0226_0093_0024_0035_0051.jpg 1 93 24 35 51
0227_0075_0013_0049_0071.jpg 1 75 13 49 71
0228_0018_0020_0041_0058.jpg 1 18 20 41 58
0229_0051_0005_0044_0063.jpg 1 51 5 44 63
0230_0073_0006_0041_0058.jpg 1 73 6 41 58
0231_0117_0013_0052_0075.jpg 1 117 13 52 75
0232_0064_0013_0039_0056.jpg 1 64 13 39 56
0233_0097_0031_0051_0073.jpg 1 97 31 51 73
0234_0068_0007_0043_0061.jpg 1 68 7 43 61
0235_0060_0023_0043_0062.jpg 1 60 23 43 62
0236_0043_0039_0040_0057.jpg 1 43 39 40 57
0237_0093_0009_0035_0050.jpg 1 93 9 35 50
0238_0123_0010_0049_0070.jpg 1 123 10 49 70
0239_0020_0021_0039_0056.jpg 1 20 21 39 56
0240_0032_0016_0051_0073.jpg 1 32 16 51 73
0241_0081_0030_0052_0074.jpg 1 81 30 52 74
0242_0114_0024_0046_0066.jpg 1 114 24 46 66
0243_0052_0030_0045_0064.jpg 1 52 30 45 64
0244_0062_0015_0046_0065.jpg 1 62 15 46 65
0245_0020_0040_0040_0058.jpg 1 20 40 40 58
0246_0077_0027_0052_0075.jpg 1 77 27 52 75
0247_0022_0038_0044_0063.jpg 1 22 38 44 63
0248_0062_0032_0039_0056.jpg 1 62 32 39 56
0249_0127_0016_0049_0070.jpg 1 127 16 49 70
0250_0126_0044_0035_0050.jpg 1 126 44 35 50
0251_0067_0006_0043_0062.jpg 1 67 6 43 62
0252_0062_0008_0052_0075.jpg 1 62 8 52 75
0253_0136_0016_0035_0050.jpg 1 136 16 35 50
0254_0100_0010_0038_0055.jpg 1 100 10 38 55
0255_0125_0039_0041_0059.jpg 1 125 39 41 59
0256_0064_0004_0052_0074.jpg 1 64 4 52 74
0257_0087_0016_0045_0064.jpg 1 87 16 45 64
0258_0038_0042_0035_0051.jpg 1 38 42 35 51
0259_0078_0005_0050_0072.jpg 1 78 5 50 72
0260_0078_0037_0044_0063.jpg 1 78 37 44 63
0261_0074_0029_0041_0059.jpg 1 74 29 41 59
0262_0122_0036_0040_0057.jpg 1 122 36 40 57
0263_0108_0023_0045_0064.jpg 1 108 23 45 64
0264_0064_0012_0048_0069.jpg 1 64 12 48 69
0265_0025_0009_0039_0055.jpg 1 25 9 39 55
0266_0132_0032_0040_0058.jpg 1 132 32 40 58
0267_0106_0041_0042_0060.jpg 1 106 41 42 60
0268_0084_0039_0039_0056.jpg 1 84 39 39 56
0269_0028_0029_0044_0062.jpg 1 28 29 44 62
0270_0122_0016_0049_0071.jpg 1 122 16 49 71
0271_0046_0029_0044_0063.jpg 1 46 29 44 63
0272_0038_0009_0050_0071.jpg 1 38 9 50 71
0273_0093_0006_0048_0069.jpg 1 93 6 48 69
0274_0118_0028_0050_0072.jpg 1 118 28 50 72
0275_0027_0018_0048_0068.jpg 1 27 18 48 68
0276_0056_0010_0051_0073.jpg 1 56 10 51 73
0277_0033_0039_0040_0057.jpg 1 33 39 40 57
0278_0080_0028_0048_0069.jpg 1 80 28 48 69
0279_0128_0004_0048_0069.jpg 1 128 4 48 69
0280_0023_0026_0050_0071.jpg 1 23 26 50 71
0281_0017_0027_0038_0054.jpg 1 17 27 38 54
0282_0033_0024_0052_0075.jpg 1 33 24 52 75
0283_0072_0030_0048_0069.jpg 1 72 30 48 69
0284_0042_0012_0047_0067.jpg 1 42 12 47 67
0285_0046_0014_0050_0072.jpg 1 46 14 50 72
0286_0039_0042_0037_0052.jpg 1 39 42 37 52
0287_0061_0020_0052_0074.jpg 1 61 20 52 74
0288_0073_0005_0050_0072.jpg 1 73 5 50 72
0289_0024_0026_0040_0058.jpg 1 24 26 40 58
0290_0060_0027_0052_0075.jpg 1 60 27 52 75
0291_0107_0010_0050_0072.jpg 1 107 10 50 72
0292_0061_0010_0047_0068.jpg 1 61 10 47 68
0293_0042_0032_0044_0063.jpg 1 42 32 44 63
0294_0063_0014_0049_0070.jpg 1 63 14 49 70
0295_0079_0030_0038_0055.jpg 1 79 30 38 55
0296_0016_0005_0051_0073.jpg 1 16 5 51 73
0297_0029_0004_0050_0072.jpg 1 29 4 50 72
0298_0017_0034_0049_0070.jpg 1 17 34 49 70
0299_0097_0026_0050_0071.jpg 1 97 26 50 71
0300_0101_0029_0041_0059.jpg 1 101 29 41 59
0301_0139_0006_0035_0050.jpg 1 139 6 35 50
0302_0046_0022_0051_0074.jpg 1 46 22 51 74
0303_0067_0024_0037_0054.jpg 1 67 24 37 54
0304_0070_0009_0037_0054.jpg 1 70 9 37 54
0305_0031_0005_0039_0057.jpg 1 31 5 39 57
0306_0035_0012_0037_0053.jpg 1 35 12 37 53
0307_0070_0017_0044_0063.jpg 1 70 17 44 63
0308_0119_0032_0050_0072.jpg 1 119 32 50 72
0309_0093_0019_0040_0058.jpg 1 93 19 40 58
0310_0064_0032_0050_0071.jpg 1 64 32 50 71
0311_0120_0023_0048_0069.jpg 1 120 23 48 69
0312_0017_0017_0038_0054.jpg 1 17 17 38 54
0313_0103_0027_0049_0071.jpg 1 103 27 49 71
0314_0049_0025_0043_0062.jpg 1 49 25 43 62
0315_0027_0032_0048_0069.jpg 1 27 32 48 69
0316_0069_0034_0046_0066.jpg 1 69 34 46 66
0317_0038_0004_0052_0074.jpg 1 38 4 52 74
0318_0073_0009_0041_0059.jpg 1 73 9 41 59
0319_0103_0021_0052_0075.jpg 1 103 21 52 75
0320_0080_0018_0050_0072.jpg 1 80 18 50 72
0321_0064_0015_0041_0059.jpg 1 64 15 41 59
0322_0041_0007_0044_0063.jpg 1 41 7 44 63
0323_0083_0021_0045_0064.jpg 1 83 21 45 64
0324_0115_0044_0036_0052.jpg 1 115 44 36 52
0325_0044_0012_0046_0065.jpg 1 44 12 46 65
0326_0098_0040_0038_0054.jpg 1 98 40 38 54
0327_0065_0023_0044_0063.jpg 1 65 23 44 63
0328_0094_0036_0040_0058.jpg 1 94 36 40 58
0329_0105_0023_0035_0050.jpg 1 105 23 35 50
0330_0070_0027_0042_0060.jpg 1 70 27 42 60
0331_0044_0009_0046_0066.jpg 1 44 9 46 66
0332_0117_0023_0037_0052.jpg 1 117 23 37 52
0333_0125_0041_0042_0061.jpg 1 125 41 42 61
0334_0036_0036_0043_0062.jpg 1 36 36 43 62
0335_0057_0015_0044_0063.jpg 1 57 15 44 63
0336_0130_0045_0035_0050.jpg 1 130 45 35 50
0337_0048_0006_0047_0067.jpg 1 48 6 47 67
0338_0061_0028_0038_0054.jpg 1 61 28 38 54
0339_0073_0021_0048_0069.jpg 1 73 21 48 69
0340_0093_0016_0039_0056.jpg 1 93 16 39 56
0341_0083_0026_0049_0070.jpg 1 83 26 49 70
0342_0043_0006_0040_0057.jpg 1 43 6 40 57
0343_0109_0035_0036_0052.jpg 1 109 35 36 52
0344_0029_0007_0046_0066.jpg 1 29 7 46 66
0345_0082_0030_0036_0052.jpg 1 82 30 36 52
0346_0087_0030_0049_0070.jpg 1 87 30 49 70
0347_0098_0029_0049_0070.jpg 1 98 29 49 70
0348_0024_0032_0044_0064.jpg 1 24 32 44 64
0349_0089_0041_0042_0060.jpg 1 89 41 42 60
0350_0052_0034_0041_0059.jpg 1 52 34 41 59
0351_0047_0025_0045_0065.jpg 1 47 25 45 65
0352_0129_0023_0045_0065.jpg 1 129 23 45 65
0353_0076_0021_0047_0068.jpg 1 76 21 47 68
0354_0099_0022_0039_0056.jpg 1 99 22 39 56
0355_0104_0031_0044_0063.jpg 1 104 31 44 63
0356_0117_0038_0043_0062.jpg 1 117 38 43 62
0357_0058_0030_0048_0069.jpg 1 58 30 48 69
0358_0130_0031_0037_0054.jpg 1 130 31 37 54
0359_0015_0025_0036_0052.jpg 1 15 25 36 52
0360_0044_0030_0046_0066.jpg 1 44 30 46 66
0361_0074_0031_0045_0064.jpg 1 74 31 45 64
0362_0032_0021_0051_0073.jpg 1 32 21 51 73
0363_0036_0011_0052_0074.jpg 1 36 11 52 74
0364_0094_0028_0039_0056.jpg 1 94 28 39 56
0365_0131_0012_0043_0061.jpg 1 131 12 43 61
0366_0107_0011_0047_0067.jpg 1 107 11 47 67
0367_0065_0025_0038_0054.jpg 1 65 25 38 54
0368_0114_0006_0044_0063.jpg 1 114 6 44 63
0369_0017_0006_0043_0062.jpg 1 17 6 43 62
0370_0026_0015_0044_0064.jpg 1 26 15 44 64
0371_0027_0027_0051_0073.jpg 1 27 27 51 73
0372_0017_0036_0042_0060.jpg 1 17 36 42 60
0373_0101_0028_0035_0050.jpg 1 101 28 35 50
0374_0128_0009_0044_0063.jpg 1 128 9 44 63
0375_0124_0019_0048_0069.jpg 1 124 19 48 69
0376_0036_0013_0046_0066.jpg 1 36 13 46 66
0377_0026_0016_0048_0069.jpg 1 26 16 48 69
0378_0041_0012_0043_0061.jpg 1 41 12 43 61
0379_0084_0021_0046_0066.jpg 1 84 21 46 66
0380_0094_0026_0047_0067.jpg 1 94 26 47 67
0381_0091_0040_0043_0062.jpg 1 91 40 43 62
0382_0108_0035_0036_0052.jpg 1 108 35 36 52
0383_0137_0036_0035_0050.jpg 1 137 36 35 50
0384_0117_0015_0045_0064.jpg 1 117 15 45 64
0385_0067_0004_0046_0066.jpg 1 67 4 46 66
0386_0020_0007_0038_0055.jpg 1 20 7 38 55
0387_0107_0045_0039_0056.jpg 1 107 45 39 56
0388_0071_0017_0044_0062.jpg 1 71 17 44 62
0389_0124_0020_0035_0050.jpg 1 124 20 35 50
0390_0024_0022_0051_0073.jpg 1 24 22 51 73
0391_0133_0018_0035_0050.jpg 1 133 18 35 50
0392_0085_0030_0045_0065.jpg 1 85 30 45 65
0393_0058_0025_0035_0050.jpg 1 58 25 35 50
0394_0023_0025_0046_0066.jpg 1 23 25 46 66
0395_0127_0024_0045_0065.jpg 1 127 24 45 65
0396_0120_0015_0039_0057.jpg 1 120 15 39 57
0397_0063_0018_0046_0066.jpg 1 63 18 46 66
0398_0039_0005_0037_0052.jpg 1 39 5 37 52
0399_0065_0035_0047_0068.jpg 1 65 35 47 68
0400_0040_0018_0050_0072.jpg 1 40 18 50 72
0401_0094_0014_0043_0062.jpg 1 94 14 43 62
0402_0040_0021_0042_0060.jpg 1 40 21 42 60
0403_0103_0028_0050_0072.jpg 1 103 28 50 72
0404_0116_0017_0050_0072.jpg 1 116 17 50 72
0405_0027_0017_0047_0067.jpg 1 27 17 47 67
0406_0048_0005_0048_0069.jpg 1 48 5 48 69
0407_0031_0042_0037_0053.jpg 1 31 42 37 53
0408_0073_0022_0051_0074.jpg 1 73 22 51 74
0409_0102_0021_0052_0075.jpg 1 102 21 52 75
0410_0105_0029_0037_0053.jpg 1 105 29 37 53
0411_0022_0011_0047_0067.jpg 1 22 11 47 67
0412_0118_0041_0036_0052.jpg 1 118 41 36 52
0413_0113_0036_0039_0057.jpg 1 113 36 39 57
0414_0072_0033_0047_0067.jpg 1 72 33 47 67
0415_0107_0041_0040_0058.jpg 1 107 41 40 58
0416_0114_0024_0044_0063.jpg 1 114 24 44 63
0417_0123_0019_0043_0061.jpg 1 123 19 43 61
0418_0045_0024_0045_0064.jpg 1 45 24 45 64
0419_0085_0026_0050_0072.jpg 1 85 26 50 72
0420_0031_0027_0044_0063.jpg 1 31 27 44 63
0421_0057_0024_0037_0053.jpg 1 57 24 37 53
0422_0049_0041_0039_0055.jpg 1 49 41 39 55
0423_0071_0008_0048_0069.jpg 1 71 8 48 69
0424_0098_0012_0038_0055.jpg 1 98 12 38 55
0425_0037_0015_0050_0072.jpg 1 37 15 50 72
0426_0039_0018_0049_0071.jpg 1 39 18 49 71
0427_0110_0005_0045_0064.jpg 1 110 5 45 64
0428_0062_0036_0042_0060.jpg 1 62 36 42 60
0429_0127_0013_0037_0054.jpg 1 127 13 37 54
0430_0113_0016_0047_0067.jpg 1 113 16 47 67
0431_0021_0030_0051_0073.jpg 1 21 30 51 73
0432_0087_0012_0043_0061.jpg 1 87 12 43 61
0433_0062_0031_0047_0067.jpg 1 62 31 47 67
0434_0127_0025_0050_0071.jpg 1 127 25 50 71
0435_0086_0018_0036_0052.jpg 1 86 18 36 52
0436_0102_0039_0044_0063.jpg 1 102 39 44 63
0437_0018_0023_0039_0056.jpg 1 18 23 39 56
0438_0063_0018_0050_0072.jpg 1 63 18 50 72
0439_0087_0047_0038_0055.jpg 1 87 47 38 55
0440_0046_0017_0048_0069.jpg 1 46 17 48 69
0441_0042_0024_0044_0062.jpg 1 42 24 44 62
0442_0079_0008_0047_0068.jpg 1 79 8 47 68
0443_0117_0008_0040_0057.jpg 1 117 8 40 57
0444_0081_0005_0052_0075.jpg 1 81 5 52 75
0445_0017_0030_0040_0058.jpg 1 17 30 40 58
0446_0039_0005_0042_0060.jpg 1 39 5 42 60
0447_0117_0022_0049_0070.jpg 1 117 22 49 70
0448_0019_0009_0037_0053.jpg 1 19 9 37 53
0449_0044_0029_0049_0071.jpg 1 44 29 49 71
0450_0101_0012_0041_0059.jpg 1 101 12 41 59
0451_0090_0033_0042_0060.jpg 1 90 33 42 60
0452_0022_0022_0048_0068.jpg 1 22 22 48 68
0453_0033_0015_0042_0061.jpg 1 33 15 42 61
0454_0121_0020_0036_0052.jpg 1 121 20 36 52
0455_0113_0025_0044_0064.jpg 1 113 25 44 64
0456_0053_0023_0051_0073.jpg 1 53 23 51 73
0457_0028_0038_0040_0057.jpg 1 28 38 40 57
0458_0127_0046_0035_0051.jpg 1 127 46 35 51
0459_0044_0008_0038_0054.jpg 1 44 8 38 54
0460_0102_0012_0052_0075.jpg 1 102 12 52 75
0461_0049_0043_0035_0051.jpg 1 49 43 35 51
0462_0030_0032_0039_0056.jpg 1 30 32 39 56
0463_0015_0029_0044_0062.jpg 1 15 29 44 62
0464_0098_0025_0042_0061.jpg 1 98 25 42 61
0465_0129_0010_0038_0054.jpg 1 129 10 38 54
0466_0110_0004_0051_0073.jpg 1 110 4 51 73
0467_0021_0015_0051_0072.jpg 1 21 15 51 72
0468_0134_0033_0037_0054.jpg 1 134 33 37 54
0469_0023_0023_0049_0070.jpg 1 23 23 49 70
0470_0123_0006_0045_0065.jpg 1 123 6 45 65
0471_0088_0026_0047_0067.jpg 1 88 26 47 67
0472_0126_0009_0040_0057.jpg 1 126 9 40 57
0473_0103_0012_0044_0063.jpg 1 103 12 44 63
0474_0041_0027_0051_0073.jpg 1 41 27 51 73
0475_0025_0010_0040_0057.jpg 1 25 10 40 57
0476_0037_0013_0036_0052.jpg 1 37 13 36 52
0477_0036_0011_0052_0074.jpg 1 36 11 52 74
0478_0041_0014_0041_0059.jpg 1 41 14 41 59
0479_0100_0024_0052_0075.jpg 1 100 24 52 75
0480_0015_0016_0041_0059.jpg 1 15 16 41 59
0481_0103_0038_0045_0064.jpg 1 103 38 45 64
0482_0083_0013_0046_0067.jpg 1 83 13 46 67
0483_0050_0013_0049_0070.jpg 1 50 13 49 70
0484_0040_0025_0045_0065.jpg 1 40 25 45 65
0485_0090_0020_0049_0070.jpg 1 90 20 49 70
0486_0106_0017_0045_0064.jpg 1 106 17 45 64
0487_0015_0024_0042_0061.jpg 1 15 24 42 61
0488_0080_0041_0038_0054.jpg 1 80 41 38 54
0489_0046_0039_0044_0063.jpg 1 46 39 44 63
0490_0063_0004_0047_0067.jpg 1 63 4 47 67
0491_0118_0026_0037_0053.jpg 1 118 26 37 53
0492_0114_0021_0044_0064.jpg 1 114 21 44 64
0493_0098_0028_0046_0066.jpg 1 98 28 46 66
0494_0036_0036_0045_0064.jpg 1 36 36 45 64
0495_0020_0014_0040_0058.jpg 1 20 14 40 58
0496_0030_0008_0042_0060.jpg 1 30 8 42 60
0497_0049_0028_0041_0059.jpg 1 49 28 41 59
0498_0058_0022_0049_0071.jpg 1 58 22 49 71
0499_0050_0012_0047_0068.jpg 1 50 12 47 68
0500_0130_0034_0046_0066.jpg 1 130 34 46 66
0501_0102_0004_0048_0068.jpg 1 102 4 48 68
0502_0099_0018_0038_0055.jpg 1 99 18 38 55
0503_0076_0013_0052_0074.jpg 1 76 13 52 74
0504_0075_0042_0040_0057.jpg 1 75 42 40 57
0505_0111_0006_0050_0071.jpg 1 111 6 50 71
0506_0118_0010_0050_0072.jpg 1 118 10 50 72
0507_0022_0019_0051_0073.jpg 1 22 19 51 73
0508_0082_0016_0035_0051.jpg 1 82 16 35 51
0509_0126_0006_0037_0053.jpg 1 126 6 37 53
0510_0082_0036_0040_0058.jpg 1 82 36 40 58
0511_0014_0017_0049_0071.jpg 1 14 17 49 71
0512_0102_0036_0040_0057.jpg 1 102 36 40 57
0513_0104_0023_0038_0054.jpg 1 104 23 38 54
0514_0047_0031_0047_0067.jpg 1 47 31 47 67
0515_0039_0029_0051_0073.jpg 1 39 29 51 73
0516_0023_0018_0039_0055.jpg 1 23 18 39 55
0517_0016_0045_0038_0054.jpg 1 16 45 38 54
0518_0069_0023_0045_0065.jpg 1 69 23 45 65
0519_0102_0011_0050_0071.jpg 1 102 11 50 71
0520_0044_0027_0050_0071.jpg 1 44 27 50 71
0521_0111_0027_0051_0074.jpg 1 111 27 51 74
0522_0072_0019_0044_0064.jpg 1 72 19 44 64
0523_0106_0008_0048_0069.jpg 1 106 8 48 69
0524_0098_0008_0052_0074.jpg 1 98 8 52 74
0525_0046_0022_0048_0068.jpg 1 46 22 48 68
0526_0022_0018_0047_0067.jpg 1 22 18 47 67
0527_0076_0025_0044_0063.jpg 1 76 25 44 63
0528_0081_0029_0050_0072.jpg 1 81 29 50 72
0529_0128_0035_0045_0065.jpg 1 128 35 45 65
0530_0084_0024_0035_0050.jpg 1 84 24 35 50
0531_0134_0018_0042_0061.jpg 1 134 18 42 61
0532_0135_0034_0035_0050.jpg 1 135 34 35 50
0533_0115_0013_0049_0071.jpg 1 115 13 49 71
0534_0105_0035_0041_0059.jpg 1 105 35 41 59
0535_0055_0009_0052_0074.jpg 1 55 9 52 74
0536_0083_0022_0047_0067.jpg 1 83 22 47 67
0537_0048_0032_0048_0069.jpg 1 48 32 48 69
0538_0122_0009_0035_0050.jpg 1 122 9 35 50
0539_0089_0026_0047_0067.jpg 1 89 26 47 67
0540_0035_0038_0037_0053.jpg 1 35 38 37 53
0541_0061_0022_0048_0069.jpg 1 61 22 48 69
0542_0034_0015_0037_0053.jpg 1 34 15 37 53
0543_0019_0029_0039_0056.jpg 1 19 29 39 56
0544_0015_0016_0042_0060.jpg 1 15 16 42 60
0545_0108_0038_0039_0057.jpg 1 108 38 39 57
0546_0088_0004_0049_0071.jpg 1 88 4 49 71
0547_0063_0037_0036_0051.jpg 1 63 37 36 51
0548_0113_0017_0051_0073.jpg 1 113 17 51 73
0549_0022_0036_0046_0065.jpg 1 22 36 46 65
0550_0110_0008_0043_0062.jpg 1 110 8 43 62
0551_0037_0008_0050_0071.jpg 1 37 8 50 71
0552_0057_0016_0049_0070.jpg 1 57 16 49 70
0553_0132_0023_0044_0063.jpg 1 132 23 44 63
0554_0088_0032_0040_0058.jpg 1 88 32 40 58
0555_0064_0021_0039_0056.jpg 1 64 21 39 56
0556_0037_0034_0037_0053.jpg 1 37 34 37 53
0557_0038_0016_0035_0050.jpg 1 38 16 35 50
0558_0047_0031_0035_0051.jpg 1 47 31 35 51
0559_0072_0012_0041_0058.jpg 1 72 12 41 58
0560_0097_0047_0036_0052.jpg 1 97 47 36 52
0561_0092_0025_0049_0070.jpg 1 92 25 49 70
0562_0080_0029_0040_0057.jpg 1 80 29 40 57
0563_0127_0030_0046_0065.jpg 1 127 30 46 65
0564_0049_0007_0036_0052.jpg 1 49 7 36 52
0565_0064_0047_0037_0053.jpg 1 64 47 37 53
0566_0046_0021_0045_0065.jpg 1 46 21 45 65
0567_0016_0033_0049_0070.jpg 1 16 33 49 70
0568_0050_0006_0048_0069.jpg 1 50 6 48 69
0569_0034_0017_0050_0071.jpg 1 34 17 50 71
0570_0094_0026_0051_0073.jpg 1 94 26 51 73
0571_0043_0022_0042_0061.jpg 1 43 22 42 61
0572_0090_0016_0050_0072.jpg 1 90 16 50 72
0573_0093_0028_0038_0055.jpg 1 93 28 38 55
0574_0032_0025_0047_0068.jpg 1 32 25 47 68
0575_0046_0040_0039_0056.jpg 1 46 40 39 56
0576_0026_0040_0035_0050.jpg 1 26 40 35 50
0577_0092_0005_0050_0072.jpg 1 92 5 50 72
0578_0033_0021_0043_0061.jpg 1 33 21 43 61
0579_0017_0021_0040_0058.jpg 1 17 21 40 58
0580_0045_0031_0036_0051.jpg 1 45 31 36 51
0581_0108_0012_0051_0073.jpg 1 108 12 51 73
0582_0030_0010_0036_0052.jpg 1 30 10 36 52
0583_0060_0006_0049_0070.jpg 1 60 6 49 70
0584_0018_0037_0042_0060.jpg 1 18 37 42 60
0585_0070_0022_0050_0072.jpg 1 70 22 50 72
0586_0046_0036_0046_0066.jpg 1 46 36 46 66
0587_0108_0027_0050_0071.jpg 1 108 27 50 71
0588_0116_0009_0052_0075.jpg 1 116 9 52 75
0589_0118_0033_0036_0052.jpg 1 118 33 36 52
0590_0085_0021_0039_0056.jpg 1 85 21 39 56
0591_0120_0007_0050_0072.jpg 1 120 7 50 72
0592_0125_0008_0045_0064.jpg 1 125 8 45 64
0593_0088_0040_0039_0056.jpg 1 88 40 39 56
0594_0051_0024_0042_0061.jpg 1 51 24 42 61
0595_0097_0042_0039_0055.jpg 1 97 42 39 55
0596_0123_0038_0045_0064.jpg 1 123 38 45 64
0597_0083_0042_0038_0054.jpg 1 83 42 38 54
0598_0108_0024_0035_0050.jpg 1 108 24 35 50
0599_0056_0018_0037_0052.jpg 1 56 18 37 52
0600_0119_0028_0035_0050.jpg 1 119 28 35 50
0601_0026_0022_0051_0072.jpg 1 26 22 51 72
0602_0036_0008_0044_0064.jpg 1 36 8 44 64
0603_0087_0012_0040_0058.jpg 1 87 12 40 58
0604_0029_0016_0046_0066.jpg 1 29 16 46 66
0605_0123_0015_0039_0055.jpg 1 123 15 39 55
0606_0084_0046_0039_0056.jpg 1 84 46 39 56
0607_0016_0018_0052_0074.jpg 1 16 18 52 74
0608_0131_0041_0042_0060.jpg 1 131 41 42 60
0609_0051_0007_0048_0068.jpg 1 51 7 48 68
0610_0067_0041_0038_0055.jpg 1 67 41 38 55
0611_0104_0037_0039_0056.jpg 1 104 37 39 56
0612_0106_0011_0048_0069.jpg 1 106 11 48 69
0613_0018_0038_0039_0056.jpg 1 18 38 39 56
0614_0021_0030_0051_0073.jpg 1 21 30 51 73
0615_0056_0010_0050_0071.jpg 1 56 10 50 71
0616_0094_0013_0042_0060.jpg 1 94 13 42 60
0617_0108_0012_0037_0053.jpg 1 108 12 37 53
0618_0050_0025_0046_0066.jpg 1 50 25 46 66
0619_0057_0017_0040_0058.jpg 1 57 17 40 58
0620_0064_0030_0038_0055.jpg 1 64 30 38 55
0621_0118_0019_0045_0064.jpg 1 118 19 45 64
0622_0064_0004_0048_0068.jpg 1 64 4 48 68
0623_0093_0030_0038_0055.jpg 1 93 30 38 55
0624_0061_0022_0038_0055.jpg 1 61 22 38 55
0625_0102_0012_0039_0056.jpg 1 102 12 39 56
0626_0112_0039_0037_0053.jpg 1 112 39 37 53
0627_0071_0046_0038_0054.jpg 1 71 46 38 54
0628_0031_0024_0045_0064.jpg 1 31 24 45 64
0629_0136_0044_0036_0051.jpg 1 136 44 36 51
0630_0102_0025_0047_0067.jpg 1 102 25 47 67
0631_0085_0010_0039_0056.jpg 1 85 10 39 56
0632_0082_0027_0036_0052.jpg 1 82 27 36 52
0633_0101_0015_0039_0055.jpg 1 101 15 39 55
0634_0123_0034_0035_0050.jpg 1 123 34 35 50
0635_0015_0024_0052_0075.jpg 1 15 24 52 75
0636_0026_0017_0047_0068.jpg 1 26 17 47 68
0637_0029_0014_0046_0066.jpg 1 29 14 46 66
0638_0140_0017_0035_0050.jpg 1 140 17 35 50
0639_0134_0011_0042_0060.jpg 1 134 11 42 60
0640_0098_0038_0035_0050.jpg 1 98 38 35 50
0641_0114_0005_0040_0058.jpg 1 114 5 40 58
0642_0097_0011_0047_0068.jpg 1 97 11 47 68
0643_0103_0028_0042_0060.jpg 1 103 28 42 60
0644_0024_0021_0045_0065.jpg 1 24 21 45 65
0645_0071_0025_0051_0073.jpg 1 71 25 51 73
0646_0085_0017_0052_0074.jpg 1 85 17 52 74
0647_0064_0013_0039_0057.jpg 1 64 13 39 57
0648_0022_0011_0047_0067.jpg 1 22 11 47 67
0649_0036_0018_0037_0053.jpg 1 36 18 37 53
0650_0024_0012_0040_0057.jpg 1 24 12 40 57
0651_0028_0028_0051_0074.jpg 1 28 28 51 74
0652_0038_0011_0048_0069.jpg 1 38 11 48 69
0653_0062_0007_0048_0069.jpg 1 62 7 48 69
0654_0085_0007_0043_0062.jpg 1 85 7 43 62
0655_0123_0011_0044_0063.jpg 1 123 11 44 63
0656_0024_0004_0050_0072.jpg 1 24 4 50 72
0657_0019_0017_0049_0071.jpg 1 19 17 49 71
0658_0064_0032_0047_0068.jpg 1 64 32 47 68
0659_0040_0017_0046_0065.jpg 1 40 17 46 65
0660_0082_0038_0042_0061.jpg 1 82 38 42 61
0661_0110_0022_0044_0063.jpg 1 110 22 44 63
0662_0079_0019_0041_0059.jpg 1 79 19 41 59
0663_0041_0017_0048_0069.jpg 1 41 17 48 69
0664_0118_0006_0039_0056.jpg 1 118 6 39 56
0665_0051_0041_0035_0051.jpg 1 51 41 35 51
0666_0017_0026_0038_0054.jpg 1 17 26 38 54
0667_0058_0031_0049_0070.jpg 1 58 31 49 70
0668_0050_0044_0035_0051.jpg 1 50 44 35 51
0669_0029_0015_0037_0053.jpg 1 29 15 37 53
0670_0107_0036_0047_0067.jpg 1 107 36 47 67
0671_0064_0019_0039_0055.jpg 1 64 19 39 55
0672_0067_0006_0051_0073.jpg 1 67 6 51 73
0673_0061_0030_0041_0059.jpg 1 61 30 41 59
0674_0082_0029_0039_0056.jpg 1 82 29 39 56
0675_0133_0037_0041_0059.jpg 1 133 37 41 59
0676_0053_0043_0037_0053.jpg 1 53 43 37 53
0677_0048_0036_0044_0064.jpg 1 48 36 44 64
0678_0108_0019_0045_0065.jpg 1 108 19 45 65
0679_0058_0027_0040_0057.jpg 1 58 27 40 57
0680_0093_0021_0036_0051.jpg 1 93 21 36 51
0681_0048_0023_0047_0067.jpg 1 48 23 47 67
0682_0048_0018_0049_0070.jpg 1 48 18 49 70
0683_0130_0022_0039_0056.jpg 1 130 22 39 56
0684_0097_0006_0048_0069.jpg 1 97 6 48 69
0685_0108_0039_0036_0051.jpg 1 108 39 36 51
0686_0038_0023_0044_0063.jpg 1 38 23 44 63
0687_0067_0037_0038_0054.jpg 1 67 37 38 54
0688_0025_0007_0037_0053.jpg 1 25 7 37 53
0689_0042_0029_0046_0065.jpg 1 42 29 46 65
0690_0044_0008_0038_0055.jpg 1 44 8 38 55
0691_0119_0024_0047_0068.jpg 1 119 24 47 68
0692_0113_0010_0048_0069.jpg 1 113 10 48 69
0693_0085_0037_0046_0065.jpg 1 85 37 46 65
0694_0065_0030_0035_0050.jpg 1 65 30 35 50
0695_0048_0005_0048_0069.jpg 1 48 5 48 69
0696_0015_0030_0042_0060.jpg 1 15 30 42 60
0697_0079_0035_0046_0065.jpg 1 79 35 46 65
0698_0119_0007_0048_0069.jpg 1 119 7 48 69
0699_0021_0009_0050_0071.jpg 1 21 9 50 71
0700_0035_0039_0040_0057.jpg 1 35 39 40 57
0701_0081_0021_0051_0074.jpg 1 81 21 51 74
0702_0122_0025_0047_0068.jpg 1 122 25 47 68
0703_0089_0027_0043_0061.jpg 1 89 27 43 61
0704_0083_0037_0036_0052.jpg 1 83 37 36 52
0705_0133_0044_0041_0058.jpg 1 133 44 41 58
0706_0130_0010_0042_0060.jpg 1 130 10 42 60
0707_0072_0020_0045_0064.jpg 1 72 20 45 64
0708_0129_0015_0039_0056.jpg 1 129 15 39 56
0709_0067_0011_0048_0069.jpg 1 67 11 48 69
0710_0049_0011_0035_0050.jpg 1 49 11 35 50
0711_0097_0026_0047_0067.jpg 1 97 26 47 67
0712_0069_0010_0047_0067.jpg 1 69 10 47 67
0713_0078_0034_0036_0051.jpg 1 78 34 36 51
0714_0062_0025_0044_0063.jpg 1 62 25 44 63
0715_0025_0015_0048_0068.jpg 1 25 15 48 68
0716_0083_0024_0039_0056.jpg 1 83 24 39 56
0717_0102_0008_0052_0075.jpg 1 102 8 52 75
0718_0077_0043_0042_0060.jpg 1 77 43 42 60
0719_0034_0023_0040_0058.jpg 1 34 23 40 58
0720_0096_0028_0052_0074.jpg 1 96 28 52 74
0721_0057_0041_0036_0051.jpg 1 57 41 36 51
0722_0044_0031_0046_0066.jpg 1 44 31 46 66
0723_0027_0041_0043_0062.jpg 1 27 41 43 62
0724_0022_0018_0049_0070.jpg 1 22 18 49 70
0725_0041_0017_0049_0070.jpg 1 41 17 49 70
0726_0074_0028_0048_0069.jpg 1 74 28 48 69
0727_0095_0031_0046_0066.jpg 1 95 31 46 66
0728_0037_0022_0046_0066.jpg 1 37 22 46 66
0729_0107_0013_0047_0067.jpg 1 107 13 47 67
0730_0076_0008_0041_0058.jpg 1 76 8 41 58
0731_0102_0029_0052_0074.jpg 1 102 29 52 74
0732_0106_0026_0049_0070.jpg 1 106 26 49 70
0733_0104_0043_0036_0052.jpg 1 104 43 36 52
0734_0045_0022_0045_0064.jpg 1 45 22 45 64
0735_0071_0026_0043_0061.jpg 1 71 26 43 61
0736_0104_0007_0048_0068.jpg 1 104 7 48 68
0737_0039_0022_0051_0073.jpg 1 39 22 51 73
0738_0086_0044_0036_0052.jpg 1 86 44 36 52
0739_0086_0020_0035_0051.jpg 1 86 20 35 51
0740_0131_0009_0043_0061.jpg 1 131 9 43 61
0741_0093_0013_0049_0071.jpg 1 93 13 49 71
0742_0111_0022_0043_0061.jpg 1 111 22 43 61
0743_0118_0026_0041_0059.jpg 1 118 26 41 59
0744_0099_0017_0037_0053.jpg 1 99 17 37 53
0745_0052_0008_0037_0053.jpg 1 52 8 37 53
0746_0120_0010_0049_0070.jpg 1 120 10 49 70
0747_0131_0026_0042_0060.jpg 1 131 26 42 60
0748_0025_0016_0049_0071.jpg 1 25 16 49 71
0749_0121_0034_0044_0062.jpg 1 121 34 44 62
0750_0125_0036_0044_0063.jpg 1 125 36 44 63
0751_0039_0042_0037_0054.jpg 1 39 42 37 54
0752_0068_0012_0045_0064.jpg 1 68 12 45 64
0753_0083_0035_0045_0065.jpg 1 83 35 45 65
0754_0023_0023_0046_0066.jpg 1 23 23 46 66
0755_0039_0008_0049_0070.jpg 1 39 8 49 70
0756_0128_0040_0036_0052.jpg 1 128 40 36 52
0757_0030_0016_0047_0067.jpg 1 30 16 47 67
0758_0077_0008_0038_0055.jpg 1 77 8 38 55
0759_0029_0042_0037_0052.jpg 1 29 42 37 52
0760_0038_0006_0039_0057.jpg 1 38 6 39 57
0761_0016_0031_0051_0073.jpg 1 16 31 51 73
0762_0040_0024_0036_0052.jpg 1 40 24 36 52
0763_0109_0013_0049_0071.jpg 1 109 13 49 71
0764_0040_0032_0040_0057.jpg 1 40 32 40 57
0765_0120_0010_0048_0068.jpg 1 120 10 48 68
0766_0047_0013_0038_0054.jpg 1 47 13 38 54
0767_0081_0018_0050_0072.jpg 1 81 18 50 72
0768_0027_0018_0043_0061.jpg 1 27 18 43 61
0769_0112_0007_0041_0059.jpg 1 112 7 41 59
0770_0070_0015_0046_0066.jpg 1 70 15 46 66
0771_0042_0026_0048_0068.jpg 1 42 26 48 68
0772_0066_0010_0050_0072.jpg 1 66 10 50 72
0773_0054_0028_0049_0070.jpg 1 54 28 49 70
0774_0046_0007_0040_0057.jpg 1 46 7 40 57
0775_0091_0024_0041_0059.jpg 1 91 24 41 59
0776_0062_0016_0052_0074.jpg 1 62 16 52 74
0777_0062_0046_0038_0054.jpg 1 62 46 38 54
0778_0085_0008_0044_0063.jpg 1 85 8 44 63
0779_0041_0034_0041_0059.jpg 1 41 34 41 59
0780_0071_0017_0046_0066.jpg 1 71 17 46 66
0781_0016_0005_0040_0058.jpg 1 16 5 40 58
0782_0082_0023_0049_0070.jpg 1 82 23 49 70
0783_0019_0024_0035_0050.jpg 1 19 24 35 50
0784_0076_0014_0049_0070.jpg 1 76 14 49 70
0785_0093_0029_0035_0050.jpg 1 93 29 35 50
0786_0047_0008_0039_0055.jpg 1 47 8 39 55
0787_0057_0039_0035_0050.jpg 1 57 39 35 50
0788_0122_0013_0045_0064.jpg 1 122 13 45 64
0789_0084_0009_0043_0062.jpg 1 84 9 43 62
0790_0095_0013_0049_0070.jpg 1 95 13 49 70
0791_0064_0005_0039_0056.jpg 1 64 5 39 56
0792_0063_0008_0038_0054.jpg 1 63 8 38 54
0793_0112_0030_0049_0071.jpg 1 112 30 49 71
0794_0136_0010_0036_0051.jpg 1 136 10 36 51
0795_0026_0029_0049_0071.jpg 1 26 29 49 71
0796_0123_0019_0050_0072.jpg 1 123 19 50 72
0797_0031_0039_0043_0062.jpg 1 31 39 43 62
0798_0125_0008_0045_0064.jpg 1 125 8 45 64
0799_0120_0024_0041_0059.jpg 1 120 24 41 59
0800_0037_0024_0037_0053.jpg 1 37 24 37 53
0801_0032_0024_0042_0060.jpg 1 32 24 42 60
0802_0082_0021_0049_0070.jpg 1 82 21 49 70
0803_0099_0006_0041_0059.jpg 1 99 6 41 59
0804_0124_0025_0039_0056.jpg 1 124 25 39 56
0805_0080_0012_0048_0069.jpg 1 80 12 48 69
0806_0114_0022_0035_0051.jpg 1 114 22 35 51
0807_0049_0036_0039_0056.jpg 1 49 36 39 56
0808_0131_0021_0042_0060.jpg 1 131 21 42 60
0809_0043_0006_0044_0063.jpg 1 43 6 44 63
0810_0059_0047_0037_0052.jpg 1 59 47 37 52
0811_0039_0011_0038_0055.jpg 1 39 11 38 55
0812_0122_0014_0049_0070.jpg 1 122 14 49 70
0813_0084_0023_0045_0064.jpg 1 84 23 45 64
