0001_0086_0026_0040_0058.jpg 1 86 26 40 58
0002_0126_0019_0044_0063.jpg 1 126 19 44 63
0003_0126_0036_0047_0067.jpg 1 126 36 47 67
0004_0058_0013_0043_0062.jpg 1 58 13 43 62
0005_0057_0023_0037_0054.jpg 1 57 23 37 54
0006_0084_0015_0047_0068.jpg 1 84 15 47 68
0007_0044_0040_0041_0059.jpg 1 44 40 41 59
0008_0086_0043_0035_0050.jpg 1 86 43 35 50
0009_0081_0004_0045_0064.jpg 1 81 4 45 64
0010_0115_0010_0041_0059.jpg 1 115 10 41 59
0011_0058_0021_0035_0050.jpg 1 58 21 35 50
0012_0040_0037_0037_0052.jpg 1 40 37 37 52
0013_0094_0007_0038_0055.jpg 1 94 7 38 55
0014_0043_0009_0052_0075.jpg 1 43 9 52 75
0015_0069_0005_0044_0063.jpg 1 69 5 44 63
0016_0096_0012_0038_0055.jpg 1 96 12 38 55
0017_0095_0017_0047_0067.jpg 1 95 17 47 67
0018_0068_0021_0035_0050.jpg 1 68 21 35 50
0019_0041_0024_0048_0069.jpg 1 41 24 48 69
0020_0109_0043_0037_0053.jpg 1 109 43 37 53
0021_0092_0013_0036_0052.jpg 1 92 13 36 52
0022_0084_0006_0050_0071.jpg 1 84 6 50 71
0023_0043_0020_0047_0068.jpg 1 43 20 47 68
0024_0077_0016_0035_0051.jpg 1 77 16 35 51
0025_0085_0008_0047_0067.jpg 1 85 8 47 67
0026_0066_0021_0051_0074.jpg 1 66 21 51 74
0027_0110_0007_0047_0068.jpg 1 110 7 47 68
0028_0024_0027_0052_0074.jpg 1 24 27 52 74
0029_0087_0020_0043_0062.jpg 1 87 20 43 62
0030_0089_0026_0044_0063.jpg 1 89 26 44 63
0031_0106_0016_0049_0070.jpg 1 106 16 49 70
0032_0050_0009_0043_0062.jpg 1 50 9 43 62
0033_0058_0009_0043_0062.jpg 1 58 9 43 62
0034_0124_0009_0046_0066.jpg 1 124 9 46 66
0035_0120_0031_0041_0059.jpg 1 120 31 41 59
0036_0095_0021_0047_0067.jpg 1 95 21 47 67
0037_0127_0018_0046_0066.jpg 1 127 18 46 66
0038_0049_0011_0050_0072.jpg 1 49 11 50 72
0039_0113_0038_0040_0057.jpg 1 113 38 40 57
0040_0018_0004_0049_0070.jpg 1 18 4 49 70
0041_0022_0045_0035_0050.jpg 1 22 45 35 50
0042_0089_0035_0036_0052.jpg 1 89 35 36 52
0043_0118_0036_0047_0067.jpg 1 118 36 47 67
0044_0110_0024_0047_0067.jpg 1 110 24 47 67
0045_0018_0019_0041_0058.jpg 1 18 19 41 58
0046_0031_0023_0044_0063.jpg 1 31 23 44 63
0047_0133_0036_0040_0058.jpg 1 133 36 40 58
0048_0079_0020_0049_0071.jpg 1 79 20 49 71
0049_0054_0011_0052_0074.jpg 1 54 11 52 74
0050_0029_0038_0041_0059.jpg 1 29 38 41 59
0051_0109_0010_0046_0066.jpg 1 109 10 46 66
0052_0046_0022_0038_0054.jpg 1 46 22 38 54
0053_0074_0033_0036_0052.jpg 1 74 33 36 52
0054_0020_0010_0046_0066.jpg 1 20 10 46 66
0055_0119_0027_0051_0073.jpg 1 119 27 51 73
0056_0135_0031_0038_0055.jpg 1 135 31 38 55
0057_0073_0010_0046_0066.jpg 1 73 10 46 66
0058_0119_0009_0041_0059.jpg 1 119 9 41 59
0059_0019_0010_0045_0065.jpg 1 19 10 45 65
0060_0074_0008_0049_0070.jpg 1 74 8 49 70
0061_0134_0024_0042_0060.jpg 1 134 24 42 60
0062_0097_0023_0038_0054.jpg 1 97 23 38 54
0063_0047_0029_0051_0073.jpg 1 47 29 51 73
0064_0019_0033_0035_0051.jpg 1 19 33 35 51
0065_0049_0012_0048_0069.jpg 1 49 12 48 69
0066_0090_0016_0049_0070.jpg 1 90 16 49 70
0067_0082_0027_0042_0061.jpg 1 82 27 42 61
0068_0039_0012_0050_0072.jpg 1 39 12 50 72
0069_0136_0039_0035_0050.jpg 1 136 39 35 50
0070_0050_0012_0051_0073.jpg 1 50 12 51 73
0071_0134_0035_0037_0053.jpg 1 134 35 37 53
0072_0088_0031_0037_0053.jpg 1 88 31 37 53
0073_0041_0035_0038_0054.jpg 1 41 35 38 54
0074_0037_0008_0036_0051.jpg 1 37 8 36 51
0075_0050_0009_0046_0065.jpg 1 50 9 46 65
0076_0045_0021_0035_0050.jpg 1 45 21 35 50
0077_0128_0029_0035_0050.jpg 1 128 29 35 50
0078_0068_0038_0035_0050.jpg 1 68 38 35 50
0079_0057_0014_0037_0053.jpg 1 57 14 37 53
0080_0023_0006_0049_0070.jpg 1 23 6 49 70
0081_0077_0029_0036_0051.jpg 1 77 29 36 51
0082_0093_0048_0035_0050.jpg 1 93 48 35 50
0083_0117_0031_0040_0057.jpg 1 117 31 40 57
0084_0072_0027_0041_0059.jpg 1 72 27 41 59
0085_0078_0025_0035_0051.jpg 1 78 25 35 51
0086_0110_0043_0035_0050.jpg 1 110 43 35 50
0087_0070_0019_0039_0056.jpg 1 70 19 39 56
0088_0017_0033_0046_0066.jpg 1 17 33 46 66
0089_0087_0011_0048_0068.jpg 1 87 11 48 68
0090_0077_0008_0050_0071.jpg 1 77 8 50 71
0091_0035_0036_0045_0065.jpg 1 35 36 45 65
0092_0084_0041_0042_0061.jpg 1 84 41 42 61
0093_0090_0009_0050_0072.jpg 1 90 9 50 72
0094_0135_0011_0037_0053.jpg 1 135 11 37 53
0095_0082_0023_0049_0071.jpg 1 82 23 49 71
0096_0128_0035_0039_0056.jpg 1 128 35 39 56
0097_0109_0012_0046_0066.jpg 1 109 12 46 66
0098_0057_0033_0040_0058.jpg 1 57 33 40 58
0099_0115_0009_0044_0062.jpg 1 115 9 44 62
0100_0105_0038_0044_0064.jpg 1 105 38 44 64
0101_0040_0032_0035_0050.jpg 1 40 32 35 50
0102_0017_0017_0047_0067.jpg 1 17 17 47 67
0103_0089_0029_0035_0050.jpg 1 89 29 35 50
0104_0016_0004_0050_0071.jpg 1 16 4 50 71
0105_0032_0017_0052_0075.jpg 1 32 17 52 75
0106_0134_0032_0040_0057.jpg 1 134 32 40 57
0107_0039_0006_0052_0075.jpg 1 39 6 52 75
0108_0117_0041_0042_0060.jpg 1 117 41 42 60
0109_0034_0012_0048_0069.jpg 1 34 12 48 69
0110_0047_0042_0036_0051.jpg 1 47 42 36 51
0111_0129_0021_0041_0059.jpg 1 129 21 41 59
0112_0039_0022_0039_0056.jpg 1 39 22 39 56
0113_0069_0005_0037_0053.jpg 1 69 5 37 53
0114_0111_0031_0042_0061.jpg 1 111 31 42 61
0115_0055_0022_0052_0074.jpg 1 55 22 52 74
0116_0049_0024_0046_0066.jpg 1 49 24 46 66
0117_0099_0029_0052_0074.jpg 1 99 29 52 74
0118_0069_0029_0045_0064.jpg 1 69 29 45 64
0119_0078_0026_0052_0074.jpg 1 78 26 52 74
0120_0036_0023_0050_0072.jpg 1 36 23 50 72
0121_0089_0023_0052_0075.jpg 1 89 23 52 75
0122_0077_0035_0038_0054.jpg 1 77 35 38 54
0123_0067_0007_0044_0063.jpg 1 67 7 44 63
0124_0062_0012_0045_0065.jpg 1 62 12 45 65
0125_0124_0010_0045_0064.jpg 1 124 10 45 64
0126_0095_0014_0046_0066.jpg 1 95 14 46 66
0127_0093_0025_0041_0058.jpg 1 93 25 41 58
0128_0092_0022_0035_0050.jpg 1 92 22 35 50
0129_0096_0035_0047_0068.jpg 1 96 35 47 68
0130_0066_0008_0040_0057.jpg 1 66 8 40 57
0131_0048_0024_0037_0053.jpg 1 48 24 37 53
0132_0052_0027_0043_0061.jpg 1 52 27 43 61
0133_0084_0031_0044_0064.jpg 1 84 31 44 64
0134_0025_0018_0050_0072.jpg 1 25 18 50 72
0135_0133_0026_0044_0062.jpg 1 133 26 44 62
0136_0023_0016_0039_0056.jpg 1 23 16 39 56
0137_0065_0017_0051_0073.jpg 1 65 17 51 73
0138_0036_0006_0049_0070.jpg 1 36 6 49 70
0139_0061_0045_0036_0051.jpg 1 61 45 36 51
0140_0113_0016_0050_0072.jpg 1 113 16 50 72
0141_0085_0035_0044_0063.jpg 1 85 35 44 63
0142_0090_0014_0050_0071.jpg 1 90 14 50 71
0143_0067_0013_0047_0068.jpg 1 67 13 47 68
0144_0111_0008_0044_0064.jpg 1 111 8 44 64
0145_0041_0019_0046_0065.jpg 1 41 19 46 65
0146_0028_0008_0039_0056.jpg 1 28 8 39 56
0147_0091_0027_0044_0063.jpg 1 91 27 44 63
0148_0042_0032_0036_0051.jpg 1 42 32 36 51
0149_0124_0035_0044_0063.jpg 1 124 35 44 63
0150_0141_0020_0035_0051.jpg 1 141 20 35 51
0151_0125_0041_0039_0055.jpg 1 125 41 39 55
0152_0052_0036_0037_0053.jpg 1 52 36 37 53
0153_0033_0017_0052_0074.jpg 1 33 17 52 74
0154_0046_0005_0043_0061.jpg 1 46 5 43 61
0155_0046_0028_0037_0053.jpg 1 46 28 37 53
0156_0075_0007_0049_0070.jpg 1 75 7 49 70
0157_0066_0015_0044_0064.jpg 1 66 15 44 64
0158_0126_0036_0043_0061.jpg 1 126 36 43 61
0159_0065_0016_0047_0067.jpg 1 65 16 47 67
0160_0026_0010_0049_0070.jpg 1 26 10 49 70
0161_0027_0044_0037_0053.jpg 1 27 44 37 53
0162_0044_0016_0049_0070.jpg 1 44 16 49 70
0163_0137_0007_0037_0053.jpg 1 137 7 37 53
0164_0034_0031_0047_0067.jpg 1 34 31 47 67
0165_0120_0010_0047_0067.jpg 1 120 10 47 67
0166_0123_0005_0045_0064.jpg 1 123 5 45 64
0167_0117_0017_0051_0074.jpg 1 117 17 51 74
0168_0126_0023_0048_0068.jpg 1 126 23 48 68
0169_0089_0016_0049_0070.jpg 1 89 16 49 70
0170_0037_0006_0051_0073.jpg 1 37 6 51 73
0171_0034_0026_0040_0058.jpg 1 34 26 40 58
0172_0078_0026_0046_0066.jpg 1 78 26 46 66
0173_0031_0006_0041_0058.jpg 1 31 6 41 58
0174_0059_0015_0045_0064.jpg 1 59 15 45 64
0175_0040_0019_0036_0052.jpg 1 40 19 36 52
0176_0117_0011_0046_0067.jpg 1 117 11 46 67
0177_0049_0032_0036_0052.jpg 1 49 32 36 52
0178_0119_0029_0052_0074.jpg 1 119 29 52 74
0179_0121_0035_0042_0061.jpg 1 121 35 42 61
0180_0115_0018_0040_0057.jpg 1 115 18 40 57
0181_0106_0005_0048_0069.jpg 1 106 5 48 69
0182_0058_0006_0051_0073.jpg 1 58 6 51 73
0183_0026_0005_0052_0075.jpg 1 26 5 52 75
0184_0052_0009_0041_0059.jpg 1 52 9 41 59
0185_0133_0008_0041_0059.jpg 1 133 8 41 59
0186_0022_0027_0052_0074.jpg 1 22 27 52 74
0187_0075_0035_0037_0053.jpg 1 75 35 37 53
0188_0053_0030_0048_0069.jpg 1 53 30 48 69
0189_0061_0025_0051_0074.jpg 1 61 25 51 74
0190_0051_0026_0049_0070.jpg 1 51 26 49 70
0191_0092_0011_0041_0059.jpg 1 92 11 41 59
0192_0122_0035_0035_0050.jpg 1 122 35 35 50
0193_0015_0037_0045_0065.jpg 1 15 37 45 65
0194_0088_0009_0040_0057.jpg 1 88 9 40 57
0195_0107_0023_0052_0074.jpg 1 107 23 52 74
0196_0129_0028_0044_0063.jpg 1 129 28 44 63
0197_0103_0004_0046_0066.jpg 1 103 4 46 66
0198_0116_0011_0042_0060.jpg 1 116 11 42 60
0199_0101_0026_0045_0065.jpg 1 101 26 45 65
0200_0038_0018_0043_0062.jpg 1 38 18 43 62
0201_0082_0009_0036_0051.jpg 1 82 9 36 51
0202_0052_0030_0035_0050.jpg 1 52 30 35 50
0203_0058_0048_0036_0051.jpg 1 58 48 36 51
0204_0127_0005_0042_0060.jpg 1 127 5 42 60
0205_0032_0007_0039_0056.jpg 1 32 7 39 56
0206_0049_0022_0047_0067.jpg 1 49 22 47 67
0207_0124_0005_0049_0070.jpg 1 124 5 49 70
0208_0049_0029_0046_0066.jpg 1 49 29 46 66
0209_0096_0028_0044_0063.jpg 1 96 28 44 63
0210_0044_0025_0043_0062.jpg 1 44 25 43 62
0211_0074_0034_0036_0051.jpg 1 74 34 36 51
0212_0077_0004_0046_0066.jpg 1 77 4 46 66
0213_0071_0025_0047_0067.jpg 1 71 25 47 67
0214_0023_0011_0036_0051.jpg 1 23 11 36 51
0215_0079_0022_0040_0057.jpg 1 79 22 40 57
0216_0114_0018_0044_0063.jpg 1 114 18 44 63
0217_0097_0034_0037_0054.jpg 1 97 34 37 54
0218_0068_0011_0046_0066.jpg 1 68 11 46 66
0219_0072_0042_0037_0053.jpg 1 72 42 37 53
0220_0031_0039_0037_0053.jpg 1 31 39 37 53
0221_0127_0011_0042_0061.jpg 1 127 11 42 61
0222_0042_0019_0038_0054.jpg 1 42 19 38 54
0223_0036_0004_0045_0064.jpg 1 36 4 45 64
0224_0031_0005_0041_0059.jpg 1 31 5 41 59
0225_0086_0011_0042_0060.jpg 1 86 11 42 60
0226_0041_0045_0036_0051.jpg 1 41 45 36 51
0227_0016_0008_0038_0054.jpg 1 16 8 38 54
0228_0106_0032_0045_0064.jpg 1 106 32 45 64
0229_0099_0041_0035_0050.jpg 1 99 41 35 50
0230_0072_0006_0051_0074.jpg 1 72 6 51 74
0231_0053_0024_0052_0075.jpg 1 53 24 52 75
0232_0014_0017_0047_0067.jpg 1 14 17 47 67
0233_0018_0018_0051_0073.jpg 1 18 18 51 73
0234_0093_0033_0036_0052.jpg 1 93 33 36 52
0235_0025_0010_0043_0061.jpg 1 25 10 43 61
0236_0039_0024_0041_0059.jpg 1 39 24 41 59
0237_0055_0023_0050_0071.jpg 1 55 23 50 71
0238_0033_0025_0043_0061.jpg 1 33 25 43 61
0239_0096_0029_0042_0060.jpg 1 96 29 42 60
0240_0129_0032_0035_0050.jpg 1 129 32 35 50
0241_0079_0027_0039_0056.jpg 1 79 27 39 56
0242_0056_0014_0052_0074.jpg 1 56 14 52 74
0243_0021_0023_0045_0064.jpg 1 21 23 45 64
0244_0088_0012_0049_0070.jpg 1 88 12 49 70
0245_0021_0005_0050_0072.jpg 1 21 5 50 72
0246_0019_0016_0037_0053.jpg 1 19 16 37 53
0247_0137_0032_0038_0054.jpg 1 137 32 38 54
0248_0049_0042_0035_0050.jpg 1 49 42 35 50
0249_0067_0048_0035_0050.jpg 1 67 48 35 50
0250_0093_0014_0052_0074.jpg 1 93 14 52 74
0251_0049_0022_0042_0060.jpg 1 49 22 42 60
0252_0117_0005_0044_0064.jpg 1 117 5 44 64
0253_0106_0022_0040_0057.jpg 1 106 22 40 57
0254_0090_0026_0042_0061.jpg 1 90 26 42 61
0255_0035_0005_0051_0074.jpg 1 35 5 51 74
0256_0083_0003_0052_0074.jpg 1 83 3 52 74
0257_0119_0026_0039_0055.jpg 1 119 26 39 55
0258_0096_0014_0044_0063.jpg 1 96 14 44 63
0259_0127_0019_0041_0059.jpg 1 127 19 41 59
0260_0017_0019_0038_0054.jpg 1 17 19 38 54
0261_0088_0012_0044_0062.jpg 1 88 12 44 62
0262_0038_0018_0042_0060.jpg 1 38 18 42 60
0263_0074_0020_0052_0075.jpg 1 74 20 52 75
0264_0129_0033_0044_0063.jpg 1 129 33 44 63
0265_0132_0029_0041_0059.jpg 1 132 29 41 59
0266_0122_0025_0040_0057.jpg 1 122 25 40 57
0267_0089_0038_0040_0058.jpg 1 89 38 40 58
0268_0062_0014_0047_0068.jpg 1 62 14 47 68
0269_0059_0008_0035_0050.jpg 1 59 8 35 50
0270_0020_0029_0046_0066.jpg 1 20 29 46 66
0271_0019_0022_0051_0073.jpg 1 19 22 51 73
0272_0017_0018_0044_0063.jpg 1 17 18 44 63
0273_0082_0009_0037_0053.jpg 1 82 9 37 53
0274_0024_0021_0051_0073.jpg 1 24 21 51 73
0275_0044_0005_0047_0067.jpg 1 44 5 47 67
0276_0094_0014_0047_0068.jpg 1 94 14 47 68
0277_0032_0015_0047_0068.jpg 1 32 15 47 68
0278_0018_0049_0035_0050.jpg 1 18 49 35 50
0279_0082_0027_0041_0059.jpg 1 82 27 41 59
0280_0096_0005_0046_0067.jpg 1 96 5 46 67
0281_0116_0035_0043_0062.jpg 1 116 35 43 62
0282_0087_0016_0049_0070.jpg 1 87 16 49 70
0283_0067_0018_0035_0050.jpg 1 67 18 35 50
0284_0065_0015_0041_0059.jpg 1 65 15 41 59
0285_0088_0032_0046_0066.jpg 1 88 32 46 66
0286_0032_0015_0050_0071.jpg 1 32 15 50 71
0287_0132_0046_0035_0050.jpg 1 132 46 35 50
0288_0082_0013_0036_0052.jpg 1 82 13 36 52
0289_0060_0015_0046_0066.jpg 1 60 15 46 66
0290_0082_0021_0050_0072.jpg 1 82 21 50 72
0291_0090_0013_0037_0053.jpg 1 90 13 37 53
0292_0033_0040_0037_0053.jpg 1 33 40 37 53
0293_0080_0020_0045_0065.jpg 1 80 20 45 65
0294_0118_0032_0037_0054.jpg 1 118 32 37 54
0295_0014_0004_0052_0075.jpg 1 14 4 52 75
0296_0037_0045_0038_0054.jpg 1 37 45 38 54
0297_0059_0032_0042_0060.jpg 1 59 32 42 60
0298_0114_0017_0045_0064.jpg 1 114 17 45 64
0299_0040_0020_0044_0064.jpg 1 40 20 44 64
0300_0089_0027_0050_0072.jpg 1 89 27 50 72
0301_0076_0016_0040_0057.jpg 1 76 16 40 57
0302_0041_0007_0039_0055.jpg 1 41 7 39 55
0303_0027_0024_0035_0051.jpg 1 27 24 35 51
0304_0070_0022_0035_0050.jpg 1 70 22 35 50
0305_0123_0028_0048_0068.jpg 1 123 28 48 68
0306_0066_0014_0051_0073.jpg 1 66 14 51 73
0307_0112_0028_0041_0058.jpg 1 112 28 41 58
0308_0117_0029_0036_0052.jpg 1 117 29 36 52
0309_0098_0025_0039_0056.jpg 1 98 25 39 56
0310_0089_0031_0037_0053.jpg 1 89 31 37 53
0311_0046_0031_0042_0060.jpg 1 46 31 42 60
0312_0131_0010_0040_0057.jpg 1 131 10 40 57
0313_0103_0041_0038_0054.jpg 1 103 41 38 54
0314_0137_0016_0037_0053.jpg 1 137 16 37 53
0315_0016_0028_0050_0071.jpg 1 16 28 50 71
0316_0020_0021_0050_0072.jpg 1 20 21 50 72
0317_0099_0012_0052_0074.jpg 1 99 12 52 74
0318_0036_0009_0040_0058.jpg 1 36 9 40 58
0319_0018_0026_0041_0058.jpg 1 18 26 41 58
0320_0035_0014_0049_0070.jpg 1 35 14 49 70
0321_0080_0036_0043_0061.jpg 1 80 36 43 61
0322_0130_0021_0038_0054.jpg 1 130 21 38 54
0323_0034_0025_0037_0053.jpg 1 34 25 37 53
0324_0086_0045_0036_0052.jpg 1 86 45 36 52
0325_0057_0020_0048_0069.jpg 1 57 20 48 69
0326_0055_0026_0047_0067.jpg 1 55 26 47 67
0327_0111_0011_0045_0064.jpg 1 111 11 45 64
0328_0039_0008_0040_0058.jpg 1 39 8 40 58
0329_0025_0028_0041_0058.jpg 1 25 28 41 58
0330_0104_0027_0040_0058.jpg 1 104 27 40 58
0331_0048_0034_0045_0065.jpg 1 48 34 45 65
0332_0124_0027_0050_0072.jpg 1 124 27 50 72
0333_0102_0007_0047_0068.jpg 1 102 7 47 68
0334_0125_0013_0051_0073.jpg 1 125 13 51 73
0335_0104_0008_0038_0054.jpg 1 104 8 38 54
0336_0069_0018_0038_0054.jpg 1 69 18 38 54
0337_0024_0015_0048_0069.jpg 1 24 15 48 69
0338_0067_0014_0051_0073.jpg 1 67 14 51 73
0339_0070_0015_0036_0051.jpg 1 70 15 36 51
0340_0028_0013_0039_0056.jpg 1 28 13 39 56
0341_0038_0024_0046_0067.jpg 1 38 24 46 67
0342_0073_0030_0051_0073.jpg 1 73 30 51 73
0343_0113_0035_0047_0067.jpg 1 113 35 47 67
0344_0074_0049_0035_0051.jpg 1 74 49 35 51
0345_0044_0012_0041_0058.jpg 1 44 12 41 58
0346_0052_0045_0036_0051.jpg 1 52 45 36 51
0347_0095_0017_0036_0051.jpg 1 95 17 36 51
0348_0047_0014_0039_0056.jpg 1 47 14 39 56
0349_0068_0010_0044_0063.jpg 1 68 10 44 63
0350_0132_0032_0044_0063.jpg 1 132 32 44 63
0351_0023_0013_0049_0070.jpg 1 23 13 49 70
0352_0117_0046_0036_0051.jpg 1 117 46 36 51
0353_0045_0018_0038_0055.jpg 1 45 18 38 55
0354_0098_0015_0051_0073.jpg 1 98 15 51 73
0355_0064_0014_0051_0073.jpg 1 64 14 51 73
0356_0128_0012_0039_0057.jpg 1 128 12 39 57
0357_0022_0017_0047_0067.jpg 1 22 17 47 67
0358_0121_0032_0046_0066.jpg 1 121 32 46 66
0359_0077_0027_0045_0065.jpg 1 77 27 45 65
0360_0087_0028_0044_0063.jpg 1 87 28 44 63
0361_0032_0013_0044_0063.jpg 1 32 13 44 63
0362_0103_0020_0052_0074.jpg 1 103 20 52 74
0363_0047_0027_0048_0068.jpg 1 47 27 48 68
0364_0055_0031_0039_0055.jpg 1 55 31 39 55
0365_0111_0010_0050_0071.jpg 1 111 10 50 71
0366_0112_0006_0047_0068.jpg 1 112 6 47 68
0367_0039_0011_0048_0069.jpg 1 39 11 48 69
0368_0103_0013_0045_0065.jpg 1 103 13 45 65
0369_0111_0013_0048_0069.jpg 1 111 13 48 69
0370_0046_0020_0044_0063.jpg 1 46 20 44 63
0371_0032_0004_0051_0073.jpg 1 32 4 51 73
0372_0076_0010_0048_0069.jpg 1 76 10 48 69
0373_0061_0036_0038_0054.jpg 1 61 36 38 54
0374_0029_0011_0039_0057.jpg 1 29 11 39 57
0375_0080_0005_0048_0069.jpg 1 80 5 48 69
0376_0022_0024_0038_0054.jpg 1 22 24 38 54
0377_0027_0014_0049_0071.jpg 1 27 14 49 71
0378_0020_0029_0042_0061.jpg 1 20 29 42 61
0379_0071_0022_0037_0054.jpg 1 71 22 37 54
0380_0118_0022_0037_0053.jpg 1 118 22 37 53
0381_0108_0028_0041_0059.jpg 1 108 28 41 59
0382_0034_0013_0041_0059.jpg 1 34 13 41 59
0383_0050_0015_0052_0074.jpg 1 50 15 52 74
0384_0063_0040_0038_0055.jpg 1 63 40 38 55
0385_0032_0011_0036_0051.jpg 1 32 11 36 51
0386_0047_0014_0049_0070.jpg 1 47 14 49 70
0387_0076_0031_0048_0069.jpg 1 76 31 48 69
0388_0134_0036_0039_0055.jpg 1 134 36 39 55
0389_0110_0019_0050_0071.jpg 1 110 19 50 71
0390_0034_0019_0042_0060.jpg 1 34 19 42 60
0391_0111_0020_0038_0055.jpg 1 111 20 38 55
0392_0100_0029_0051_0073.jpg 1 100 29 51 73
0393_0115_0043_0037_0054.jpg 1 115 43 37 54
0394_0034_0009_0047_0068.jpg 1 34 9 47 68
0395_0046_0016_0051_0073.jpg 1 46 16 51 73
0396_0086_0004_0049_0070.jpg 1 86 4 49 70
0397_0055_0013_0039_0056.jpg 1 55 13 39 56
0398_0021_0007_0039_0056.jpg 1 21 7 39 56
0399_0058_0027_0052_0074.jpg 1 58 27 52 74
0400_0034_0023_0050_0071.jpg 1 34 23 50 71
0401_0132_0018_0037_0053.jpg 1 132 18 37 53
0402_0136_0032_0038_0055.jpg 1 136 32 38 55
0403_0029_0034_0041_0059.jpg 1 29 34 41 59
0404_0018_0026_0049_0070.jpg 1 18 26 49 70
0405_0110_0037_0044_0063.jpg 1 110 37 44 63
0406_0017_0044_0037_0054.jpg 1 17 44 37 54
0407_0028_0031_0048_0069.jpg 1 28 31 48 69
0408_0111_0035_0036_0052.jpg 1 111 35 36 52
0409_0069_0010_0039_0056.jpg 1 69 10 39 56
0410_0035_0039_0035_0050.jpg 1 35 39 35 50
0411_0120_0024_0035_0050.jpg 1 120 24 35 50
0412_0111_0026_0048_0068.jpg 1 111 26 48 68
0413_0070_0033_0039_0056.jpg 1 70 33 39 56
0414_0038_0016_0042_0061.jpg 1 38 16 42 61
0415_0070_0038_0036_0052.jpg 1 70 38 36 52
0416_0063_0024_0046_0066.jpg 1 63 24 46 66
0417_0036_0007_0035_0050.jpg 1 36 7 35 50
0418_0056_0017_0048_0069.jpg 1 56 17 48 69
0419_0125_0040_0037_0053.jpg 1 125 40 37 53
0420_0057_0041_0041_0059.jpg 1 57 41 41 59
0421_0072_0010_0041_0058.jpg 1 72 10 41 58
0422_0128_0010_0036_0052.jpg 1 128 10 36 52
0423_0126_0013_0048_0068.jpg 1 126 13 48 68
0424_0099_0034_0048_0068.jpg 1 99 34 48 68
0425_0065_0045_0035_0050.jpg 1 65 45 35 50
0426_0051_0017_0049_0070.jpg 1 51 17 49 70
0427_0060_0013_0052_0075.jpg 1 60 13 52 75
0428_0120_0027_0050_0072.jpg 1 120 27 50 72
0429_0110_0018_0048_0069.jpg 1 110 18 48 69
0430_0056_0014_0048_0069.jpg 1 56 14 48 69
0431_0061_0024_0049_0070.jpg 1 61 24 49 70
0432_0050_0040_0039_0056.jpg 1 50 40 39 56
0433_0032_0019_0050_0072.jpg 1 32 19 50 72
0434_0101_0015_0046_0065.jpg 1 101 15 46 65
0435_0047_0034_0044_0063.jpg 1 47 34 44 63
0436_0046_0009_0040_0058.jpg 1 46 9 40 58
0437_0023_0008_0046_0066.jpg 1 23 8 46 66
0438_0043_0009_0051_0072.jpg 1 43 9 51 72
0439_0042_0034_0036_0051.jpg 1 42 34 36 51
0440_0096_0013_0048_0069.jpg 1 96 13 48 69
0441_0075_0005_0045_0065.jpg 1 75 5 45 65
0442_0029_0025_0049_0071.jpg 1 29 25 49 71
0443_0127_0016_0050_0071.jpg 1 127 16 50 71
0444_0093_0025_0050_0071.jpg 1 93 25 50 71
0445_0069_0034_0046_0066.jpg 1 69 34 46 66
0446_0058_0012_0046_0065.jpg 1 58 12 46 65
0447_0127_0037_0037_0053.jpg 1 127 37 37 53
0448_0114_0017_0038_0055.jpg 1 114 17 38 55
0449_0061_0034_0043_0061.jpg 1 61 34 43 61
0450_0099_0017_0037_0054.jpg 1 99 17 37 54
0451_0031_0008_0051_0073.jpg 1 31 8 51 73
0452_0097_0031_0035_0050.jpg 1 97 31 35 50
0453_0098_0046_0038_0055.jpg 1 98 46 38 55
0454_0017_0018_0045_0064.jpg 1 17 18 45 64
0455_0015_0006_0043_0062.jpg 1 15 6 43 62
0456_0071_0015_0040_0058.jpg 1 71 15 40 58
0457_0019_0014_0041_0059.jpg 1 19 14 41 59
0458_0043_0009_0042_0060.jpg 1 43 9 42 60
0459_0103_0042_0041_0059.jpg 1 103 42 41 59
0460_0038_0009_0035_0050.jpg 1 38 9 35 50
0461_0032_0018_0044_0063.jpg 1 32 18 44 63
0462_0121_0031_0048_0069.jpg 1 121 31 48 69
0463_0116_0037_0039_0056.jpg 1 116 37 39 56
0464_0028_0018_0045_0065.jpg 1 28 18 45 65
0465_0062_0015_0040_0057.jpg 1 62 15 40 57
0466_0103_0007_0051_0073.jpg 1 103 7 51 73
0467_0055_0023_0045_0064.jpg 1 55 23 45 64
0468_0103_0023_0039_0057.jpg 1 103 23 39 57
0469_0133_0021_0042_0060.jpg 1 133 21 42 60
0470_0057_0038_0043_0062.jpg 1 57 38 43 62
0471_0046_0020_0050_0072.jpg 1 46 20 50 72
0472_0079_0012_0050_0071.jpg 1 79 12 50 71
0473_0018_0013_0044_0064.jpg 1 18 13 44 64
0474_0027_0020_0038_0055.jpg 1 27 20 38 55
0475_0048_0010_0044_0064.jpg 1 48 10 44 64
0476_0030_0021_0052_0074.jpg 1 30 21 52 74
0477_0028_0027_0037_0052.jpg 1 28 27 37 52
0478_0090_0020_0035_0050.jpg 1 90 20 35 50
0479_0086_0039_0036_0051.jpg 1 86 39 36 51
0480_0105_0025_0047_0067.jpg 1 105 25 47 67
0481_0032_0050_0035_0050.jpg 1 32 50 35 50
0482_0032_0030_0048_0069.jpg 1 32 30 48 69
0483_0034_0031_0038_0054.jpg 1 34 31 38 54
0484_0101_0026_0051_0074.jpg 1 101 26 51 74
0485_0118_0034_0044_0062.jpg 1 118 34 44 62
0486_0039_0041_0035_0050.jpg 1 39 41 35 50
0487_0125_0025_0043_0062.jpg 1 125 25 43 62
0488_0038_0012_0050_0071.jpg 1 38 12 50 71
0489_0101_0008_0048_0068.jpg 1 101 8 48 68
0490_0023_0017_0047_0067.jpg 1 23 17 47 67
0491_0088_0019_0047_0067.jpg 1 88 19 47 67
0492_0014_0031_0050_0072.jpg 1 14 31 50 72
0493_0021_0025_0041_0059.jpg 1 21 25 41 59
0494_0053_0014_0039_0056.jpg 1 53 14 39 56
0495_0043_0018_0049_0070.jpg 1 43 18 49 70
0496_0069_0010_0035_0050.jpg 1 69 10 35 50
0497_0067_0027_0038_0054.jpg 1 67 27 38 54
0498_0023_0005_0047_0067.jpg 1 23 5 47 67
0499_0125_0029_0047_0067.jpg 1 125 29 47 67
0500_0046_0029_0044_0063.jpg 1 46 29 44 63
0501_0082_0014_0044_0063.jpg 1 82 14 44 63
0502_0074_0030_0049_0070.jpg 1 74 30 49 70
0503_0050_0022_0037_0054.jpg 1 50 22 37 54
0504_0085_0029_0046_0066.jpg 1 85 29 46 66
0505_0047_0006_0040_0057.jpg 1 47 6 40 57
0506_0025_0030_0041_0058.jpg 1 25 30 41 58
0507_0135_0032_0041_0059.jpg 1 135 32 41 59
0508_0042_0010_0050_0072.jpg 1 42 10 50 72
0509_0117_0008_0035_0050.jpg 1 117 8 35 50
0510_0122_0009_0045_0064.jpg 1 122 9 45 64
0511_0052_0019_0042_0060.jpg 1 52 19 42 60
0512_0108_0023_0042_0060.jpg 1 108 23 42 60
0513_0115_0019_0049_0070.jpg 1 115 19 49 70
0514_0087_0027_0039_0056.jpg 1 87 27 39 56
0515_0029_0022_0041_0059.jpg 1 29 22 41 59
0516_0060_0005_0041_0059.jpg 1 60 5 41 59
0517_0124_0014_0038_0055.jpg 1 124 14 38 55
0518_0066_0007_0049_0070.jpg 1 66 7 49 70
0519_0016_0017_0043_0062.jpg 1 16 17 43 62
0520_0082_0009_0042_0060.jpg 1 82 9 42 60
0521_0018_0042_0040_0057.jpg 1 18 42 40 57
0522_0034_0013_0051_0072.jpg 1 34 13 51 72
0523_0105_0016_0049_0070.jpg 1 105 16 49 70
0524_0045_0015_0036_0051.jpg 1 45 15 36 51
0525_0068_0039_0043_0062.jpg 1 68 39 43 62
0526_0086_0030_0051_0074.jpg 1 86 30 51 74
0527_0040_0036_0038_0055.jpg 1 40 36 38 55
0528_0066_0009_0052_0075.jpg 1 66 9 52 75
0529_0022_0004_0047_0068.jpg 1 22 4 47 68
0530_0072_0019_0040_0058.jpg 1 72 19 40 58
0531_0132_0017_0040_0058.jpg 1 132 17 40 58
0532_0062_0041_0042_0061.jpg 1 62 41 42 61
0533_0052_0018_0041_0059.jpg 1 52 18 41 59
0534_0075_0025_0044_0064.jpg 1 75 25 44 64
0535_0064_0034_0049_0070.jpg 1 64 34 49 70
0536_0089_0025_0042_0060.jpg 1 89 25 42 60
0537_0053_0023_0049_0070.jpg 1 53 23 49 70
0538_0096_0039_0043_0061.jpg 1 96 39 43 61
0539_0033_0009_0047_0068.jpg 1 33 9 47 68
0540_0103_0019_0035_0051.jpg 1 103 19 35 51
0541_0030_0029_0040_0058.jpg 1 30 29 40 58
0542_0080_0021_0047_0067.jpg 1 80 21 47 67
0543_0086_0021_0045_0064.jpg 1 86 21 45 64
0544_0039_0021_0046_0066.jpg 1 39 21 46 66
0545_0054_0043_0037_0053.jpg 1 54 43 37 53
0546_0037_0042_0041_0059.jpg 1 37 42 41 59
0547_0051_0031_0045_0065.jpg 1 51 31 45 65
0548_0061_0045_0038_0055.jpg 1 61 45 38 55
0549_0053_0006_0045_0065.jpg 1 53 6 45 65
0550_0124_0018_0051_0074.jpg 1 124 18 51 74
0551_0100_0019_0040_0057.jpg 1 100 19 40 57
0552_0068_0005_0046_0066.jpg 1 68 5 46 66
0553_0052_0013_0040_0057.jpg 1 52 13 40 57
0554_0088_0003_0052_0075.jpg 1 88 3 52 75
0555_0099_0008_0048_0069.jpg 1 99 8 48 69
0556_0098_0011_0050_0072.jpg 1 98 11 50 72
0557_0028_0051_0035_0050.jpg 1 28 51 35 50
0558_0091_0011_0039_0057.jpg 1 91 11 39 57
0559_0045_0027_0040_0057.jpg 1 45 27 40 57
0560_0029_0026_0051_0073.jpg 1 29 26 51 73
0561_0084_0033_0046_0065.jpg 1 84 33 46 65
0562_0041_0010_0041_0059.jpg 1 41 10 41 59
0563_0018_0020_0052_0075.jpg 1 18 20 52 75
0564_0120_0014_0041_0058.jpg 1 120 14 41 58
0565_0016_0006_0035_0050.jpg 1 16 6 35 50
0566_0049_0022_0039_0057.jpg 1 49 22 39 57
0567_0085_0031_0037_0053.jpg 1 85 31 37 53
0568_0076_0012_0042_0061.jpg 1 76 12 42 61
0569_0067_0007_0035_0050.jpg 1 67 7 35 50
0570_0102_0022_0048_0069.jpg 1 102 22 48 69
0571_0086_0031_0050_0071.jpg 1 86 31 50 71
0572_0027_0031_0042_0060.jpg 1 27 31 42 60
0573_0053_0040_0042_0060.jpg 1 53 40 42 60
0574_0118_0029_0050_0071.jpg 1 118 29 50 71
0575_0033_0024_0052_0075.jpg 1 33 24 52 75
0576_0127_0011_0044_0063.jpg 1 127 11 44 63
0577_0062_0007_0049_0070.jpg 1 62 7 49 70
0578_0106_0043_0038_0054.jpg 1 106 43 38 54
0579_0077_0023_0040_0057.jpg 1 77 23 40 57
0580_0040_0006_0044_0063.jpg 1 40 6 44 63
0581_0114_0041_0043_0061.jpg 1 114 41 43 61
0582_0031_0007_0046_0066.jpg 1 31 7 46 66
0583_0109_0046_0036_0052.jpg 1 109 46 36 52
0584_0135_0033_0038_0055.jpg 1 135 33 38 55
0585_0030_0028_0041_0059.jpg 1 30 28 41 59
0586_0061_0031_0039_0057.jpg 1 61 31 39 57
0587_0082_0034_0047_0067.jpg 1 82 34 47 67
0588_0048_0019_0044_0063.jpg 1 48 19 44 63
0589_0092_0012_0052_0075.jpg 1 92 12 52 75
0590_0046_0013_0051_0073.jpg 1 46 13 51 73
0591_0031_0036_0046_0066.jpg 1 31 36 46 66
0592_0110_0028_0039_0056.jpg 1 110 28 39 56
0593_0051_0032_0045_0064.jpg 1 51 32 45 64
0594_0102_0014_0038_0054.jpg 1 102 14 38 54
0595_0015_0032_0045_0065.jpg 1 15 32 45 65
0596_0049_0012_0044_0064.jpg 1 49 12 44 64
0597_0022_0008_0042_0060.jpg 1 22 8 42 60
0598_0077_0018_0038_0054.jpg 1 77 18 38 54
0599_0042_0041_0039_0056.jpg 1 42 41 39 56
0600_0023_0015_0048_0069.jpg 1 23 15 48 69
0601_0029_0046_0035_0051.jpg 1 29 46 35 51
0602_0017_0029_0035_0051.jpg 1 17 29 35 51
0603_0095_0018_0052_0074.jpg 1 95 18 52 74
0604_0121_0032_0047_0067.jpg 1 121 32 47 67
0605_0044_0019_0036_0052.jpg 1 44 19 36 52
0606_0039_0016_0043_0062.jpg 1 39 16 43 62
0607_0057_0026_0043_0061.jpg 1 57 26 43 61
0608_0032_0012_0048_0069.jpg 1 32 12 48 69
0609_0127_0010_0047_0068.jpg 1 127 10 47 68
0610_0037_0030_0040_0058.jpg 1 37 30 40 58
0611_0039_0020_0036_0051.jpg 1 39 20 36 51
0612_0045_0021_0049_0070.jpg 1 45 21 49 70
0613_0053_0024_0046_0065.jpg 1 53 24 46 65
0614_0094_0032_0038_0055.jpg 1 94 32 38 55
0615_0023_0010_0050_0071.jpg 1 23 10 50 71
0616_0116_0005_0050_0072.jpg 1 116 5 50 72
0617_0104_0025_0051_0073.jpg 1 104 25 51 73
0618_0016_0035_0035_0050.jpg 1 16 35 35 50
0619_0041_0037_0042_0060.jpg 1 41 37 42 60
0620_0051_0025_0036_0051.jpg 1 51 25 36 51
0621_0037_0042_0041_0059.jpg 1 37 42 41 59
0622_0028_0016_0050_0071.jpg 1 28 16 50 71
0623_0067_0011_0039_0056.jpg 1 67 11 39 56
0624_0034_0005_0036_0051.jpg 1 34 5 36 51
0625_0048_0012_0042_0060.jpg 1 48 12 42 60
0626_0054_0022_0049_0070.jpg 1 54 22 49 70
0627_0031_0019_0045_0065.jpg 1 31 19 45 65
0628_0080_0018_0049_0070.jpg 1 80 18 49 70
0629_0093_0010_0046_0066.jpg 1 93 10 46 66
0630_0093_0023_0037_0053.jpg 1 93 23 37 53
0631_0067_0037_0036_0051.jpg 1 67 37 36 51
0632_0054_0022_0046_0066.jpg 1 54 22 46 66
0633_0030_0014_0041_0059.jpg 1 30 14 41 59
0634_0033_0023_0051_0073.jpg 1 33 23 51 73
0635_0023_0030_0049_0071.jpg 1 23 30 49 71
0636_0034_0027_0038_0055.jpg 1 34 27 38 55
0637_0096_0033_0040_0058.jpg 1 96 33 40 58
0638_0018_0005_0051_0073.jpg 1 18 5 51 73
0639_0068_0016_0044_0064.jpg 1 68 16 44 64
0640_0110_0004_0050_0072.jpg 1 110 4 50 72
0641_0083_0011_0038_0055.jpg 1 83 11 38 55
0642_0080_0007_0047_0067.jpg 1 80 7 47 67
0643_0083_0019_0035_0050.jpg 1 83 19 35 50
0644_0100_0034_0046_0066.jpg 1 100 34 46 66
0645_0084_0028_0044_0063.jpg 1 84 28 44 63
0646_0135_0025_0038_0054.jpg 1 135 25 38 54
0647_0110_0012_0043_0062.jpg 1 110 12 43 62
0648_0017_0039_0039_0056.jpg 1 17 39 39 56
0649_0061_0042_0039_0056.jpg 1 61 42 39 56
0650_0016_0015_0046_0066.jpg 1 16 15 46 66
0651_0052_0005_0039_0055.jpg 1 52 5 39 55
0652_0082_0007_0047_0067.jpg 1 82 7 47 67
0653_0019_0013_0052_0074.jpg 1 19 13 52 74
0654_0047_0036_0040_0058.jpg 1 47 36 40 58
0655_0037_0041_0042_0061.jpg 1 37 41 42 61
0656_0042_0035_0047_0067.jpg 1 42 35 47 67
0657_0069_0005_0047_0068.jpg 1 69 5 47 68
0658_0071_0020_0047_0068.jpg 1 71 20 47 68
0659_0036_0006_0043_0062.jpg 1 36 6 43 62
0660_0077_0023_0040_0057.jpg 1 77 23 40 57
0661_0078_0021_0047_0067.jpg 1 78 21 47 67
0662_0049_0035_0043_0062.jpg 1 49 35 43 62
0663_0115_0009_0049_0070.jpg 1 115 9 49 70
0664_0019_0024_0047_0067.jpg 1 19 24 47 67
0665_0025_0013_0046_0066.jpg 1 25 13 46 66
0666_0108_0011_0041_0059.jpg 1 108 11 41 59
0667_0024_0037_0037_0053.jpg 1 24 37 37 53
0668_0101_0032_0048_0069.jpg 1 101 32 48 69
0669_0020_0025_0040_0057.jpg 1 20 25 40 57
0670_0092_0011_0044_0063.jpg 1 92 11 44 63
0671_0087_0012_0044_0064.jpg 1 87 12 44 64
0672_0091_0016_0051_0074.jpg 1 91 16 51 74
0673_0032_0013_0052_0074.jpg 1 32 13 52 74
0674_0076_0009_0052_0074.jpg 1 76 9 52 74
0675_0079_0007_0042_0060.jpg 1 79 7 42 60
0676_0050_0033_0046_0066.jpg 1 50 33 46 66
0677_0113_0003_0051_0072.jpg 1 113 3 51 72
0678_0105_0019_0051_0073.jpg 1 105 19 51 73
0679_0049_0018_0041_0059.jpg 1 49 18 41 59
0680_0020_0028_0051_0073.jpg 1 20 28 51 73
0681_0139_0032_0035_0051.jpg 1 139 32 35 51
0682_0024_0033_0048_0069.jpg 1 24 33 48 69
0683_0028_0032_0038_0054.jpg 1 28 32 38 54
0684_0063_0023_0050_0072.jpg 1 63 23 50 72
0685_0054_0020_0041_0059.jpg 1 54 20 41 59
0686_0133_0031_0043_0062.jpg 1 133 31 43 62
0687_0104_0031_0045_0064.jpg 1 104 31 45 64
0688_0041_0036_0037_0053.jpg 1 41 36 37 53
0689_0037_0006_0041_0059.jpg 1 37 6 41 59
0690_0116_0011_0045_0065.jpg 1 116 11 45 65
0691_0097_0006_0035_0051.jpg 1 97 6 35 51
0692_0084_0012_0048_0069.jpg 1 84 12 48 69
0693_0099_0030_0037_0054.jpg 1 99 30 37 54
0694_0077_0013_0047_0068.jpg 1 77 13 47 68
0695_0054_0017_0041_0058.jpg 1 54 17 41 58
0696_0023_0023_0038_0054.jpg 1 23 23 38 54
0697_0047_0008_0049_0070.jpg 1 47 8 49 70
0698_0122_0042_0037_0052.jpg 1 122 42 37 52
0699_0026_0036_0044_0063.jpg 1 26 36 44 63
0700_0110_0036_0040_0057.jpg 1 110 36 40 57
0701_0099_0015_0042_0060.jpg 1 99 15 42 60
0702_0050_0007_0045_0065.jpg 1 50 7 45 65
0703_0042_0022_0052_0074.jpg 1 42 22 52 74
0704_0122_0037_0040_0058.jpg 1 122 37 40 58
0705_0039_0005_0050_0072.jpg 1 39 5 50 72
0706_0091_0031_0047_0068.jpg 1 91 31 47 68
0707_0062_0009_0046_0066.jpg 1 62 9 46 66
0708_0057_0038_0039_0056.jpg 1 57 38 39 56
0709_0063_0007_0035_0050.jpg 1 63 7 35 50
0710_0034_0013_0052_0075.jpg 1 34 13 52 75
0711_0133_0019_0043_0062.jpg 1 133 19 43 62
0712_0077_0014_0048_0069.jpg 1 77 14 48 69
0713_0089_0004_0050_0072.jpg 1 89 4 50 72
0714_0108_0021_0044_0064.jpg 1 108 21 44 64
0715_0122_0033_0038_0055.jpg 1 122 33 38 55
0716_0058_0017_0045_0065.jpg 1 58 17 45 65
0717_0051_0017_0045_0064.jpg 1 51 17 45 64
0718_0064_0027_0050_0071.jpg 1 64 27 50 71
0719_0117_0007_0051_0073.jpg 1 117 7 51 73
0720_0125_0007_0052_0075.jpg 1 125 7 52 75
0721_0082_0036_0045_0065.jpg 1 82 36 45 65
0722_0121_0032_0046_0066.jpg 1 121 32 46 66
0723_0125_0037_0041_0059.jpg 1 125 37 41 59
0724_0127_0009_0047_0068.jpg 1 127 9 47 68
0725_0030_0012_0049_0071.jpg 1 30 12 49 71
0726_0054_0017_0038_0055.jpg 1 54 17 38 55
0727_0053_0007_0040_0057.jpg 1 53 7 40 57
0728_0033_0016_0039_0055.jpg 1 33 16 39 55
0729_0029_0027_0047_0067.jpg 1 29 27 47 67
0730_0110_0019_0046_0066.jpg 1 110 19 46 66
0731_0072_0010_0051_0073.jpg 1 72 10 51 73
0732_0119_0014_0038_0054.jpg 1 119 14 38 54
0733_0081_0009_0049_0070.jpg 1 81 9 49 70
0734_0023_0020_0050_0071.jpg 1 23 20 50 71
0735_0017_0003_0049_0070.jpg 1 17 3 49 70
0736_0079_0022_0044_0064.jpg 1 79 22 44 64
0737_0091_0039_0040_0058.jpg 1 91 39 40 58
0738_0088_0037_0040_0057.jpg 1 88 37 40 57
0739_0072_0014_0045_0064.jpg 1 72 14 45 64
0740_0104_0026_0036_0051.jpg 1 104 26 36 51
0741_0015_0023_0044_0063.jpg 1 15 23 44 63
0742_0032_0021_0051_0073.jpg 1 32 21 51 73
0743_0106_0012_0038_0054.jpg 1 106 12 38 54
0744_0135_0029_0041_0059.jpg 1 135 29 41 59
0745_0118_0023_0041_0058.jpg 1 118 23 41 58
0746_0079_0040_0040_0057.jpg 1 79 40 40 57
0747_0128_0025_0042_0060.jpg 1 128 25 42 60
0748_0069_0023_0040_0058.jpg 1 69 23 40 58
0749_0099_0032_0035_0050.jpg 1 99 32 35 50
0750_0017_0032_0042_0060.jpg 1 17 32 42 60
0751_0027_0034_0046_0066.jpg 1 27 34 46 66
0752_0023_0024_0044_0064.jpg 1 23 24 44 64
0753_0119_0039_0042_0060.jpg 1 119 39 42 60
0754_0087_0023_0045_0064.jpg 1 87 23 45 64
0755_0082_0014_0038_0054.jpg 1 82 14 38 54
0756_0104_0041_0043_0062.jpg 1 104 41 43 62
0757_0030_0018_0044_0064.jpg 1 30 18 44 64
0758_0095_0038_0037_0053.jpg 1 95 38 37 53
0759_0078_0033_0035_0050.jpg 1 78 33 35 50
0760_0113_0020_0043_0062.jpg 1 113 20 43 62
0761_0112_0016_0038_0054.jpg 1 112 16 38 54
0762_0122_0014_0037_0053.jpg 1 122 14 37 53
0763_0055_0036_0037_0053.jpg 1 55 36 37 53
0764_0055_0017_0051_0073.jpg 1 55 17 51 73
0765_0067_0024_0049_0070.jpg 1 67 24 49 70
0766_0109_0005_0044_0063.jpg 1 109 5 44 63
0767_0048_0023_0046_0066.jpg 1 48 23 46 66
0768_0076_0007_0037_0053.jpg 1 76 7 37 53
0769_0035_0049_0036_0051.jpg 1 35 49 36 51
0770_0118_0018_0049_0070.jpg 1 118 18 49 70
0771_0025_0015_0049_0070.jpg 1 25 15 49 70
0772_0065_0048_0035_0050.jpg 1 65 48 35 50
0773_0058_0032_0050_0072.jpg 1 58 32 50 72
0774_0086_0035_0047_0067.jpg 1 86 35 47 67
0775_0049_0015_0040_0057.jpg 1 49 15 40 57
0776_0076_0043_0037_0053.jpg 1 76 43 37 53
0777_0041_0010_0049_0070.jpg 1 41 10 49 70
0778_0081_0030_0040_0057.jpg 1 81 30 40 57
0779_0061_0008_0035_0051.jpg 1 61 8 35 51
0780_0103_0031_0038_0055.jpg 1 103 31 38 55
0781_0088_0015_0050_0072.jpg 1 88 15 50 72
0782_0043_0030_0048_0069.jpg 1 43 30 48 69
0783_0059_0004_0049_0070.jpg 1 59 4 49 70
0784_0056_0009_0038_0054.jpg 1 56 9 38 54
0785_0050_0029_0041_0059.jpg 1 50 29 41 59
0786_0078_0024_0042_0060.jpg 1 78 24 42 60
0787_0128_0025_0044_0064.jpg 1 128 25 44 64
0788_0031_0012_0050_0072.jpg 1 31 12 50 72
0789_0016_0036_0035_0051.jpg 1 16 36 35 51
0790_0052_0005_0052_0074.jpg 1 52 5 52 74
0791_0117_0023_0045_0064.jpg 1 117 23 45 64
0792_0054_0012_0048_0069.jpg 1 54 12 48 69
0793_0049_0015_0038_0054.jpg 1 49 15 38 54
0794_0068_0013_0050_0072.jpg 1 68 13 50 72
0795_0125_0033_0046_0066.jpg 1 125 33 46 66
0796_0056_0027_0052_0074.jpg 1 56 27 52 74
0797_0031_0029_0050_0071.jpg 1 31 29 50 71
0798_0081_0014_0038_0054.jpg 1 81 14 38 54
0799_0025_0023_0039_0055.jpg 1 25 23 39 55
0800_0115_0017_0045_0064.jpg 1 115 17 45 64
0801_0074_0006_0051_0072.jpg 1 74 6 51 72
0802_0109_0025_0051_0073.jpg 1 109 25 51 73
0803_0055_0033_0049_0071.jpg 1 55 33 49 71
0804_0065_0005_0049_0071.jpg 1 65 5 49 71
0805_0015_0036_0044_0063.jpg 1 15 36 44 63
0806_0052_0015_0052_0075.jpg 1 52 15 52 75
0807_0129_0006_0043_0062.jpg 1 129 6 43 62
0808_0096_0013_0049_0070.jpg 1 96 13 49 70
0809_0123_0009_0037_0053.jpg 1 123 9 37 53
0810_0104_0005_0038_0054.jpg 1 104 5 38 54
0811_0044_0009_0047_0067.jpg 1 44 9 47 67
0812_0110_0029_0051_0073.jpg 1 110 29 51 73
0813_0070_0049_0035_0050.jpg 1 70 49 35 50
