0001_0027_0010_0052_0074.jpg 1 27 10 52 74
0002_0116_0005_0045_0064.jpg 1 116 5 45 64
0003_0083_0039_0043_0062.jpg 1 83 39 43 62
0004_0130_0013_0041_0059.jpg 1 130 13 41 59
0005_0016_0025_0052_0074.jpg 1 16 25 52 74
0006_0032_0006_0035_0050.jpg 1 32 6 35 50
0007_0109_0009_0050_0072.jpg 1 109 9 50 72
0008_0111_0010_0039_0055.jpg 1 111 10 39 55
0009_0035_0033_0042_0060.jpg 1 35 33 42 60
0010_0086_0005_0041_0059.jpg 1 86 5 41 59
0011_0044_0042_0042_0060.jpg 1 44 42 42 60
0012_0074_0008_0049_0070.jpg 1 74 8 49 70
0013_0122_0015_0043_0062.jpg 1 122 15 43 62
0014_0082_0009_0042_0060.jpg 1 82 9 42 60
0015_0059_0011_0039_0056.jpg 1 59 11 39 56
0016_0023_0021_0050_0072.jpg 1 23 21 50 72
0017_0105_0029_0035_0050.jpg 1 105 29 35 50
0018_0072_0005_0051_0073.jpg 1 72 5 51 73
0019_0114_0016_0035_0051.jpg 1 114 16 35 51
0020_0048_0041_0040_0058.jpg 1 48 41 40 58
0021_0069_0041_0039_0057.jpg 1 69 41 39 57
0022_0096_0032_0039_0056.jpg 1 96 32 39 56
0023_0079_0045_0037_0052.jpg 1 79 45 37 52
0024_0104_0022_0045_0065.jpg 1 104 22 45 65
0025_0072_0005_0047_0067.jpg 1 72 5 47 67
0026_0103_0007_0038_0054.jpg 1 103 7 38 54
0027_0057_0010_0042_0061.jpg 1 57 10 42 61
0028_0042_0012_0050_0071.jpg 1 42 12 50 71
0029_0073_0036_0045_0064.jpg 1 73 36 45 64
0030_0044_0013_0052_0075.jpg 1 44 13 52 75
0031_0061_0038_0043_0061.jpg 1 61 38 43 61
0032_0052_0032_0039_0055.jpg 1 52 32 39 55
0033_0045_0017_0050_0072.jpg 1 45 17 50 72
0034_0074_0036_0041_0058.jpg 1 74 36 41 58
0035_0118_0028_0047_0067.jpg 1 118 28 47 67
0036_0023_0013_0051_0073.jpg 1 23 13 51 73
0037_0077_0025_0040_0058.jpg 1 77 25 40 58
0038_0066_0010_0042_0061.jpg 1 66 10 42 61
0039_0065_0044_0037_0053.jpg 1 65 44 37 53
0040_0116_0033_0046_0065.jpg 1 116 33 46 65
0041_0084_0005_0039_0055.jpg 1 84 5 39 55
0042_0079_0014_0051_0073.jpg 1 79 14 51 73
0043_0068_0039_0044_0063.jpg 1 68 39 44 63
0044_0100_0009_0049_0070.jpg 1 100 9 49 70
0045_0023_0013_0039_0056.jpg 1 23 13 39 56
0046_0056_0032_0041_0058.jpg 1 56 32 41 58
0047_0136_0044_0039_0057.jpg 1 136 44 39 57
0048_0075_0018_0047_0068.jpg 1 75 18 47 68
0049_0069_0027_0052_0075.jpg 1 69 27 52 75
0050_0121_0029_0042_0061.jpg 1 121 29 42 61
0051_0118_0039_0044_0063.jpg 1 118 39 44 63
0052_0020_0031_0050_0072.jpg 1 20 31 50 72
0053_0133_0034_0037_0053.jpg 1 133 34 37 53
0054_0104_0045_0037_0053.jpg 1 104 45 37 53
0055_0087_0044_0039_0056.jpg 1 87 44 39 56
0056_0085_0027_0046_0066.jpg 1 85 27 46 66
0057_0133_0012_0035_0050.jpg 1 133 12 35 50
0058_0062_0008_0050_0072.jpg 1 62 8 50 72
0059_0116_0029_0047_0067.jpg 1 116 29 47 67
0060_0076_0009_0040_0058.jpg 1 76 9 40 58
0061_0079_0023_0049_0070.jpg 1 79 23 49 70
0062_0017_0033_0036_0051.jpg 1 17 33 36 51
0063_0074_0035_0047_0067.jpg 1 74 35 47 67
0064_0069_0034_0042_0060.jpg 1 69 34 42 60
0065_0075_0007_0045_0065.jpg 1 75 7 45 65
0066_0110_0011_0048_0068.jpg 1 110 11 48 68
0067_0056_0026_0045_0064.jpg 1 56 26 45 64
0068_0064_0024_0042_0060.jpg 1 64 24 42 60
0069_0124_0021_0040_0057.jpg 1 124 21 40 57
0070_0044_0006_0047_0067.jpg 1 44 6 47 67
0071_0050_0007_0048_0069.jpg 1 50 7 48 69
0072_0066_0023_0044_0063.jpg 1 66 23 44 63
0073_0108_0039_0037_0054.jpg 1 108 39 37 54
0074_0098_0013_0035_0050.jpg 1 98 13 35 50
0075_0127_0028_0043_0062.jpg 1 127 28 43 62
0076_0062_0009_0049_0070.jpg 1 62 9 49 70
0077_0044_0033_0048_0069.jpg 1 44 33 48 69
0078_0045_0019_0041_0059.jpg 1 45 19 41 59
0079_0111_0039_0043_0061.jpg 1 111 39 43 61
0080_0095_0018_0039_0056.jpg 1 95 18 39 56
0081_0109_0047_0039_0055.jpg 1 109 47 39 55
0082_0077_0008_0051_0072.jpg 1 77 8 51 72
0083_0129_0026_0041_0059.jpg 1 129 26 41 59
0084_0092_0024_0048_0069.jpg 1 92 24 48 69
0085_0060_0043_0035_0051.jpg 1 60 43 35 51
0086_0074_0011_0050_0071.jpg 1 74 11 50 71
0087_0106_0013_0051_0073.jpg 1 106 13 51 73
0088_0112_0027_0039_0056.jpg 1 112 27 39 56
0089_0108_0009_0052_0075.jpg 1 108 9 52 75
0090_0065_0005_0044_0063.jpg 1 65 5 44 63
0091_0082_0016_0042_0060.jpg 1 82 16 42 60
0092_0067_0031_0042_0060.jpg 1 67 31 42 60
0093_0019_0025_0046_0065.jpg 1 19 25 46 65
0094_0025_0031_0046_0066.jpg 1 25 31 46 66
0095_0027_0003_0052_0074.jpg 1 27 3 52 74
0096_0103_0015_0043_0062.jpg 1 103 15 43 62
0097_0131_0040_0039_0055.jpg 1 131 40 39 55
0098_0058_0037_0046_0065.jpg 1 58 37 46 65
0099_0114_0011_0037_0054.jpg 1 114 11 37 54
0100_0022_0023_0052_0074.jpg 1 22 23 52 74
0101_0099_0005_0051_0074.jpg 1 99 5 51 74
0102_0071_0019_0048_0069.jpg 1 71 19 48 69
0103_0096_0020_0050_0072.jpg 1 96 20 50 72
0104_0037_0011_0040_0057.jpg 1 37 11 40 57
0105_0071_0031_0047_0068.jpg 1 71 31 47 68
0106_0044_0045_0036_0051.jpg 1 44 45 36 51
0107_0103_0028_0038_0054.jpg 1 103 28 38 54
0108_0108_0032_0049_0071.jpg 1 108 32 49 71
0109_0052_0005_0051_0073.jpg 1 52 5 51 73
0110_0018_0022_0040_0058.jpg 1 18 22 40 58
0111_0026_0029_0051_0073.jpg 1 26 29 51 73
0112_0130_0016_0042_0060.jpg 1 130 16 42 60
0113_0117_0024_0045_0065.jpg 1 117 24 45 65
0114_0037_0020_0051_0073.jpg 1 37 20 51 73
0115_0134_0039_0035_0050.jpg 1 134 39 35 50
0116_0117_0026_0042_0061.jpg 1 117 26 42 61
0117_0126_0017_0044_0063.jpg 1 126 17 44 63
0118_0021_0024_0036_0052.jpg 1 21 24 36 52
0119_0091_0037_0043_0061.jpg 1 91 37 43 61
0120_0064_0018_0039_0056.jpg 1 64 18 39 56
0121_0016_0008_0048_0069.jpg 1 16 8 48 69
0122_0134_0033_0038_0054.jpg 1 134 33 38 54
0123_0129_0005_0046_0066.jpg 1 129 5 46 66
0124_0082_0008_0049_0070.jpg 1 82 8 49 70
0125_0024_0021_0037_0054.jpg 1 24 21 37 54
0126_0024_0012_0045_0064.jpg 1 24 12 45 64
0127_0110_0006_0049_0070.jpg 1 110 6 49 70
0128_0095_0029_0040_0057.jpg 1 95 29 40 57
0129_0049_0007_0045_0065.jpg 1 49 7 45 65
0130_0075_0023_0048_0068.jpg 1 75 23 48 68
0131_0065_0028_0050_0071.jpg 1 65 28 50 71
0132_0043_0003_0050_0071.jpg 1 43 3 50 71
0133_0036_0009_0036_0052.jpg 1 36 9 36 52
0134_0053_0003_0049_0071.jpg 1 53 3 49 71
0135_0110_0014_0050_0072.jpg 1 110 14 50 72
0136_0076_0029_0045_0065.jpg 1 76 29 45 65
0137_0083_0034_0036_0051.jpg 1 83 34 36 51
0138_0100_0025_0040_0057.jpg 1 100 25 40 57
0139_0036_0040_0037_0053.jpg 1 36 40 37 53
0140_0093_0007_0049_0071.jpg 1 93 7 49 71
0141_0087_0028_0045_0064.jpg 1 87 28 45 64
0142_0039_0033_0038_0054.jpg 1 39 33 38 54
0143_0055_0026_0038_0055.jpg 1 55 26 38 55
0144_0123_0022_0040_0057.jpg 1 123 22 40 57
0145_0049_0012_0039_0055.jpg 1 49 12 39 55
0146_0095_0042_0037_0053.jpg 1 95 42 37 53
0147_0135_0026_0040_0057.jpg 1 135 26 40 57
0148_0092_0014_0048_0068.jpg 1 92 14 48 68
0149_0103_0023_0047_0067.jpg 1 103 23 47 67
0150_0096_0018_0041_0059.jpg 1 96 18 41 59
0151_0082_0018_0051_0073.jpg 1 82 18 51 73
0152_0118_0037_0041_0059.jpg 1 118 37 41 59
0153_0115_0015_0052_0074.jpg 1 115 15 52 74
0154_0095_0019_0052_0075.jpg 1 95 19 52 75
0155_0102_0029_0046_0067.jpg 1 102 29 46 67
0156_0091_0034_0036_0051.jpg 1 91 34 36 51
0157_0084_0029_0037_0054.jpg 1 84 29 37 54
0158_0037_0009_0046_0066.jpg 1 37 9 46 66
0159_0057_0027_0052_0074.jpg 1 57 27 52 74
0160_0077_0020_0052_0074.jpg 1 77 20 52 74
0161_0103_0013_0051_0073.jpg 1 103 13 51 73
0162_0070_0028_0046_0066.jpg 1 70 28 46 66
0163_0065_0005_0041_0058.jpg 1 65 5 41 58
0164_0045_0029_0049_0070.jpg 1 45 29 49 70
0165_0085_0029_0049_0071.jpg 1 85 29 49 71
0166_0129_0042_0043_0061.jpg 1 129 42 43 61
0167_0058_0005_0048_0069.jpg 1 58 5 48 69
0168_0070_0005_0039_0056.jpg 1 70 5 39 56
0169_0048_0018_0047_0068.jpg 1 48 18 47 68
0170_0069_0041_0040_0057.jpg 1 69 41 40 57
0171_0084_0013_0038_0054.jpg 1 84 13 38 54
0172_0056_0018_0050_0071.jpg 1 56 18 50 71
0173_0032_0021_0050_0072.jpg 1 32 21 50 72
0174_0113_0019_0050_0072.jpg 1 113 19 50 72
0175_0067_0024_0052_0075.jpg 1 67 24 52 75
0176_0070_0035_0046_0065.jpg 1 70 35 46 65
0177_0049_0016_0048_0069.jpg 1 49 16 48 69
0178_0073_0023_0049_0071.jpg 1 73 23 49 71
0179_0095_0032_0042_0061.jpg 1 95 32 42 61
0180_0095_0036_0042_0060.jpg 1 95 36 42 60
0181_0047_0020_0047_0068.jpg 1 47 20 47 68
0182_0050_0030_0046_0066.jpg 1 50 30 46 66
0183_0117_0013_0046_0065.jpg 1 117 13 46 65
0184_0044_0025_0047_0067.jpg 1 44 25 47 67
0185_0092_0031_0049_0071.jpg 1 92 31 49 71
0186_0104_0020_0037_0053.jpg 1 104 20 37 53
0187_0057_0010_0050_0071.jpg 1 57 10 50 71
0188_0113_0023_0039_0056.jpg 1 113 23 39 56
0189_0075_0029_0045_0065.jpg 1 75 29 45 65
0190_0094_0026_0043_0062.jpg 1 94 26 43 62
0191_0093_0025_0049_0070.jpg 1 93 25 49 70
0192_0058_0007_0036_0051.jpg 1 58 7 36 51
0193_0058_0011_0035_0050.jpg 1 58 11 35 50
0194_0086_0030_0037_0053.jpg 1 86 30 37 53
0195_0067_0024_0038_0054.jpg 1 67 24 38 54
0196_0077_0014_0048_0069.jpg 1 77 14 48 69
0197_0033_0016_0040_0057.jpg 1 33 16 40 57
0198_0092_0028_0036_0051.jpg 1 92 28 36 51
0199_0022_0025_0040_0057.jpg 1 22 25 40 57
0200_0023_0008_0037_0054.jpg 1 23 8 37 54
0201_0104_0034_0043_0062.jpg 1 104 34 43 62
0202_0095_0044_0037_0053.jpg 1 95 44 37 53
0203_0099_0030_0047_0068.jpg 1 99 30 47 68
0204_0072_0049_0036_0051.jpg 1 72 49 36 51
0205_0036_0037_0038_0054.jpg 1 36 37 38 54
0206_0103_0019_0038_0054.jpg 1 103 19 38 54
0207_0024_0031_0050_0072.jpg 1 24 31 50 72
0208_0082_0022_0051_0073.jpg 1 82 22 51 73
0209_0092_0005_0048_0069.jpg 1 92 5 48 69
0210_0119_0023_0041_0058.jpg 1 119 23 41 58
0211_0103_0031_0040_0057.jpg 1 103 31 40 57
0212_0122_0044_0040_0057.jpg 1 122 44 40 57
0213_0024_0034_0039_0056.jpg 1 24 34 39 56
0214_0130_0020_0040_0058.jpg 1 130 20 40 58
0215_0082_0033_0037_0053.jpg 1 82 33 37 53
0216_0124_0019_0052_0075.jpg 1 124 19 52 75
0217_0115_0007_0038_0055.jpg 1 115 7 38 55
0218_0056_0045_0040_0057.jpg 1 56 45 40 57
0219_0017_0027_0045_0065.jpg 1 17 27 45 65
0220_0081_0011_0042_0060.jpg 1 81 11 42 60
0221_0038_0008_0051_0072.jpg 1 38 8 51 72
0222_0055_0016_0039_0056.jpg 1 55 16 39 56
0223_0032_0004_0050_0072.jpg 1 32 4 50 72
0224_0030_0015_0048_0069.jpg 1 30 15 48 69
0225_0036_0021_0048_0069.jpg 1 36 21 48 69
0226_0070_0011_0040_0057.jpg 1 70 11 40 57
0227_0066_0032_0037_0052.jpg 1 66 32 37 52
0228_0015_0007_0041_0059.jpg 1 15 7 41 59
0229_0079_0017_0041_0058.jpg 1 79 17 41 58
0230_0061_0036_0046_0066.jpg 1 61 36 46 66
0231_0122_0004_0049_0070.jpg 1 122 4 49 70
0232_0112_0021_0041_0059.jpg 1 112 21 41 59
0233_0069_0025_0050_0071.jpg 1 69 25 50 71
0234_0056_0019_0039_0057.jpg 1 56 19 39 57
0235_0079_0011_0036_0051.jpg 1 79 11 36 51
0236_0028_0022_0043_0062.jpg 1 28 22 43 62
0237_0069_0037_0042_0060.jpg 1 69 37 42 60
0238_0057_0016_0038_0055.jpg 1 57 16 38 55
0239_0052_0008_0046_0067.jpg 1 52 8 46 67
0240_0062_0042_0038_0055.jpg 1 62 42 38 55
0241_0119_0024_0041_0058.jpg 1 119 24 41 58
0242_0117_0026_0036_0052.jpg 1 117 26 36 52
0243_0092_0017_0050_0072.jpg 1 92 17 50 72
0244_0040_0039_0043_0062.jpg 1 40 39 43 62
0245_0026_0039_0036_0052.jpg 1 26 39 36 52
0246_0115_0010_0043_0061.jpg 1 115 10 43 61
0247_0064_0023_0052_0074.jpg 1 64 23 52 74
0248_0026_0032_0046_0066.jpg 1 26 32 46 66
0249_0038_0024_0038_0055.jpg 1 38 24 38 55
0250_0025_0007_0049_0071.jpg 1 25 7 49 71
0251_0104_0043_0040_0057.jpg 1 104 43 40 57
0252_0118_0020_0043_0061.jpg 1 118 20 43 61
0253_0131_0008_0045_0065.jpg 1 131 8 45 65
0254_0100_0035_0036_0051.jpg 1 100 35 36 51
0255_0100_0028_0047_0067.jpg 1 100 28 47 67
0256_0077_0014_0043_0061.jpg 1 77 14 43 61
0257_0123_0016_0040_0057.jpg 1 123 16 40 57
0258_0089_0018_0040_0057.jpg 1 89 18 40 57
0259_0034_0014_0041_0058.jpg 1 34 14 41 58
0260_0046_0012_0050_0071.jpg 1 46 12 50 71
0261_0036_0045_0040_0057.jpg 1 36 45 40 57
0262_0101_0034_0036_0052.jpg 1 101 34 36 52
0263_0129_0046_0037_0053.jpg 1 129 46 37 53
0264_0019_0030_0035_0050.jpg 1 19 30 35 50
0265_0097_0026_0038_0055.jpg 1 97 26 38 55
0266_0017_0009_0040_0057.jpg 1 17 9 40 57
0267_0044_0026_0038_0055.jpg 1 44 26 38 55
0268_0064_0021_0037_0053.jpg 1 64 21 37 53
0269_0099_0029_0047_0068.jpg 1 99 29 47 68
0270_0043_0009_0050_0071.jpg 1 43 9 50 71
0271_0110_0013_0041_0059.jpg 1 110 13 41 59
0272_0084_0027_0047_0067.jpg 1 84 27 47 67
0273_0109_0008_0046_0065.jpg 1 109 8 46 65
0274_0109_0017_0044_0063.jpg 1 109 17 44 63
0275_0037_0014_0042_0061.jpg 1 37 14 42 61
0276_0020_0028_0042_0060.jpg 1 20 28 42 60
0277_0052_0043_0039_0055.jpg 1 52 43 39 55
0278_0065_0039_0038_0054.jpg 1 65 39 38 54
0279_0127_0027_0040_0058.jpg 1 127 27 40 58
0280_0022_0027_0042_0060.jpg 1 22 27 42 60
0281_0080_0020_0039_0056.jpg 1 80 20 39 56
0282_0122_0029_0038_0054.jpg 1 122 29 38 54
0283_0084_0015_0047_0067.jpg 1 84 15 47 67
0284_0020_0010_0046_0066.jpg 1 20 10 46 66
0285_0079_0025_0037_0053.jpg 1 79 25 37 53
0286_0084_0046_0037_0053.jpg 1 84 46 37 53
0287_0031_0008_0047_0067.jpg 1 31 8 47 67
0288_0099_0037_0035_0050.jpg 1 99 37 35 50
0289_0079_0028_0048_0069.jpg 1 79 28 48 69
0290_0049_0015_0052_0074.jpg 1 49 15 52 74
0291_0075_0046_0037_0053.jpg 1 75 46 37 53
0292_0093_0017_0035_0051.jpg 1 93 17 35 51
0293_0097_0013_0045_0065.jpg 1 97 13 45 65
0294_0108_0015_0045_0064.jpg 1 108 15 45 64
0295_0035_0032_0044_0064.jpg 1 35 32 44 64
0296_0104_0028_0050_0072.jpg 1 104 28 50 72
0297_0085_0028_0048_0069.jpg 1 85 28 48 69
0298_0127_0007_0041_0059.jpg 1 127 7 41 59
0299_0062_0027_0051_0073.jpg 1 62 27 51 73
0300_0028_0026_0052_0075.jpg 1 28 26 52 75
0301_0068_0017_0045_0065.jpg 1 68 17 45 65
0302_0051_0038_0041_0058.jpg 1 51 38 41 58
0303_0044_0011_0039_0056.jpg 1 44 11 39 56
0304_0064_0009_0042_0061.jpg 1 64 9 42 61
0305_0129_0013_0041_0059.jpg 1 129 13 41 59
0306_0033_0023_0052_0074.jpg 1 33 23 52 74
0307_0049_0046_0038_0055.jpg 1 49 46 38 55
0308_0042_0029_0041_0059.jpg 1 42 29 41 59
0309_0080_0008_0046_0066.jpg 1 80 8 46 66
0310_0124_0027_0043_0062.jpg 1 124 27 43 62
0311_0073_0016_0052_0075.jpg 1 73 16 52 75
0312_0060_0013_0036_0052.jpg 1 60 13 36 52
0313_0117_0007_0052_0074.jpg 1 117 7 52 74
0314_0128_0030_0042_0060.jpg 1 128 30 42 60
0315_0100_0005_0039_0056.jpg 1 100 5 39 56
0316_0082_0007_0044_0063.jpg 1 82 7 44 63
0317_0119_0009_0037_0053.jpg 1 119 9 37 53
0318_0073_0014_0044_0063.jpg 1 73 14 44 63
0319_0065_0028_0049_0070.jpg 1 65 28 49 70
0320_0119_0011_0044_0064.jpg 1 119 11 44 64
0321_0135_0049_0035_0050.jpg 1 135 49 35 50
0322_0034_0008_0038_0055.jpg 1 34 8 38 55
0323_0029_0035_0046_0065.jpg 1 29 35 46 65
0324_0128_0017_0036_0051.jpg 1 128 17 36 51
0325_0022_0025_0040_0057.jpg 1 22 25 40 57
0326_0020_0013_0040_0058.jpg 1 20 13 40 58
0327_0098_0042_0037_0053.jpg 1 98 42 37 53
0328_0089_0040_0037_0053.jpg 1 89 40 37 53
0329_0121_0024_0044_0064.jpg 1 121 24 44 64
0330_0034_0036_0036_0052.jpg 1 34 36 36 52
0331_0031_0016_0044_0064.jpg 1 31 16 44 64
0332_0107_0039_0044_0064.jpg 1 107 39 44 64
0333_0089_0013_0052_0074.jpg 1 89 13 52 74
0334_0022_0018_0039_0056.jpg 1 22 18 39 56
0335_0076_0012_0050_0072.jpg 1 76 12 50 72
0336_0020_0022_0051_0073.jpg 1 20 22 51 73
0337_0030_0016_0043_0061.jpg 1 30 16 43 61
0338_0058_0004_0043_0061.jpg 1 58 4 43 61
0339_0069_0014_0042_0060.jpg 1 69 14 42 60
0340_0056_0003_0052_0074.jpg 1 56 3 52 74
0341_0029_0022_0051_0072.jpg 1 29 22 51 72
0342_0062_0025_0049_0070.jpg 1 62 25 49 70
0343_0103_0005_0044_0063.jpg 1 103 5 44 63
0344_0016_0003_0051_0073.jpg 1 16 3 51 73
0345_0038_0012_0048_0069.jpg 1 38 12 48 69
0346_0078_0007_0037_0052.jpg 1 78 7 37 52
0347_0068_0045_0040_0057.jpg 1 68 45 40 57
0348_0100_0006_0039_0055.jpg 1 100 6 39 55
0349_0134_0028_0040_0057.jpg 1 134 28 40 57
0350_0023_0009_0049_0070.jpg 1 23 9 49 70
0351_0043_0033_0043_0061.jpg 1 43 33 43 61
0352_0060_0040_0039_0056.jpg 1 60 40 39 56
0353_0038_0038_0037_0053.jpg 1 38 38 37 53
0354_0063_0041_0036_0052.jpg 1 63 41 36 52
0355_0046_0012_0048_0069.jpg 1 46 12 48 69
0356_0106_0032_0042_0060.jpg 1 106 32 42 60
0357_0116_0008_0037_0054.jpg 1 116 8 37 54
0358_0075_0014_0051_0073.jpg 1 75 14 51 73
0359_0065_0019_0048_0068.jpg 1 65 19 48 68
0360_0100_0047_0037_0053.jpg 1 100 47 37 53
0361_0116_0021_0042_0060.jpg 1 116 21 42 60
0362_0110_0020_0041_0059.jpg 1 110 20 41 59
0363_0108_0038_0046_0065.jpg 1 108 38 46 65
0364_0027_0033_0044_0063.jpg 1 27 33 44 63
0365_0086_0033_0036_0052.jpg 1 86 33 36 52
0366_0085_0012_0049_0070.jpg 1 85 12 49 70
0367_0087_0018_0045_0064.jpg 1 87 18 45 64
0368_0103_0029_0045_0065.jpg 1 103 29 45 65
0369_0085_0015_0041_0058.jpg 1 85 15 41 58
0370_0123_0026_0042_0060.jpg 1 123 26 42 60
0371_0075_0021_0050_0072.jpg 1 75 21 50 72
0372_0042_0030_0041_0059.jpg 1 42 30 41 59
0373_0080_0050_0036_0051.jpg 1 80 50 36 51
0374_0018_0008_0035_0050.jpg 1 18 8 35 50
0375_0028_0026_0050_0071.jpg 1 28 26 50 71
0376_0108_0020_0052_0075.jpg 1 108 20 52 75
0377_0128_0031_0047_0067.jpg 1 128 31 47 67
0378_0127_0042_0040_0057.jpg 1 127 42 40 57
0379_0059_0014_0048_0069.jpg 1 59 14 48 69
0380_0068_0034_0045_0065.jpg 1 68 34 45 65
0381_0087_0052_0035_0050.jpg 1 87 52 35 50
0382_0022_0019_0037_0052.jpg 1 22 19 37 52
0383_0029_0039_0035_0051.jpg 1 29 39 35 51
0384_0125_0034_0040_0057.jpg 1 125 34 40 57
0385_0028_0018_0047_0067.jpg 1 28 18 47 67
0386_0022_0043_0035_0050.jpg 1 22 43 35 50
0387_0101_0008_0046_0066.jpg 1 101 8 46 66
0388_0120_0012_0050_0072.jpg 1 120 12 50 72
0389_0112_0026_0047_0067.jpg 1 112 26 47 67
0390_0107_0015_0048_0068.jpg 1 107 15 48 68
0391_0091_0012_0041_0059.jpg 1 91 12 41 59
0392_0123_0049_0036_0052.jpg 1 123 49 36 52
0393_0111_0046_0037_0053.jpg 1 111 46 37 53
0394_0050_0034_0044_0064.jpg 1 50 34 44 64
0395_0063_0028_0040_0057.jpg 1 63 28 40 57
0396_0059_0014_0037_0053.jpg 1 59 14 37 53
0397_0064_0013_0039_0055.jpg 1 64 13 39 55
0398_0116_0031_0043_0062.jpg 1 116 31 43 62
0399_0108_0030_0044_0064.jpg 1 108 30 44 64
0400_0076_0010_0043_0061.jpg 1 76 10 43 61
0401_0135_0017_0040_0058.jpg 1 135 17 40 58
0402_0098_0016_0043_0061.jpg 1 98 16 43 61
0403_0083_0008_0050_0071.jpg 1 83 8 50 71
0404_0021_0018_0038_0054.jpg 1 21 18 38 54
0405_0037_0028_0047_0067.jpg 1 37 28 47 67
0406_0040_0007_0042_0060.jpg 1 40 7 42 60
0407_0044_0019_0039_0056.jpg 1 44 19 39 56
0408_0029_0024_0048_0069.jpg 1 29 24 48 69
0409_0024_0028_0052_0075.jpg 1 24 28 52 75
0410_0060_0040_0043_0062.jpg 1 60 40 43 62
0411_0042_0020_0049_0070.jpg 1 42 20 49 70
0412_0045_0024_0040_0058.jpg 1 45 24 40 58
0413_0111_0005_0049_0071.jpg 1 111 5 49 71
0414_0056_0008_0048_0069.jpg 1 56 8 48 69
0415_0095_0015_0042_0061.jpg 1 95 15 42 61
0416_0081_0028_0047_0067.jpg 1 81 28 47 67
0417_0114_0014_0048_0069.jpg 1 114 14 48 69
0418_0112_0042_0037_0053.jpg 1 112 42 37 53
0419_0050_0014_0046_0065.jpg 1 50 14 46 65
0420_0070_0009_0039_0056.jpg 1 70 9 39 56
0421_0054_0016_0037_0053.jpg 1 54 16 37 53
0422_0081_0030_0044_0063.jpg 1 81 30 44 63
0423_0038_0029_0050_0071.jpg 1 38 29 50 71
0424_0032_0038_0042_0060.jpg 1 32 38 42 60
0425_0100_0006_0046_0066.jpg 1 100 6 46 66
0426_0113_0038_0042_0061.jpg 1 113 38 42 61
0427_0097_0032_0036_0052.jpg 1 97 32 36 52
0428_0018_0034_0037_0053.jpg 1 18 34 37 53
0429_0065_0020_0052_0075.jpg 1 65 20 52 75
0430_0049_0025_0048_0069.jpg 1 49 25 48 69
0431_0122_0029_0052_0075.jpg 1 122 29 52 75
0432_0132_0023_0043_0061.jpg 1 132 23 43 61
0433_0080_0032_0049_0070.jpg 1 80 32 49 70
0434_0044_0023_0048_0069.jpg 1 44 23 48 69
0435_0096_0020_0042_0060.jpg 1 96 20 42 60
0436_0037_0023_0051_0072.jpg 1 37 23 51 72
0437_0015_0012_0051_0073.jpg 1 15 12 51 73
0438_0084_0025_0045_0065.jpg 1 84 25 45 65
0439_0111_0020_0036_0051.jpg 1 111 20 36 51
0440_0048_0037_0042_0061.jpg 1 48 37 42 61
0441_0134_0008_0037_0053.jpg 1 134 8 37 53
0442_0113_0029_0049_0070.jpg 1 113 29 49 70
0443_0099_0013_0039_0056.jpg 1 99 13 39 56
0444_0071_0038_0038_0055.jpg 1 71 38 38 55
0445_0117_0036_0043_0061.jpg 1 117 36 43 61
0446_0136_0038_0038_0054.jpg 1 136 38 38 54
0447_0095_0013_0047_0067.jpg 1 95 13 47 67
0448_0077_0035_0035_0050.jpg 1 77 35 35 50
0449_0091_0027_0048_0068.jpg 1 91 27 48 68
0450_0024_0049_0037_0053.jpg 1 24 49 37 53
0451_0110_0032_0040_0057.jpg 1 110 32 40 57
0452_0029_0014_0045_0065.jpg 1 29 14 45 65
0453_0042_0034_0042_0061.jpg 1 42 34 42 61
0454_0111_0011_0039_0056.jpg 1 111 11 39 56
0455_0058_0005_0038_0055.jpg 1 58 5 38 55
0456_0026_0011_0052_0075.jpg 1 26 11 52 75
0457_0077_0016_0036_0051.jpg 1 77 16 36 51
0458_0094_0007_0051_0074.jpg 1 94 7 51 74
0459_0110_0009_0044_0063.jpg 1 110 9 44 63
0460_0099_0031_0049_0071.jpg 1 99 31 49 71
0461_0091_0040_0042_0060.jpg 1 91 40 42 60
0462_0031_0029_0049_0071.jpg 1 31 29 49 71
0463_0114_0013_0051_0073.jpg 1 114 13 51 73
0464_0047_0030_0050_0072.jpg 1 47 30 50 72
0465_0035_0039_0043_0061.jpg 1 35 39 43 61
0466_0039_0007_0049_0070.jpg 1 39 7 49 70
0467_0050_0026_0035_0051.jpg 1 50 26 35 51
0468_0091_0031_0045_0065.jpg 1 91 31 45 65
0469_0116_0037_0046_0066.jpg 1 116 37 46 66
0470_0126_0031_0046_0066.jpg 1 126 31 46 66
0471_0103_0011_0046_0066.jpg 1 103 11 46 66
0472_0074_0036_0040_0057.jpg 1 74 36 40 57
0473_0121_0026_0051_0073.jpg 1 121 26 51 73
0474_0107_0047_0036_0051.jpg 1 107 47 36 51
0475_0119_0039_0041_0058.jpg 1 119 39 41 58
0476_0044_0019_0036_0052.jpg 1 44 19 36 52
0477_0123_0011_0041_0059.jpg 1 123 11 41 59
0478_0095_0007_0049_0071.jpg 1 95 7 49 71
0479_0046_0023_0041_0059.jpg 1 46 23 41 59
0480_0061_0029_0039_0055.jpg 1 61 29 39 55
0481_0077_0043_0041_0058.jpg 1 77 43 41 58
0482_0057_0033_0040_0058.jpg 1 57 33 40 58
0483_0089_0012_0052_0075.jpg 1 89 12 52 75
0484_0136_0008_0040_0058.jpg 1 136 8 40 58
0485_0118_0005_0038_0054.jpg 1 118 5 38 54
0486_0037_0007_0039_0056.jpg 1 37 7 39 56
0487_0057_0018_0047_0067.jpg 1 57 18 47 67
0488_0024_0032_0047_0067.jpg 1 24 32 47 67
0489_0079_0022_0043_0062.jpg 1 79 22 43 62
0490_0095_0020_0048_0069.jpg 1 95 20 48 69
0491_0122_0024_0045_0065.jpg 1 122 24 45 65
0492_0058_0023_0051_0073.jpg 1 58 23 51 73
0493_0115_0005_0050_0072.jpg 1 115 5 50 72
0494_0062_0031_0044_0063.jpg 1 62 31 44 63
0495_0028_0034_0047_0068.jpg 1 28 34 47 68
0496_0107_0012_0043_0062.jpg 1 107 12 43 62
0497_0046_0013_0046_0066.jpg 1 46 13 46 66
0498_0017_0009_0051_0074.jpg 1 17 9 51 74
0499_0035_0049_0037_0052.jpg 1 35 49 37 52
0500_0019_0022_0047_0068.jpg 1 19 22 47 68
0501_0080_0013_0038_0054.jpg 1 80 13 38 54
0502_0121_0039_0036_0052.jpg 1 121 39 36 52
0503_0129_0020_0036_0051.jpg 1 129 20 36 51
0504_0074_0036_0040_0057.jpg 1 74 36 40 57
0505_0110_0005_0042_0060.jpg 1 110 5 42 60
0506_0080_0007_0052_0075.jpg 1 80 7 52 75
0507_0016_0019_0045_0064.jpg 1 16 19 45 64
0508_0128_0032_0037_0054.jpg 1 128 32 37 54
0509_0036_0009_0048_0068.jpg 1 36 9 48 68
0510_0115_0029_0038_0054.jpg 1 115 29 38 54
0511_0058_0024_0037_0054.jpg 1 58 24 37 54
0512_0051_0005_0051_0073.jpg 1 51 5 51 73
0513_0089_0029_0036_0052.jpg 1 89 29 36 52
0514_0083_0008_0049_0071.jpg 1 83 8 49 71
0515_0020_0032_0045_0065.jpg 1 20 32 45 65
0516_0117_0027_0035_0050.jpg 1 117 27 35 50
0517_0039_0009_0039_0056.jpg 1 39 9 39 56
0518_0071_0010_0048_0069.jpg 1 71 10 48 69
0519_0095_0026_0046_0066.jpg 1 95 26 46 66
0520_0034_0039_0042_0060.jpg 1 34 39 42 60
0521_0024_0030_0042_0061.jpg 1 24 30 42 61
0522_0064_0033_0047_0067.jpg 1 64 33 47 67
0523_0067_0012_0052_0075.jpg 1 67 12 52 75
0524_0066_0017_0040_0057.jpg 1 66 17 40 57
0525_0018_0016_0052_0075.jpg 1 18 16 52 75
0526_0076_0035_0047_0068.jpg 1 76 35 47 68
0527_0080_0024_0042_0060.jpg 1 80 24 42 60
0528_0099_0042_0038_0054.jpg 1 99 42 38 54
0529_0025_0030_0045_0064.jpg 1 25 30 45 64
0530_0044_0011_0037_0054.jpg 1 44 11 37 54
0531_0047_0019_0036_0052.jpg 1 47 19 36 52
0532_0116_0032_0047_0067.jpg 1 116 32 47 67
0533_0054_0023_0040_0058.jpg 1 54 23 40 58
0534_0040_0003_0050_0072.jpg 1 40 3 50 72
0535_0039_0012_0044_0063.jpg 1 39 12 44 63
0536_0040_0011_0046_0066.jpg 1 40 11 46 66
0537_0132_0023_0038_0055.jpg 1 132 23 38 55
0538_0037_0012_0044_0063.jpg 1 37 12 44 63
0539_0036_0046_0037_0053.jpg 1 36 46 37 53
0540_0059_0006_0036_0052.jpg 1 59 6 36 52
0541_0123_0040_0036_0052.jpg 1 123 40 36 52
0542_0119_0025_0041_0058.jpg 1 119 25 41 58
0543_0029_0024_0045_0064.jpg 1 29 24 45 64
0544_0030_0011_0043_0061.jpg 1 30 11 43 61
0545_0118_0033_0049_0070.jpg 1 118 33 49 70
0546_0060_0030_0045_0065.jpg 1 60 30 45 65
0547_0131_0006_0044_0064.jpg 1 131 6 44 64
0548_0120_0008_0045_0064.jpg 1 120 8 45 64
0549_0047_0011_0046_0066.jpg 1 47 11 46 66
0550_0025_0006_0042_0060.jpg 1 25 6 42 60
0551_0067_0027_0041_0058.jpg 1 67 27 41 58
0552_0101_0018_0036_0052.jpg 1 101 18 36 52
0553_0032_0017_0048_0068.jpg 1 32 17 48 68
0554_0046_0037_0042_0060.jpg 1 46 37 42 60
0555_0063_0013_0048_0069.jpg 1 63 13 48 69
0556_0044_0040_0038_0054.jpg 1 44 40 38 54
0557_0036_0008_0045_0065.jpg 1 36 8 45 65
0558_0018_0030_0036_0052.jpg 1 18 30 36 52
0559_0066_0031_0044_0064.jpg 1 66 31 44 64
0560_0076_0011_0049_0070.jpg 1 76 11 49 70
0561_0050_0026_0051_0073.jpg 1 50 26 51 73
0562_0050_0016_0041_0059.jpg 1 50 16 41 59
0563_0061_0029_0048_0069.jpg 1 61 29 48 69
0564_0074_0034_0035_0050.jpg 1 74 34 35 50
0565_0061_0030_0050_0071.jpg 1 61 30 50 71
0566_0030_0034_0044_0063.jpg 1 30 34 44 63
0567_0120_0024_0048_0068.jpg 1 120 24 48 68
0568_0125_0016_0042_0060.jpg 1 125 16 42 60
0569_0019_0034_0046_0065.jpg 1 19 34 46 65
0570_0017_0016_0041_0059.jpg 1 17 16 41 59
0571_0036_0005_0047_0067.jpg 1 36 5 47 67
0572_0109_0017_0049_0070.jpg 1 109 17 49 70
0573_0090_0011_0049_0070.jpg 1 90 11 49 70
0574_0048_0028_0050_0071.jpg 1 48 28 50 71
0575_0108_0008_0052_0075.jpg 1 108 8 52 75
0576_0029_0020_0045_0065.jpg 1 29 20 45 65
0577_0046_0027_0045_0064.jpg 1 46 27 45 64
0578_0094_0028_0043_0061.jpg 1 94 28 43 61
0579_0017_0004_0052_0074.jpg 1 17 4 52 74
0580_0055_0020_0049_0070.jpg 1 55 20 49 70
0581_0079_0025_0050_0072.jpg 1 79 25 50 72
0582_0085_0021_0047_0067.jpg 1 85 21 47 67
0583_0052_0027_0041_0058.jpg 1 52 27 41 58
0584_0016_0031_0049_0070.jpg 1 16 31 49 70
0585_0044_0015_0044_0064.jpg 1 44 15 44 64
0586_0092_0009_0042_0060.jpg 1 92 9 42 60
0587_0134_0039_0040_0057.jpg 1 134 39 40 57
0588_0117_0015_0043_0061.jpg 1 117 15 43 61
0589_0067_0041_0038_0054.jpg 1 67 41 38 54
0590_0116_0012_0046_0066.jpg 1 116 12 46 66
0591_0061_0006_0048_0068.jpg 1 61 6 48 68
0592_0095_0029_0040_0058.jpg 1 95 29 40 58
0593_0139_0013_0035_0050.jpg 1 139 13 35 50
0594_0062_0009_0041_0059.jpg 1 62 9 41 59
0595_0110_0022_0052_0075.jpg 1 110 22 52 75
0596_0048_0007_0051_0072.jpg 1 48 7 51 72
0597_0092_0011_0049_0070.jpg 1 92 11 49 70
0598_0073_0027_0048_0069.jpg 1 73 27 48 69
0599_0038_0006_0040_0057.jpg 1 38 6 40 57
0600_0111_0032_0046_0066.jpg 1 111 32 46 66
0601_0053_0008_0044_0063.jpg 1 53 8 44 63
0602_0068_0028_0035_0051.jpg 1 68 28 35 51
0603_0076_0023_0044_0063.jpg 1 76 23 44 63
0604_0077_0023_0049_0070.jpg 1 77 23 49 70
0605_0094_0013_0048_0069.jpg 1 94 13 48 69
0606_0110_0034_0039_0056.jpg 1 110 34 39 56
0607_0110_0007_0049_0071.jpg 1 110 7 49 71
0608_0025_0019_0045_0065.jpg 1 25 19 45 65
0609_0021_0027_0038_0055.jpg 1 21 27 38 55
0610_0088_0007_0051_0073.jpg 1 88 7 51 73
0611_0055_0029_0050_0072.jpg 1 55 29 50 72
0612_0111_0009_0038_0054.jpg 1 111 9 38 54
0613_0057_0025_0048_0069.jpg 1 57 25 48 69
0614_0077_0006_0051_0073.jpg 1 77 6 51 73
0615_0060_0023_0050_0071.jpg 1 60 23 50 71
0616_0096_0009_0040_0058.jpg 1 96 9 40 58
0617_0035_0018_0044_0064.jpg 1 35 18 44 64
0618_0060_0030_0036_0051.jpg 1 60 30 36 51
0619_0085_0034_0045_0065.jpg 1 85 34 45 65
0620_0081_0020_0038_0054.jpg 1 81 20 38 54
0621_0094_0020_0045_0064.jpg 1 94 20 45 64
0622_0069_0025_0038_0054.jpg 1 69 25 38 54
0623_0034_0025_0040_0057.jpg 1 34 25 40 57
0624_0083_0032_0038_0055.jpg 1 83 32 38 55
0625_0065_0038_0039_0056.jpg 1 65 38 39 56
0626_0046_0042_0037_0053.jpg 1 46 42 37 53
0627_0105_0041_0042_0060.jpg 1 105 41 42 60
0628_0031_0025_0051_0073.jpg 1 31 25 51 73
0629_0055_0023_0041_0059.jpg 1 55 23 41 59
0630_0124_0033_0049_0071.jpg 1 124 33 49 71
0631_0132_0039_0039_0055.jpg 1 132 39 39 55
0632_0047_0042_0040_0058.jpg 1 47 42 40 58
0633_0032_0014_0039_0057.jpg 1 32 14 39 57
0634_0017_0012_0041_0058.jpg 1 17 12 41 58
0635_0133_0036_0036_0052.jpg 1 133 36 36 52
0636_0060_0003_0052_0074.jpg 1 60 3 52 74
0637_0014_0011_0051_0074.jpg 1 14 11 51 74
0638_0127_0023_0042_0061.jpg 1 127 23 42 61
0639_0110_0028_0042_0060.jpg 1 110 28 42 60
0640_0112_0036_0040_0058.jpg 1 112 36 40 58
0641_0085_0029_0041_0058.jpg 1 85 29 41 58
0642_0107_0007_0048_0069.jpg 1 107 7 48 69
0643_0031_0005_0045_0065.jpg 1 31 5 45 65
0644_0059_0007_0043_0062.jpg 1 59 7 43 62
0645_0069_0016_0035_0050.jpg 1 69 16 35 50
0646_0092_0026_0041_0059.jpg 1 92 26 41 59
0647_0119_0043_0035_0050.jpg 1 119 43 35 50
0648_0099_0018_0047_0067.jpg 1 99 18 47 67
0649_0070_0010_0046_0065.jpg 1 70 10 46 65
0650_0114_0024_0048_0068.jpg 1 114 24 48 68
0651_0128_0006_0046_0066.jpg 1 128 6 46 66
0652_0094_0015_0039_0056.jpg 1 94 15 39 56
0653_0110_0013_0052_0074.jpg 1 110 13 52 74
0654_0063_0036_0044_0063.jpg 1 63 36 44 63
0655_0115_0010_0052_0074.jpg 1 115 10 52 74
0656_0075_0039_0040_0057.jpg 1 75 39 40 57
0657_0092_0006_0045_0064.jpg 1 92 6 45 64
0658_0122_0031_0049_0070.jpg 1 122 31 49 70
0659_0059_0020_0046_0066.jpg 1 59 20 46 66
0660_0093_0026_0047_0068.jpg 1 93 26 47 68
0661_0062_0005_0041_0059.jpg 1 62 5 41 59
0662_0061_0024_0039_0056.jpg 1 61 24 39 56
0663_0066_0020_0043_0062.jpg 1 66 20 43 62
0664_0106_0037_0040_0058.jpg 1 106 37 40 58
0665_0121_0036_0039_0056.jpg 1 121 36 39 56
0666_0097_0027_0046_0066.jpg 1 97 27 46 66
0667_0099_0033_0037_0054.jpg 1 99 33 37 54
0668_0015_0020_0052_0075.jpg 1 15 20 52 75
0669_0032_0011_0051_0073.jpg 1 32 11 51 73
0670_0025_0039_0039_0056.jpg 1 25 39 39 56
0671_0128_0014_0044_0063.jpg 1 128 14 44 63
0672_0036_0022_0045_0065.jpg 1 36 22 45 65
0673_0111_0023_0038_0054.jpg 1 111 23 38 54
0674_0135_0006_0041_0059.jpg 1 135 6 41 59
0675_0109_0007_0050_0072.jpg 1 109 7 50 72
0676_0114_0005_0041_0059.jpg 1 114 5 41 59
0677_0123_0008_0046_0066.jpg 1 123 8 46 66
0678_0105_0026_0046_0066.jpg 1 105 26 46 66
0679_0020_0017_0046_0066.jpg 1 20 17 46 66
0680_0102_0033_0047_0067.jpg 1 102 33 47 67
0681_0026_0017_0038_0055.jpg 1 26 17 38 55
0682_0015_0020_0042_0060.jpg 1 15 20 42 60
0683_0063_0045_0036_0052.jpg 1 63 45 36 52
0684_0056_0022_0044_0064.jpg 1 56 22 44 64
0685_0036_0023_0040_0057.jpg 1 36 23 40 57
0686_0051_0006_0048_0069.jpg 1 51 6 48 69
0687_0044_0011_0044_0062.jpg 1 44 11 44 62
0688_0053_0018_0044_0063.jpg 1 53 18 44 63
0689_0031_0037_0043_0062.jpg 1 31 37 43 62
0690_0064_0015_0038_0055.jpg 1 64 15 38 55
0691_0110_0021_0048_0069.jpg 1 110 21 48 69
0692_0137_0010_0037_0053.jpg 1 137 10 37 53
0693_0079_0033_0046_0066.jpg 1 79 33 46 66
0694_0068_0022_0035_0050.jpg 1 68 22 35 50
0695_0055_0009_0049_0070.jpg 1 55 9 49 70
0696_0108_0023_0050_0071.jpg 1 108 23 50 71
0697_0123_0021_0048_0069.jpg 1 123 21 48 69
0698_0079_0021_0043_0062.jpg 1 79 21 43 62
0699_0044_0008_0047_0067.jpg 1 44 8 47 67
0700_0100_0028_0050_0072.jpg 1 100 28 50 72
0701_0015_0021_0040_0057.jpg 1 15 21 40 57
0702_0039_0017_0035_0050.jpg 1 39 17 35 50
0703_0121_0017_0047_0068.jpg 1 121 17 47 68
0704_0056_0022_0052_0075.jpg 1 56 22 52 75
0705_0083_0014_0036_0052.jpg 1 83 14 36 52
0706_0071_0028_0050_0071.jpg 1 71 28 50 71
0707_0105_0012_0052_0075.jpg 1 105 12 52 75
0708_0028_0008_0049_0071.jpg 1 28 8 49 71
0709_0094_0010_0051_0072.jpg 1 94 10 51 72
0710_0024_0008_0051_0074.jpg 1 24 8 51 74
0711_0027_0025_0046_0066.jpg 1 27 25 46 66
0712_0018_0031_0049_0071.jpg 1 18 31 49 71
0713_0071_0028_0048_0069.jpg 1 71 28 48 69
0714_0084_0015_0048_0069.jpg 1 84 15 48 69
0715_0063_0005_0051_0073.jpg 1 63 5 51 73
0716_0093_0010_0041_0059.jpg 1 93 10 41 59
0717_0105_0021_0047_0067.jpg 1 105 21 47 67
0718_0120_0035_0047_0067.jpg 1 120 35 47 67
0719_0112_0016_0047_0067.jpg 1 112 16 47 67
0720_0028_0022_0045_0065.jpg 1 28 22 45 65
0721_0024_0021_0038_0055.jpg 1 24 21 38 55
0722_0056_0040_0043_0062.jpg 1 56 40 43 62
0723_0020_0017_0046_0066.jpg 1 20 17 46 66
0724_0070_0006_0047_0067.jpg 1 70 6 47 67
0725_0097_0036_0038_0055.jpg 1 97 36 38 55
0726_0059_0030_0037_0053.jpg 1 59 30 37 53
0727_0072_0027_0052_0074.jpg 1 72 27 52 74
0728_0123_0009_0049_0070.jpg 1 123 9 49 70
0729_0078_0037_0042_0061.jpg 1 78 37 42 61
0730_0072_0017_0048_0069.jpg 1 72 17 48 69
0731_0120_0036_0043_0061.jpg 1 120 36 43 61
0732_0129_0012_0037_0053.jpg 1 129 12 37 53
0733_0067_0012_0041_0059.jpg 1 67 12 41 59
0734_0049_0012_0050_0072.jpg 1 49 12 50 72
0735_0069_0037_0039_0055.jpg 1 69 37 39 55
0736_0038_0039_0041_0059.jpg 1 38 39 41 59
0737_0076_0013_0036_0052.jpg 1 76 13 36 52
0738_0102_0019_0042_0060.jpg 1 102 19 42 60
0739_0075_0019_0046_0066.jpg 1 75 19 46 66
0740_0099_0009_0039_0057.jpg 1 99 9 39 57
0741_0025_0037_0041_0059.jpg 1 25 37 41 59
0742_0019_0020_0042_0060.jpg 1 19 20 42 60
0743_0064_0005_0045_0065.jpg 1 64 5 45 65
0744_0113_0018_0052_0074.jpg 1 113 18 52 74
0745_0051_0047_0038_0055.jpg 1 51 47 38 55
0746_0061_0035_0046_0066.jpg 1 61 35 46 66
0747_0067_0035_0047_0068.jpg 1 67 35 47 68
0748_0016_0024_0049_0070.jpg 1 16 24 49 70
0749_0040_0019_0048_0068.jpg 1 40 19 48 68
0750_0120_0004_0050_0072.jpg 1 120 4 50 72
0751_0126_0004_0051_0072.jpg 1 126 4 51 72
0752_0059_0005_0039_0055.jpg 1 59 5 39 55
0753_0136_0008_0035_0050.jpg 1 136 8 35 50
0754_0074_0026_0052_0074.jpg 1 74 26 52 74
0755_0115_0015_0051_0073.jpg 1 115 15 51 73
0756_0114_0009_0052_0075.jpg 1 114 9 52 75
0757_0077_0007_0046_0065.jpg 1 77 7 46 65
0758_0043_0030_0051_0073.jpg 1 43 30 51 73
0759_0024_0029_0035_0050.jpg 1 24 29 35 50
0760_0032_0008_0036_0052.jpg 1 32 8 36 52
0761_0050_0014_0042_0061.jpg 1 50 14 42 61
0762_0037_0038_0035_0050.jpg 1 37 38 35 50
0763_0122_0033_0045_0064.jpg 1 122 33 45 64
0764_0026_0004_0048_0069.jpg 1 26 4 48 69
0765_0018_0012_0041_0058.jpg 1 18 12 41 58
0766_0018_0034_0042_0061.jpg 1 18 34 42 61
0767_0134_0014_0040_0057.jpg 1 134 14 40 57
0768_0035_0014_0048_0069.jpg 1 35 14 48 69
0769_0025_0023_0050_0072.jpg 1 25 23 50 72
0770_0036_0004_0048_0069.jpg 1 36 4 48 69
0771_0079_0027_0050_0072.jpg 1 79 27 50 72
0772_0112_0032_0046_0067.jpg 1 112 32 46 67
0773_0059_0041_0038_0055.jpg 1 59 41 38 55
0774_0123_0032_0042_0060.jpg 1 123 32 42 60
0775_0128_0043_0037_0053.jpg 1 128 43 37 53
0776_0103_0005_0036_0052.jpg 1 103 5 36 52
0777_0048_0033_0035_0051.jpg 1 48 33 35 51
0778_0117_0026_0040_0057.jpg 1 117 26 40 57
0779_0021_0012_0052_0075.jpg 1 21 12 52 75
0780_0062_0023_0042_0060.jpg 1 62 23 42 60
0781_0087_0020_0052_0075.jpg 1 87 20 52 75
0782_0114_0037_0036_0052.jpg 1 114 37 36 52
0783_0024_0029_0044_0063.jpg 1 24 29 44 63
0784_0036_0014_0045_0065.jpg 1 36 14 45 65
0785_0064_0023_0036_0051.jpg 1 64 23 36 51
0786_0052_0027_0052_0075.jpg 1 52 27 52 75
0787_0105_0031_0048_0069.jpg 1 105 31 48 69
0788_0056_0029_0040_0058.jpg 1 56 29 40 58
0789_0088_0020_0043_0062.jpg 1 88 20 43 62
0790_0051_0025_0047_0068.jpg 1 51 25 47 68
0791_0045_0020_0040_0057.jpg 1 45 20 40 57
0792_0018_0038_0041_0059.jpg 1 18 38 41 59
0793_0120_0046_0035_0051.jpg 1 120 46 35 51
0794_0052_0007_0044_0064.jpg 1 52 7 44 64
0795_0078_0037_0042_0061.jpg 1 78 37 42 61
0796_0113_0004_0046_0066.jpg 1 113 4 46 66
0797_0036_0028_0049_0070.jpg 1 36 28 49 70
0798_0053_0034_0037_0053.jpg 1 53 34 37 53
0799_0044_0011_0041_0059.jpg 1 44 11 41 59
0800_0065_0008_0051_0073.jpg 1 65 8 51 73
0801_0016_0012_0050_0071.jpg 1 16 12 50 71
0802_0086_0041_0042_0061.jpg 1 86 41 42 61
0803_0060_0020_0048_0068.jpg 1 60 20 48 68
0804_0104_0020_0036_0051.jpg 1 104 20 36 51
0805_0104_0014_0048_0069.jpg 1 104 14 48 69
0806_0047_0022_0048_0069.jpg 1 47 22 48 69
0807_0126_0010_0046_0066.jpg 1 126 10 46 66
0808_0109_0038_0045_0064.jpg 1 109 38 45 64
0809_0089_0034_0042_0060.jpg 1 89 34 42 60
0810_0037_0030_0035_0051.jpg 1 37 30 35 51
0811_0105_0033_0037_0053.jpg 1 105 33 37 53
0812_0022_0047_0036_0052.jpg 1 22 47 36 52
0813_0129_0046_0035_0051.jpg 1 129 46 35 51
