0001_0079_0036_0038_0054.jpg 1 79 36 38 54
0002_0117_0043_0038_0055.jpg 1 117 43 38 55
0003_0035_0018_0051_0073.jpg 1 35 18 51 73
0004_0047_0020_0048_0068.jpg 1 47 20 48 68
0005_0080_0029_0038_0055.jpg 1 80 29 38 55
0006_0106_0008_0039_0057.jpg 1 106 8 39 57
0007_0017_0015_0050_0072.jpg 1 17 15 50 72
0008_0130_0026_0037_0053.jpg 1 130 26 37 53
0009_0056_0025_0047_0068.jpg 1 56 25 47 68
0010_0081_0027_0036_0052.jpg 1 81 27 36 52
0011_0049_0016_0038_0054.jpg 1 49 16 38 54
0012_0032_0035_0037_0054.jpg 1 32 35 37 54
0013_0076_0025_0051_0074.jpg 1 76 25 51 74
0014_0064_0046_0036_0052.jpg 1 64 46 36 52
0015_0101_0043_0036_0052.jpg 1 101 43 36 52
0016_0103_0026_0048_0069.jpg 1 103 26 48 69
0017_0055_0018_0037_0053.jpg 1 55 18 37 53
0018_0037_0037_0039_0056.jpg 1 37 37 39 56
0019_0050_0026_0051_0073.jpg 1 50 26 51 73
0020_0061_0017_0051_0073.jpg 1 61 17 51 73
0021_0048_0023_0047_0067.jpg 1 48 23 47 67
0022_0120_0025_0038_0054.jpg 1 120 25 38 54
0023_0129_0028_0042_0060.jpg 1 129 28 42 60
0024_0106_0024_0051_0073.jpg 1 106 24 51 73
0025_0125_0007_0048_0068.jpg 1 125 7 48 68
0026_0070_0025_0052_0074.jpg 1 70 25 52 74
0027_0081_0034_0048_0069.jpg 1 81 34 48 69
0028_0036_0018_0051_0074.jpg 1 36 18 51 74
0029_0033_0031_0043_0062.jpg 1 33 31 43 62
0030_0089_0027_0046_0065.jpg 1 89 27 46 65
0031_0077_0034_0038_0054.jpg 1 77 34 38 54
0032_0101_0019_0041_0059.jpg 1 101 19 41 59
0033_0035_0019_0049_0070.jpg 1 35 19 49 70
0034_0078_0030_0043_0062.jpg 1 78 30 43 62
0035_0075_0008_0044_0064.jpg 1 75 8 44 64
0036_0122_0030_0046_0066.jpg 1 122 30 46 66
0037_0028_0010_0036_0052.jpg 1 28 10 36 52
0038_0083_0020_0050_0072.jpg 1 83 20 50 72
0039_0126_0031_0049_0070.jpg 1 126 31 49 70
0040_0015_0008_0052_0074.jpg 1 15 8 52 74
0041_0116_0023_0043_0062.jpg 1 116 23 43 62
0042_0040_0034_0044_0063.jpg 1 40 34 44 63
0043_0113_0009_0042_0061.jpg 1 113 9 42 61
0044_0063_0042_0038_0055.jpg 1 63 42 38 55
0045_0110_0018_0043_0062.jpg 1 110 18 43 62
0046_0119_0024_0041_0059.jpg 1 119 24 41 59
0047_0059_0032_0038_0054.jpg 1 59 32 38 54
0048_0024_0020_0035_0050.jpg 1 24 20 35 50
0049_0106_0008_0043_0062.jpg 1 106 8 43 62
0050_0034_0024_0045_0064.jpg 1 34 24 45 64
0051_0040_0028_0046_0066.jpg 1 40 28 46 66
0052_0048_0019_0045_0064.jpg 1 48 19 45 64
0053_0023_0022_0042_0060.jpg 1 23 22 42 60
0054_0110_0009_0039_0056.jpg 1 110 9 39 56
0055_0056_0017_0036_0052.jpg 1 56 17 36 52
0056_0055_0008_0043_0061.jpg 1 55 8 43 61
0057_0079_0047_0036_0051.jpg 1 79 47 36 51
0058_0069_0013_0042_0060.jpg 1 69 13 42 60
0059_0115_0004_0041_0059.jpg 1 115 4 41 59
0060_0060_0031_0041_0059.jpg 1 60 31 41 59
0061_0118_0014_0052_0075.jpg 1 118 14 52 75
0062_0070_0024_0052_0074.jpg 1 70 24 52 74
0063_0110_0013_0045_0065.jpg 1 110 13 45 65
0064_0051_0048_0035_0050.jpg 1 51 48 35 50
0065_0139_0039_0037_0053.jpg 1 139 39 37 53
0066_0058_0015_0051_0073.jpg 1 58 15 51 73
0067_0082_0027_0045_0065.jpg 1 82 27 45 65
0068_0024_0035_0046_0066.jpg 1 24 35 46 66
0069_0096_0021_0045_0064.jpg 1 96 21 45 64
0070_0039_0027_0048_0069.jpg 1 39 27 48 69
0071_0086_0014_0044_0064.jpg 1 86 14 44 64
0072_0047_0016_0049_0071.jpg 1 47 16 49 71
0073_0018_0039_0035_0051.jpg 1 18 39 35 51
0074_0086_0009_0050_0072.jpg 1 86 9 50 72
0075_0115_0007_0049_0071.jpg 1 115 7 49 71
0076_0086_0006_0051_0073.jpg 1 86 6 51 73
0077_0127_0006_0039_0056.jpg 1 127 6 39 56
0078_0019_0012_0050_0072.jpg 1 19 12 50 72
0079_0085_0027_0052_0074.jpg 1 85 27 52 74
0080_0111_0015_0035_0050.jpg 1 111 15 35 50
0081_0029_0009_0049_0071.jpg 1 29 9 49 71
0082_0128_0032_0038_0055.jpg 1 128 32 38 55
0083_0135_0046_0037_0053.jpg 1 135 46 37 53
0084_0076_0011_0052_0074.jpg 1 76 11 52 74
0085_0032_0017_0042_0061.jpg 1 32 17 42 61
0086_0108_0025_0050_0072.jpg 1 108 25 50 72
0087_0117_0023_0036_0051.jpg 1 117 23 36 51
0088_0067_0026_0045_0065.jpg 1 67 26 45 65
0089_0124_0016_0052_0075.jpg 1 124 16 52 75
0090_0035_0037_0045_0065.jpg 1 35 37 45 65
0091_0049_0008_0039_0056.jpg 1 49 8 39 56
0092_0084_0028_0035_0051.jpg 1 84 28 35 51
0093_0115_0029_0036_0052.jpg 1 115 29 36 52
0094_0019_0017_0052_0074.jpg 1 19 17 52 74
0095_0048_0032_0047_0067.jpg 1 48 32 47 67
0096_0089_0029_0050_0071.jpg 1 89 29 50 71
0097_0027_0032_0045_0065.jpg 1 27 32 45 65
0098_0038_0017_0040_0057.jpg 1 38 17 40 57
0099_0109_0030_0043_0061.jpg 1 109 30 43 61
0100_0033_0014_0050_0072.jpg 1 33 14 50 72
0101_0037_0042_0040_0057.jpg 1 37 42 40 57
0102_0108_0021_0046_0065.jpg 1 108 21 46 65
0103_0061_0011_0045_0065.jpg 1 61 11 45 65
0104_0087_0017_0051_0073.jpg 1 87 17 51 73
0105_0028_0020_0046_0066.jpg 1 28 20 46 66
0106_0034_0027_0045_0065.jpg 1 34 27 45 65
0107_0046_0049_0035_0051.jpg 1 46 49 35 51
0108_0101_0016_0042_0060.jpg 1 101 16 42 60
0109_0031_0035_0041_0059.jpg 1 31 35 41 59
0110_0110_0038_0044_0063.jpg 1 110 38 44 63
0111_0069_0011_0046_0067.jpg 1 69 11 46 67
0112_0050_0016_0041_0058.jpg 1 50 16 41 58
0113_0125_0027_0042_0061.jpg 1 125 27 42 61
0114_0029_0010_0052_0075.jpg 1 29 10 52 75
0115_0080_0030_0050_0071.jpg 1 80 30 50 71
0116_0066_0025_0051_0072.jpg 1 66 25 51 72
0117_0096_0011_0051_0073.jpg 1 96 11 51 73
0118_0053_0008_0046_0065.jpg 1 53 8 46 65
0119_0092_0018_0035_0050.jpg 1 92 18 35 50
0120_0067_0043_0035_0050.jpg 1 67 43 35 50
0121_0089_0026_0038_0055.jpg 1 89 26 38 55
0122_0112_0025_0040_0057.jpg 1 112 25 40 57
0123_0113_0019_0041_0059.jpg 1 113 19 41 59
0124_0028_0030_0044_0063.jpg 1 28 30 44 63
0125_0061_0025_0041_0059.jpg 1 61 25 41 59
0126_0116_0028_0042_0060.jpg 1 116 28 42 60
0127_0111_0006_0047_0068.jpg 1 111 6 47 68
0128_0113_0010_0052_0075.jpg 1 113 10 52 75
0129_0046_0015_0035_0051.jpg 1 46 15 35 51
0130_0088_0024_0049_0071.jpg 1 88 24 49 71
0131_0053_0038_0042_0061.jpg 1 53 38 42 61
0132_0074_0026_0037_0054.jpg 1 74 26 37 54
0133_0073_0029_0039_0056.jpg 1 73 29 39 56
0134_0050_0005_0043_0062.jpg 1 50 5 43 62
0135_0028_0027_0051_0073.jpg 1 28 27 51 73
0136_0087_0028_0049_0071.jpg 1 87 28 49 71
0137_0019_0011_0052_0074.jpg 1 19 11 52 74
0138_0095_0034_0047_0067.jpg 1 95 34 47 67
0139_0113_0033_0040_0057.jpg 1 113 33 40 57
0140_0105_0028_0038_0055.jpg 1 105 28 38 55
0141_0046_0029_0039_0056.jpg 1 46 29 39 56
0142_0079_0013_0035_0050.jpg 1 79 13 35 50
0143_0130_0011_0035_0050.jpg 1 130 11 35 50
0144_0089_0007_0046_0066.jpg 1 89 7 46 66
0145_0039_0049_0035_0050.jpg 1 39 49 35 50
0146_0115_0013_0049_0071.jpg 1 115 13 49 71
0147_0031_0022_0050_0071.jpg 1 31 22 50 71
0148_0052_0048_0035_0050.jpg 1 52 48 35 50
0149_0041_0012_0047_0067.jpg 1 41 12 47 67
0150_0026_0024_0051_0074.jpg 1 26 24 51 74
0151_0115_0020_0036_0051.jpg 1 115 20 36 51
0152_0067_0029_0035_0050.jpg 1 67 29 35 50
0153_0106_0030_0042_0060.jpg 1 106 30 42 60
0154_0103_0032_0050_0072.jpg 1 103 32 50 72
0155_0111_0024_0051_0073.jpg 1 111 24 51 73
0156_0074_0004_0052_0075.jpg 1 74 4 52 75
0157_0016_0027_0042_0060.jpg 1 16 27 42 60
0158_0077_0043_0037_0053.jpg 1 77 43 37 53
0159_0030_0025_0051_0073.jpg 1 30 25 51 73
0160_0015_0018_0042_0060.jpg 1 15 18 42 60
0161_0036_0011_0051_0073.jpg 1 36 11 51 73
0162_0017_0010_0043_0061.jpg 1 17 10 43 61
0163_0124_0005_0044_0063.jpg 1 124 5 44 63
0164_0097_0033_0044_0064.jpg 1 97 33 44 64
0165_0018_0040_0035_0050.jpg 1 18 40 35 50
0166_0116_0047_0036_0052.jpg 1 116 47 36 52
0167_0084_0011_0045_0065.jpg 1 84 11 45 65
0168_0083_0023_0041_0059.jpg 1 83 23 41 59
0169_0031_0023_0045_0065.jpg 1 31 23 45 65
0170_0098_0011_0046_0066.jpg 1 98 11 46 66
0171_0042_0020_0045_0064.jpg 1 42 20 45 64
0172_0117_0015_0050_0072.jpg 1 117 15 50 72
0173_0071_0042_0039_0056.jpg 1 71 42 39 56
0174_0034_0034_0044_0063.jpg 1 34 34 44 63
0175_0075_0028_0046_0066.jpg 1 75 28 46 66
0176_0063_0027_0045_0064.jpg 1 63 27 45 64
0177_0130_0023_0040_0057.jpg 1 130 23 40 57
0178_0092_0012_0050_0072.jpg 1 92 12 50 72
0179_0076_0003_0051_0072.jpg 1 76 3 51 72
0180_0114_0007_0048_0069.jpg 1 114 7 48 69
0181_0068_0013_0048_0069.jpg 1 68 13 48 69
0182_0111_0020_0041_0059.jpg 1 111 20 41 59
0183_0124_0028_0045_0064.jpg 1 124 28 45 64
0184_0118_0019_0040_0057.jpg 1 118 19 40 57
0185_0091_0024_0048_0068.jpg 1 91 24 48 68
0186_0033_0007_0042_0060.jpg 1 33 7 42 60
0187_0036_0009_0040_0057.jpg 1 36 9 40 57
0188_0052_0013_0050_0072.jpg 1 52 13 50 72
0189_0045_0037_0044_0063.jpg 1 45 37 44 63
0190_0118_0026_0049_0070.jpg 1 118 26 49 70
0191_0038_0040_0044_0062.jpg 1 38 40 44 62
0192_0042_0013_0046_0066.jpg 1 42 13 46 66
0193_0016_0004_0051_0073.jpg 1 16 4 51 73
0194_0118_0014_0046_0067.jpg 1 118 14 46 67
0195_0035_0036_0044_0063.jpg 1 35 36 44 63
0196_0020_0029_0049_0071.jpg 1 20 29 49 71
0197_0052_0008_0042_0061.jpg 1 52 8 42 61
0198_0023_0017_0047_0068.jpg 1 23 17 47 68
0199_0130_0036_0046_0066.jpg 1 130 36 46 66
0200_0038_0012_0048_0069.jpg 1 38 12 48 69
0201_0082_0033_0045_0064.jpg 1 82 33 45 64
0202_0133_0007_0037_0053.jpg 1 133 7 37 53
0203_0122_0007_0038_0055.jpg 1 122 7 38 55
0204_0078_0042_0040_0058.jpg 1 78 42 40 58
0205_0023_0015_0046_0066.jpg 1 23 15 46 66
0206_0097_0027_0043_0062.jpg 1 97 27 43 62
0207_0095_0029_0042_0060.jpg 1 95 29 42 60
0208_0102_0024_0047_0067.jpg 1 102 24 47 67
0209_0123_0013_0045_0065.jpg 1 123 13 45 65
0210_0103_0037_0035_0050.jpg 1 103 37 35 50
0211_0063_0017_0037_0052.jpg 1 63 17 37 52
0212_0041_0015_0051_0073.jpg 1 41 15 51 73
0213_0068_0008_0052_0074.jpg 1 68 8 52 74
0214_0043_0015_0044_0063.jpg 1 43 15 44 63
0215_0063_0009_0042_0060.jpg 1 63 9 42 60
0216_0046_0022_0044_0063.jpg 1 46 22 44 63
0217_0038_0034_0035_0050.jpg 1 38 34 35 50
0218_0090_0016_0045_0065.jpg 1 90 16 45 65
0219_0056_0033_0040_0058.jpg 1 56 33 40 58
0220_0087_0008_0050_0072.jpg 1 87 8 50 72
0221_0091_0007_0049_0070.jpg 1 91 7 49 70
0222_0130_0041_0037_0053.jpg 1 130 41 37 53
0223_0014_0009_0050_0072.jpg 1 14 9 50 72
0224_0087_0003_0051_0073.jpg 1 87 3 51 73
0225_0090_0032_0048_0068.jpg 1 90 32 48 68
0226_0018_0026_0035_0051.jpg 1 18 26 35 51
0227_0070_0027_0042_0060.jpg 1 70 27 42 60
0228_0024_0038_0041_0059.jpg 1 24 38 41 59
0229_0070_0012_0037_0053.jpg 1 70 12 37 53
0230_0044_0034_0043_0061.jpg 1 44 34 43 61
0231_0122_0016_0041_0058.jpg 1 122 16 41 58
0232_0130_0006_0046_0065.jpg 1 130 6 46 65
0233_0098_0033_0044_0063.jpg 1 98 33 44 63
0234_0018_0041_0041_0059.jpg 1 18 41 41 59
0235_0018_0028_0041_0059.jpg 1 18 28 41 59
0236_0083_0007_0052_0075.jpg 1 83 7 52 75
0237_0112_0018_0049_0070.jpg 1 112 18 49 70
0238_0048_0018_0041_0059.jpg 1 48 18 41 59
0239_0035_0030_0042_0061.jpg 1 35 30 42 61
0240_0092_0015_0037_0053.jpg 1 92 15 37 53
0241_0101_0034_0047_0068.jpg 1 101 34 47 68
0242_0126_0014_0042_0061.jpg 1 126 14 42 61
0243_0094_0024_0038_0054.jpg 1 94 24 38 54
0244_0043_0019_0050_0072.jpg 1 43 19 50 72
0245_0118_0009_0045_0064.jpg 1 118 9 45 64
0246_0083_0025_0035_0050.jpg 1 83 25 35 50
0247_0113_0008_0046_0066.jpg 1 113 8 46 66
0248_0122_0030_0046_0066.jpg 1 122 30 46 66
0249_0041_0024_0042_0061.jpg 1 41 24 42 61
0250_0033_0031_0036_0052.jpg 1 33 31 36 52
0251_0121_0029_0049_0071.jpg 1 121 29 49 71
0252_0126_0038_0045_0065.jpg 1 126 38 45 65
0253_0089_0016_0052_0075.jpg 1 89 16 52 75
0254_0117_0023_0052_0075.jpg 1 117 23 52 75
0255_0032_0012_0052_0074.jpg 1 32 12 52 74
0256_0082_0038_0044_0064.jpg 1 82 38 44 64
0257_0086_0022_0044_0063.jpg 1 86 22 44 63
0258_0071_0042_0040_0058.jpg 1 71 42 40 58
0259_0079_0024_0039_0056.jpg 1 79 24 39 56
0260_0090_0027_0046_0066.jpg 1 90 27 46 66
0261_0127_0040_0041_0059.jpg 1 127 40 41 59
0262_0099_0031_0037_0053.jpg 1 99 31 37 53
0263_0039_0034_0039_0056.jpg 1 39 34 39 56
0264_0065_0011_0045_0064.jpg 1 65 11 45 64
0265_0087_0026_0045_0065.jpg 1 87 26 45 65
0266_0080_0009_0044_0064.jpg 1 80 9 44 64
0267_0028_0013_0052_0075.jpg 1 28 13 52 75
0268_0063_0034_0040_0057.jpg 1 63 34 40 57
0269_0132_0006_0040_0057.jpg 1 132 6 40 57
0270_0108_0021_0051_0073.jpg 1 108 21 51 73
0271_0128_0005_0046_0066.jpg 1 128 5 46 66
0272_0124_0011_0051_0073.jpg 1 124 11 51 73
0273_0094_0017_0048_0069.jpg 1 94 17 48 69
0274_0045_0051_0035_0050.jpg 1 45 51 35 50
0275_0024_0017_0040_0058.jpg 1 24 17 40 58
0276_0111_0026_0039_0056.jpg 1 111 26 39 56
0277_0123_0026_0040_0057.jpg 1 123 26 40 57
0278_0032_0026_0050_0072.jpg 1 32 26 50 72
0279_0119_0038_0044_0063.jpg 1 119 38 44 63
0280_0085_0018_0051_0072.jpg 1 85 18 51 72
0281_0047_0034_0042_0060.jpg 1 47 34 42 60
0282_0104_0024_0046_0066.jpg 1 104 24 46 66
0283_0079_0018_0051_0072.jpg 1 79 18 51 72
0284_0092_0026_0037_0053.jpg 1 92 26 37 53
0285_0089_0013_0035_0051.jpg 1 89 13 35 51
0286_0031_0020_0049_0070.jpg 1 31 20 49 70
0287_0084_0026_0041_0058.jpg 1 84 26 41 58
0288_0033_0032_0050_0071.jpg 1 33 32 50 71
0289_0028_0005_0044_0064.jpg 1 28 5 44 64
0290_0121_0034_0038_0055.jpg 1 121 34 38 55
0291_0101_0003_0052_0074.jpg 1 101 3 52 74
0292_0108_0008_0040_0058.jpg 1 108 8 40 58
0293_0073_0029_0043_0062.jpg 1 73 29 43 62
0294_0054_0015_0038_0055.jpg 1 54 15 38 55
0295_0095_0017_0035_0051.jpg 1 95 17 35 51
0296_0100_0039_0035_0050.jpg 1 100 39 35 50
0297_0067_0010_0044_0062.jpg 1 67 10 44 62
0298_0038_0021_0036_0052.jpg 1 38 21 36 52
0299_0016_0030_0043_0062.jpg 1 16 30 43 62
0300_0117_0021_0051_0074.jpg 1 117 21 51 74
0301_0032_0025_0040_0058.jpg 1 32 25 40 58
0302_0091_0018_0051_0073.jpg 1 91 18 51 73
0303_0076_0019_0043_0062.jpg 1 76 19 43 62
0304_0038_0016_0048_0068.jpg 1 38 16 48 68
0305_0022_0010_0043_0062.jpg 1 22 10 43 62
0306_0056_0030_0039_0055.jpg 1 56 30 39 55
0307_0093_0031_0047_0067.jpg 1 93 31 47 67
0308_0101_0021_0048_0069.jpg 1 101 21 48 69
0309_0084_0023_0035_0050.jpg 1 84 23 35 50
0310_0082_0039_0035_0050.jpg 1 82 39 35 50
0311_0127_0021_0049_0070.jpg 1 127 21 49 70
0312_0044_0010_0049_0070.jpg 1 44 10 49 70
0313_0057_0024_0050_0071.jpg 1 57 24 50 71
0314_0084_0025_0043_0062.jpg 1 84 25 43 62
0315_0132_0013_0044_0063.jpg 1 132 13 44 63
0316_0019_0034_0039_0056.jpg 1 19 34 39 56
0317_0130_0006_0035_0050.jpg 1 130 6 35 50
0318_0081_0034_0038_0054.jpg 1 81 34 38 54
0319_0124_0012_0046_0066.jpg 1 124 12 46 66
0320_0085_0028_0044_0064.jpg 1 85 28 44 64
0321_0089_0005_0044_0063.jpg 1 89 5 44 63
0322_0021_0025_0043_0061.jpg 1 21 25 43 61
0323_0091_0042_0039_0057.jpg 1 91 42 39 57
0324_0032_0020_0051_0073.jpg 1 32 20 51 73
0325_0055_0020_0035_0050.jpg 1 55 20 35 50
0326_0039_0029_0040_0058.jpg 1 39 29 40 58
0327_0081_0009_0039_0056.jpg 1 81 9 39 56
0328_0033_0043_0038_0054.jpg 1 33 43 38 54
0329_0085_0013_0038_0055.jpg 1 85 13 38 55
0330_0040_0009_0039_0056.jpg 1 40 9 39 56
0331_0025_0038_0040_0057.jpg 1 25 38 40 57
0332_0071_0015_0050_0072.jpg 1 71 15 50 72
0333_0068_0043_0039_0055.jpg 1 68 43 39 55
0334_0026_0018_0043_0062.jpg 1 26 18 43 62
0335_0026_0016_0051_0073.jpg 1 26 16 51 73
0336_0018_0009_0041_0059.jpg 1 18 9 41 59
0337_0112_0019_0037_0053.jpg 1 112 19 37 53
0338_0125_0007_0041_0059.jpg 1 125 7 41 59
0339_0098_0022_0039_0056.jpg 1 98 22 39 56
0340_0065_0005_0043_0062.jpg 1 65 5 43 62
0341_0074_0004_0052_0074.jpg 1 74 4 52 74
0342_0018_0008_0049_0070.jpg 1 18 8 49 70
0343_0070_0004_0052_0075.jpg 1 70 4 52 75
0344_0060_0012_0045_0064.jpg 1 60 12 45 64
0345_0109_0006_0049_0070.jpg 1 109 6 49 70
0346_0016_0006_0052_0074.jpg 1 16 6 52 74
0347_0059_0017_0038_0054.jpg 1 59 17 38 54
0348_0029_0038_0040_0058.jpg 1 29 38 40 58
0349_0104_0032_0049_0071.jpg 1 104 32 49 71
0350_0118_0019_0045_0065.jpg 1 118 19 45 65
0351_0080_0034_0043_0062.jpg 1 80 34 43 62
0352_0115_0037_0042_0060.jpg 1 115 37 42 60
0353_0082_0022_0042_0061.jpg 1 82 22 42 61
0354_0031_0043_0037_0054.jpg 1 31 43 37 54
0355_0021_0029_0048_0068.jpg 1 21 29 48 68
0356_0073_0015_0047_0068.jpg 1 73 15 47 68
0357_0069_0013_0043_0062.jpg 1 69 13 43 62
0358_0134_0009_0041_0059.jpg 1 134 9 41 59
0359_0017_0044_0040_0057.jpg 1 17 44 40 57
0360_0078_0033_0048_0069.jpg 1 78 33 48 69
0361_0100_0044_0041_0058.jpg 1 100 44 41 58
0362_0052_0024_0046_0066.jpg 1 52 24 46 66
0363_0040_0006_0044_0063.jpg 1 40 6 44 63
0364_0097_0025_0037_0052.jpg 1 97 25 37 52
0365_0033_0026_0039_0056.jpg 1 33 26 39 56
0366_0036_0032_0036_0052.jpg 1 36 32 36 52
0367_0050_0036_0038_0055.jpg 1 50 36 38 55
0368_0057_0044_0036_0051.jpg 1 57 44 36 51
0369_0113_0006_0046_0066.jpg 1 113 6 46 66
0370_0041_0016_0048_0068.jpg 1 41 16 48 68
0371_0057_0033_0040_0057.jpg 1 57 33 40 57
0372_0028_0040_0035_0051.jpg 1 28 40 35 51
0373_0045_0009_0049_0070.jpg 1 45 9 49 70
0374_0100_0009_0039_0056.jpg 1 100 9 39 56
0375_0087_0046_0036_0052.jpg 1 87 46 36 52
0376_0111_0027_0050_0071.jpg 1 111 27 50 71
0377_0032_0007_0052_0074.jpg 1 32 7 52 74
0378_0074_0021_0044_0063.jpg 1 74 21 44 63
0379_0041_0007_0045_0065.jpg 1 41 7 45 65
0380_0066_0006_0047_0068.jpg 1 66 6 47 68
0381_0138_0013_0035_0051.jpg 1 138 13 35 51
0382_0094_0005_0052_0075.jpg 1 94 5 52 75
0383_0045_0017_0049_0070.jpg 1 45 17 49 70
0384_0097_0013_0044_0063.jpg 1 97 13 44 63
0385_0114_0018_0046_0066.jpg 1 114 18 46 66
0386_0075_0013_0051_0072.jpg 1 75 13 51 72
0387_0095_0026_0048_0069.jpg 1 95 26 48 69
0388_0113_0010_0035_0050.jpg 1 113 10 35 50
0389_0042_0030_0050_0072.jpg 1 42 30 50 72
0390_0131_0044_0035_0050.jpg 1 131 44 35 50
0391_0026_0019_0048_0068.jpg 1 26 19 48 68
0392_0029_0027_0039_0057.jpg 1 29 27 39 57
0393_0110_0040_0038_0054.jpg 1 110 40 38 54
0394_0071_0021_0052_0074.jpg 1 71 21 52 74
0395_0067_0011_0052_0074.jpg 1 67 11 52 74
0396_0062_0008_0040_0057.jpg 1 62 8 40 57
0397_0037_0013_0047_0067.jpg 1 37 13 47 67
0398_0071_0027_0038_0054.jpg 1 71 27 38 54
0399_0053_0023_0045_0065.jpg 1 53 23 45 65
0400_0027_0006_0050_0072.jpg 1 27 6 50 72
0401_0063_0015_0038_0054.jpg 1 63 15 38 54
0402_0120_0020_0049_0070.jpg 1 120 20 49 70
0403_0059_0024_0035_0050.jpg 1 59 24 35 50
0404_0055_0023_0048_0069.jpg 1 55 23 48 69
0405_0104_0008_0038_0055.jpg 1 104 8 38 55
0406_0030_0033_0049_0070.jpg 1 30 33 49 70
0407_0057_0019_0046_0065.jpg 1 57 19 46 65
0408_0090_0014_0049_0070.jpg 1 90 14 49 70
0409_0031_0005_0037_0053.jpg 1 31 5 37 53
0410_0079_0022_0037_0053.jpg 1 79 22 37 53
0411_0036_0010_0050_0071.jpg 1 36 10 50 71
0412_0051_0017_0040_0057.jpg 1 51 17 40 57
0413_0044_0027_0051_0074.jpg 1 44 27 51 74
0414_0072_0024_0049_0070.jpg 1 72 24 49 70
0415_0117_0012_0041_0059.jpg 1 117 12 41 59
0416_0048_0038_0035_0050.jpg 1 48 38 35 50
0417_0093_0033_0036_0051.jpg 1 93 33 36 51
0418_0037_0027_0048_0069.jpg 1 37 27 48 69
0419_0034_0044_0039_0056.jpg 1 34 44 39 56
0420_0087_0011_0046_0066.jpg 1 87 11 46 66
0421_0027_0035_0040_0058.jpg 1 27 35 40 58
0422_0016_0028_0037_0053.jpg 1 16 28 37 53
0423_0042_0012_0038_0055.jpg 1 42 12 38 55
0424_0122_0011_0042_0061.jpg 1 122 11 42 61
0425_0073_0032_0041_0058.jpg 1 73 32 41 58
0426_0112_0041_0039_0056.jpg 1 112 41 39 56
0427_0119_0035_0046_0066.jpg 1 119 35 46 66
0428_0054_0007_0038_0055.jpg 1 54 7 38 55
0429_0021_0034_0038_0055.jpg 1 21 34 38 55
0430_0016_0016_0047_0067.jpg 1 16 16 47 67
0431_0111_0029_0052_0075.jpg 1 111 29 52 75
0432_0045_0004_0052_0074.jpg 1 45 4 52 74
0433_0057_0039_0036_0051.jpg 1 57 39 36 51
0434_0058_0008_0052_0074.jpg 1 58 8 52 74
0435_0130_0030_0044_0063.jpg 1 130 30 44 63
0436_0051_0028_0047_0067.jpg 1 51 28 47 67
0437_0102_0007_0036_0052.jpg 1 102 7 36 52
0438_0099_0027_0036_0052.jpg 1 99 27 36 52
0439_0020_0025_0040_0057.jpg 1 20 25 40 57
0440_0069_0019_0042_0060.jpg 1 69 19 42 60
0441_0108_0028_0043_0061.jpg 1 108 28 43 61
0442_0030_0029_0042_0060.jpg 1 30 29 42 60
0443_0049_0035_0044_0063.jpg 1 49 35 44 63
0444_0034_0016_0052_0074.jpg 1 34 16 52 74
0445_0083_0032_0036_0051.jpg 1 83 32 36 51
0446_0124_0013_0039_0056.jpg 1 124 13 39 56
0447_0127_0018_0050_0072.jpg 1 127 18 50 72
0448_0033_0015_0051_0074.jpg 1 33 15 51 74
0449_0090_0014_0044_0063.jpg 1 90 14 44 63
0450_0119_0037_0039_0057.jpg 1 119 37 39 57
0451_0028_0034_0047_0068.jpg 1 28 34 47 68
0452_0016_0010_0052_0075.jpg 1 16 10 52 75
0453_0060_0016_0038_0055.jpg 1 60 16 38 55
0454_0016_0030_0047_0067.jpg 1 16 30 47 67
0455_0124_0018_0041_0059.jpg 1 124 18 41 59
0456_0092_0015_0051_0073.jpg 1 92 15 51 73
0457_0106_0026_0045_0065.jpg 1 106 26 45 65
0458_0035_0004_0049_0070.jpg 1 35 4 49 70
0459_0038_0024_0035_0051.jpg 1 38 24 35 51
0460_0098_0028_0050_0072.jpg 1 98 28 50 72
0461_0054_0023_0040_0057.jpg 1 54 23 40 57
0462_0024_0018_0052_0074.jpg 1 24 18 52 74
0463_0040_0037_0036_0052.jpg 1 40 37 36 52
0464_0082_0028_0046_0066.jpg 1 82 28 46 66
0465_0108_0041_0040_0057.jpg 1 108 41 40 57
0466_0114_0024_0046_0066.jpg 1 114 24 46 66
0467_0024_0025_0038_0054.jpg 1 24 25 38 54
0468_0062_0037_0044_0063.jpg 1 62 37 44 63
0469_0127_0020_0049_0070.jpg 1 127 20 49 70
0470_0106_0015_0047_0067.jpg 1 106 15 47 67
0471_0059_0027_0049_0070.jpg 1 59 27 49 70
0472_0114_0024_0047_0068.jpg 1 114 24 47 68
0473_0063_0011_0051_0073.jpg 1 63 11 51 73
0474_0063_0021_0050_0072.jpg 1 63 21 50 72
0475_0036_0009_0049_0070.jpg 1 36 9 49 70
0476_0122_0012_0052_0075.jpg 1 122 12 52 75
0477_0064_0019_0052_0074.jpg 1 64 19 52 74
0478_0062_0024_0044_0063.jpg 1 62 24 44 63
0479_0030_0020_0046_0066.jpg 1 30 20 46 66
0480_0063_0013_0038_0054.jpg 1 63 13 38 54
0481_0098_0010_0045_0064.jpg 1 98 10 45 64
0482_0073_0017_0040_0057.jpg 1 73 17 40 57
0483_0054_0017_0041_0058.jpg 1 54 17 41 58
0484_0102_0036_0041_0058.jpg 1 102 36 41 58
0485_0067_0021_0038_0054.jpg 1 67 21 38 54
0486_0020_0022_0045_0064.jpg 1 20 22 45 64
0487_0114_0016_0044_0064.jpg 1 114 16 44 64
0488_0039_0008_0046_0066.jpg 1 39 8 46 66
0489_0071_0013_0043_0062.jpg 1 71 13 43 62
0490_0052_0005_0047_0067.jpg 1 52 5 47 67
0491_0024_0025_0043_0062.jpg 1 24 25 43 62
0492_0035_0017_0047_0067.jpg 1 35 17 47 67
0493_0015_0028_0049_0071.jpg 1 15 28 49 71
0494_0072_0008_0044_0063.jpg 1 72 8 44 63
0495_0063_0010_0040_0058.jpg 1 63 10 40 58
0496_0121_0013_0047_0068.jpg 1 121 13 47 68
0497_0125_0021_0041_0058.jpg 1 125 21 41 58
0498_0082_0030_0050_0072.jpg 1 82 30 50 72
0499_0099_0007_0036_0052.jpg 1 99 7 36 52
0500_0112_0031_0045_0064.jpg 1 112 31 45 64
0501_0071_0042_0040_0058.jpg 1 71 42 40 58
0502_0092_0006_0045_0064.jpg 1 92 6 45 64
0503_0034_0022_0043_0061.jpg 1 34 22 43 61
0504_0084_0007_0037_0053.jpg 1 84 7 37 53
0505_0126_0019_0047_0067.jpg 1 126 19 47 67
0506_0062_0026_0046_0065.jpg 1 62 26 46 65
0507_0036_0007_0044_0063.jpg 1 36 7 44 63
0508_0041_0026_0046_0066.jpg 1 41 26 46 66
0509_0103_0036_0041_0058.jpg 1 103 36 41 58
0510_0123_0042_0041_0059.jpg 1 123 42 41 59
0511_0130_0025_0046_0066.jpg 1 130 25 46 66
0512_0080_0017_0046_0065.jpg 1 80 17 46 65
0513_0017_0022_0043_0062.jpg 1 17 22 43 62
0514_0117_0007_0046_0066.jpg 1 117 7 46 66
0515_0070_0043_0037_0053.jpg 1 70 43 37 53
0516_0124_0011_0051_0073.jpg 1 124 11 51 73
0517_0025_0026_0040_0058.jpg 1 25 26 40 58
0518_0056_0011_0049_0070.jpg 1 56 11 49 70
0519_0097_0028_0051_0073.jpg 1 97 28 51 73
0520_0098_0028_0038_0055.jpg 1 98 28 38 55
0521_0022_0036_0044_0063.jpg 1 22 36 44 63
0522_0123_0044_0037_0054.jpg 1 123 44 37 54
0523_0108_0020_0050_0071.jpg 1 108 20 50 71
0524_0030_0015_0039_0056.jpg 1 30 15 39 56
0525_0020_0013_0040_0058.jpg 1 20 13 40 58
0526_0048_0026_0038_0055.jpg 1 48 26 38 55
0527_0021_0035_0037_0053.jpg 1 21 35 37 53
0528_0090_0007_0046_0066.jpg 1 90 7 46 66
0529_0044_0017_0052_0074.jpg 1 44 17 52 74
0530_0122_0006_0050_0072.jpg 1 122 6 50 72
0531_0047_0033_0049_0070.jpg 1 47 33 49 70
0532_0028_0026_0048_0069.jpg 1 28 26 48 69
0533_0065_0037_0045_0065.jpg 1 65 37 45 65
0534_0126_0020_0051_0074.jpg 1 126 20 51 74
0535_0019_0009_0046_0065.jpg 1 19 9 46 65
0536_0031_0025_0041_0059.jpg 1 31 25 41 59
0537_0113_0015_0039_0056.jpg 1 113 15 39 56
0538_0052_0047_0036_0051.jpg 1 52 47 36 51
0539_0056_0007_0037_0054.jpg 1 56 7 37 54
0540_0030_0033_0046_0066.jpg 1 30 33 46 66
0541_0110_0052_0035_0050.jpg 1 110 52 35 50
0542_0020_0026_0038_0055.jpg 1 20 26 38 55
0543_0099_0015_0049_0070.jpg 1 99 15 49 70
0544_0112_0019_0051_0074.jpg 1 112 19 51 74
0545_0096_0028_0047_0067.jpg 1 96 28 47 67
0546_0106_0020_0036_0051.jpg 1 106 20 36 51
0547_0063_0039_0044_0063.jpg 1 63 39 44 63
0548_0031_0026_0051_0073.jpg 1 31 26 51 73
0549_0035_0030_0051_0073.jpg 1 35 30 51 73
0550_0046_0036_0040_0057.jpg 1 46 36 40 57
0551_0021_0036_0039_0056.jpg 1 21 36 39 56
0552_0102_0013_0052_0074.jpg 1 102 13 52 74
0553_0085_0014_0035_0051.jpg 1 85 14 35 51
0554_0039_0012_0048_0069.jpg 1 39 12 48 69
0555_0067_0035_0039_0057.jpg 1 67 35 39 57
0556_0115_0005_0048_0069.jpg 1 115 5 48 69
0557_0129_0036_0047_0067.jpg 1 129 36 47 67
0558_0096_0008_0051_0073.jpg 1 96 8 51 73
0559_0072_0006_0051_0073.jpg 1 72 6 51 73
0560_0066_0035_0041_0059.jpg 1 66 35 41 59
0561_0079_0024_0042_0061.jpg 1 79 24 42 61
0562_0062_0013_0040_0057.jpg 1 62 13 40 57
0563_0053_0015_0049_0070.jpg 1 53 15 49 70
0564_0046_0015_0047_0068.jpg 1 46 15 47 68
0565_0052_0007_0052_0074.jpg 1 52 7 52 74
0566_0026_0025_0047_0067.jpg 1 26 25 47 67
0567_0120_0005_0046_0066.jpg 1 120 5 46 66
0568_0055_0035_0047_0067.jpg 1 55 35 47 67
0569_0064_0033_0039_0057.jpg 1 64 33 39 57
0570_0038_0035_0044_0063.jpg 1 38 35 44 63
0571_0135_0041_0041_0059.jpg 1 135 41 41 59
0572_0062_0012_0050_0072.jpg 1 62 12 50 72
0573_0048_0019_0048_0068.jpg 1 48 19 48 68
0574_0058_0025_0040_0057.jpg 1 58 25 40 57
0575_0106_0008_0043_0062.jpg 1 106 8 43 62
0576_0105_0026_0040_0058.jpg 1 105 26 40 58
0577_0024_0005_0045_0065.jpg 1 24 5 45 65
0578_0073_0022_0035_0050.jpg 1 73 22 35 50
0579_0122_0039_0042_0060.jpg 1 122 39 42 60
0580_0079_0023_0038_0054.jpg 1 79 23 38 54
0581_0091_0020_0037_0052.jpg 1 91 20 37 52
0582_0061_0003_0050_0071.jpg 1 61 3 50 71
0583_0105_0025_0049_0071.jpg 1 105 25 49 71
0584_0118_0018_0048_0069.jpg 1 118 18 48 69
0585_0115_0030_0035_0050.jpg 1 115 30 35 50
0586_0065_0025_0046_0066.jpg 1 65 25 46 66
0587_0083_0048_0036_0052.jpg 1 83 48 36 52
0588_0075_0007_0047_0067.jpg 1 75 7 47 67
0589_0019_0047_0038_0054.jpg 1 19 47 38 54
0590_0095_0009_0040_0057.jpg 1 95 9 40 57
0591_0085_0031_0039_0056.jpg 1 85 31 39 56
0592_0122_0026_0050_0071.jpg 1 122 26 50 71
0593_0117_0005_0052_0075.jpg 1 117 5 52 75
0594_0061_0036_0044_0063.jpg 1 61 36 44 63
0595_0025_0028_0048_0069.jpg 1 25 28 48 69
0596_0096_0010_0051_0073.jpg 1 96 10 51 73
0597_0125_0039_0042_0061.jpg 1 125 39 42 61
0598_0025_0009_0039_0056.jpg 1 25 9 39 56
0599_0014_0003_0051_0073.jpg 1 14 3 51 73
0600_0051_0022_0043_0061.jpg 1 51 22 43 61
0601_0052_0010_0035_0050.jpg 1 52 10 35 50
0602_0085_0033_0048_0068.jpg 1 85 33 48 68
0603_0064_0005_0041_0059.jpg 1 64 5 41 59
0604_0082_0045_0039_0055.jpg 1 82 45 39 55
0605_0038_0029_0049_0071.jpg 1 38 29 49 71
0606_0017_0003_0052_0075.jpg 1 17 3 52 75
0607_0065_0011_0050_0072.jpg 1 65 11 50 72
0608_0036_0039_0045_0064.jpg 1 36 39 45 64
0609_0123_0010_0042_0060.jpg 1 123 10 42 60
0610_0126_0022_0036_0051.jpg 1 126 22 36 51
0611_0033_0009_0035_0050.jpg 1 33 9 35 50
0612_0100_0036_0046_0066.jpg 1 100 36 46 66
0613_0104_0025_0042_0060.jpg 1 104 25 42 60
0614_0065_0024_0048_0069.jpg 1 65 24 48 69
0615_0047_0008_0035_0051.jpg 1 47 8 35 51
0616_0113_0025_0046_0066.jpg 1 113 25 46 66
0617_0129_0004_0043_0062.jpg 1 129 4 43 62
0618_0085_0030_0038_0054.jpg 1 85 30 38 54
0619_0124_0007_0043_0062.jpg 1 124 7 43 62
0620_0017_0037_0040_0058.jpg 1 17 37 40 58
0621_0102_0019_0042_0060.jpg 1 102 19 42 60
0622_0026_0007_0050_0072.jpg 1 26 7 50 72
0623_0127_0021_0043_0061.jpg 1 127 21 43 61
0624_0096_0027_0039_0056.jpg 1 96 27 39 56
0625_0026_0034_0042_0060.jpg 1 26 34 42 60
0626_0129_0034_0037_0053.jpg 1 129 34 37 53
0627_0080_0004_0045_0064.jpg 1 80 4 45 64
0628_0101_0016_0045_0065.jpg 1 101 16 45 65
0629_0103_0044_0037_0053.jpg 1 103 44 37 53
0630_0046_0035_0042_0061.jpg 1 46 35 42 61
0631_0113_0028_0046_0066.jpg 1 113 28 46 66
0632_0030_0006_0049_0070.jpg 1 30 6 49 70
0633_0061_0029_0052_0075.jpg 1 61 29 52 75
0634_0107_0035_0037_0052.jpg 1 107 35 37 52
0635_0042_0036_0043_0062.jpg 1 42 36 43 62
0636_0093_0024_0052_0075.jpg 1 93 24 52 75
0637_0084_0036_0040_0058.jpg 1 84 36 40 58
0638_0051_0036_0043_0062.jpg 1 51 36 43 62
0639_0033_0007_0047_0067.jpg 1 33 7 47 67
0640_0072_0031_0046_0066.jpg 1 72 31 46 66
0641_0036_0005_0040_0057.jpg 1 36 5 40 57
0642_0056_0018_0044_0063.jpg 1 56 18 44 63
0643_0035_0028_0049_0070.jpg 1 35 28 49 70
0644_0058_0032_0036_0052.jpg 1 58 32 36 52
0645_0060_0024_0047_0067.jpg 1 60 24 47 67
0646_0024_0005_0046_0066.jpg 1 24 5 46 66
0647_0031_0034_0039_0057.jpg 1 31 34 39 57
0648_0054_0029_0041_0059.jpg 1 54 29 41 59
0649_0072_0005_0046_0065.jpg 1 72 5 46 65
0650_0047_0020_0052_0074.jpg 1 47 20 52 74
0651_0049_0030_0048_0068.jpg 1 49 30 48 68
0652_0078_0023_0036_0052.jpg 1 78 23 36 52
0653_0030_0032_0045_0065.jpg 1 30 32 45 65
0654_0117_0019_0047_0067.jpg 1 117 19 47 67
0655_0123_0031_0049_0070.jpg 1 123 31 49 70
0656_0106_0035_0041_0059.jpg 1 106 35 41 59
0657_0096_0044_0040_0057.jpg 1 96 44 40 57
0658_0083_0017_0037_0053.jpg 1 83 17 37 53
0659_0105_0013_0050_0072.jpg 1 105 13 50 72
0660_0102_0037_0045_0065.jpg 1 102 37 45 65
0661_0037_0012_0051_0073.jpg 1 37 12 51 73
0662_0027_0027_0043_0062.jpg 1 27 27 43 62
0663_0033_0005_0051_0073.jpg 1 33 5 51 73
0664_0031_0010_0050_0072.jpg 1 31 10 50 72
0665_0110_0025_0045_0065.jpg 1 110 25 45 65
0666_0071_0006_0042_0060.jpg 1 71 6 42 60
0667_0125_0011_0046_0067.jpg 1 125 11 46 67
0668_0066_0041_0041_0059.jpg 1 66 41 41 59
0669_0054_0030_0038_0055.jpg 1 54 30 38 55
0670_0095_0014_0046_0066.jpg 1 95 14 46 66
0671_0060_0023_0045_0064.jpg 1 60 23 45 64
0672_0032_0017_0049_0070.jpg 1 32 17 49 70
0673_0070_0006_0041_0058.jpg 1 70 6 41 58
0674_0068_0019_0037_0053.jpg 1 68 19 37 53
0675_0024_0003_0051_0073.jpg 1 24 3 51 73
0676_0103_0032_0046_0066.jpg 1 103 32 46 66
0677_0033_0020_0036_0052.jpg 1 33 20 36 52
0678_0039_0034_0048_0068.jpg 1 39 34 48 68
0679_0096_0017_0049_0070.jpg 1 96 17 49 70
0680_0115_0016_0051_0073.jpg 1 115 16 51 73
0681_0132_0025_0045_0065.jpg 1 132 25 45 65
0682_0041_0025_0036_0052.jpg 1 41 25 36 52
0683_0035_0033_0036_0051.jpg 1 35 33 36 51
0684_0066_0028_0038_0054.jpg 1 66 28 38 54
0685_0061_0021_0036_0052.jpg 1 61 21 36 52
0686_0043_0028_0043_0062.jpg 1 43 28 43 62
0687_0076_0030_0052_0074.jpg 1 76 30 52 74
0688_0070_0035_0047_0068.jpg 1 70 35 47 68
0689_0026_0040_0037_0053.jpg 1 26 40 37 53
0690_0027_0009_0037_0052.jpg 1 27 9 37 52
0691_0075_0020_0045_0064.jpg 1 75 20 45 64
0692_0088_0030_0050_0072.jpg 1 88 30 50 72
0693_0043_0030_0044_0063.jpg 1 43 30 44 63
0694_0125_0012_0051_0073.jpg 1 125 12 51 73
0695_0103_0014_0048_0069.jpg 1 103 14 48 69
0696_0115_0031_0041_0059.jpg 1 115 31 41 59
0697_0052_0027_0052_0074.jpg 1 52 27 52 74
0698_0038_0014_0046_0066.jpg 1 38 14 46 66
0699_0118_0024_0038_0054.jpg 1 118 24 38 54
0700_0132_0011_0042_0060.jpg 1 132 11 42 60
0701_0104_0012_0052_0074.jpg 1 104 12 52 74
0702_0101_0012_0047_0068.jpg 1 101 12 47 68
0703_0040_0008_0045_0065.jpg 1 40 8 45 65
0704_0024_0020_0048_0068.jpg 1 24 20 48 68
0705_0033_0007_0051_0073.jpg 1 33 7 51 73
0706_0050_0006_0044_0064.jpg 1 50 6 44 64
0707_0053_0014_0038_0055.jpg 1 53 14 38 55
0708_0034_0019_0043_0062.jpg 1 34 19 43 62
0709_0072_0010_0047_0067.jpg 1 72 10 47 67
0710_0056_0035_0044_0063.jpg 1 56 35 44 63
0711_0090_0022_0042_0060.jpg 1 90 22 42 60
0712_0048_0023_0046_0066.jpg 1 48 23 46 66
0713_0074_0011_0046_0066.jpg 1 74 11 46 66
0714_0127_0010_0048_0068.jpg 1 127 10 48 68
0715_0030_0030_0049_0070.jpg 1 30 30 49 70
0716_0066_0021_0049_0071.jpg 1 66 21 49 71
0717_0127_0029_0035_0050.jpg 1 127 29 35 50
0718_0023_0017_0042_0061.jpg 1 23 17 42 61
0719_0018_0030_0052_0074.jpg 1 18 30 52 74
0720_0130_0013_0045_0064.jpg 1 130 13 45 64
0721_0087_0015_0039_0055.jpg 1 87 15 39 55
0722_0105_0028_0044_0063.jpg 1 105 28 44 63
0723_0121_0014_0051_0074.jpg 1 121 14 51 74
0724_0075_0031_0040_0057.jpg 1 75 31 40 57
0725_0099_0033_0035_0051.jpg 1 99 33 35 51
0726_0039_0032_0038_0054.jpg 1 39 32 38 54
0727_0075_0022_0044_0063.jpg 1 75 22 44 63
0728_0039_0016_0048_0069.jpg 1 39 16 48 69
0729_0028_0032_0038_0054.jpg 1 28 32 38 54
0730_0056_0019_0042_0061.jpg 1 56 19 42 61
0731_0063_0030_0047_0068.jpg 1 63 30 47 68
0732_0125_0033_0045_0064.jpg 1 125 33 45 64
0733_0045_0008_0037_0053.jpg 1 45 8 37 53
0734_0093_0004_0050_0072.jpg 1 93 4 50 72
0735_0090_0041_0035_0051.jpg 1 90 41 35 51
0736_0028_0021_0050_0072.jpg 1 28 21 50 72
0737_0112_0017_0044_0063.jpg 1 112 17 44 63
0738_0059_0014_0050_0072.jpg 1 59 14 50 72
0739_0070_0013_0044_0064.jpg 1 70 13 44 64
0740_0059_0012_0041_0059.jpg 1 59 12 41 59
0741_0124_0033_0048_0069.jpg 1 124 33 48 69
0742_0026_0020_0043_0062.jpg 1 26 20 43 62
0743_0078_0026_0047_0067.jpg 1 78 26 47 67
0744_0020_0007_0042_0060.jpg 1 20 7 42 60
0745_0049_0015_0044_0063.jpg 1 49 15 44 63
0746_0113_0037_0039_0056.jpg 1 113 37 39 56
0747_0034_0005_0047_0068.jpg 1 34 5 47 68
0748_0117_0016_0040_0058.jpg 1 117 16 40 58
0749_0102_0028_0050_0071.jpg 1 102 28 50 71
0750_0133_0031_0038_0055.jpg 1 133 31 38 55
0751_0114_0015_0040_0058.jpg 1 114 15 40 58
0752_0044_0027_0035_0050.jpg 1 44 27 35 50
0753_0030_0009_0047_0068.jpg 1 30 9 47 68
0754_0102_0012_0038_0054.jpg 1 102 12 38 54
0755_0041_0013_0040_0058.jpg 1 41 13 40 58
0756_0057_0032_0039_0056.jpg 1 57 32 39 56
0757_0126_0004_0051_0072.jpg 1 126 4 51 72
0758_0064_0010_0039_0056.jpg 1 64 10 39 56
0759_0031_0013_0051_0073.jpg 1 31 13 51 73
0760_0096_0033_0048_0069.jpg 1 96 33 48 69
0761_0044_0023_0046_0066.jpg 1 44 23 46 66
0762_0084_0031_0035_0051.jpg 1 84 31 35 51
0763_0044_0029_0046_0066.jpg 1 44 29 46 66
0764_0037_0031_0042_0061.jpg 1 37 31 42 61
0765_0035_0023_0045_0065.jpg 1 35 23 45 65
0766_0103_0020_0052_0075.jpg 1 103 20 52 75
0767_0089_0027_0051_0073.jpg 1 89 27 51 73
0768_0029_0039_0043_0062.jpg 1 29 39 43 62
0769_0022_0038_0045_0065.jpg 1 22 38 45 65
0770_0095_0032_0045_0064.jpg 1 95 32 45 64
0771_0047_0025_0048_0069.jpg 1 47 25 48 69
0772_0112_0008_0038_0055.jpg 1 112 8 38 55
0773_0017_0032_0044_0063.jpg 1 17 32 44 63
0774_0022_0032_0039_0056.jpg 1 22 32 39 56
0775_0020_0027_0043_0062.jpg 1 20 27 43 62
0776_0052_0031_0041_0058.jpg 1 52 31 41 58
0777_0027_0006_0048_0068.jpg 1 27 6 48 68
0778_0090_0007_0041_0058.jpg 1 90 7 41 58
0779_0023_0020_0048_0069.jpg 1 23 20 48 69
0780_0065_0018_0052_0074.jpg 1 65 18 52 74
0781_0118_0017_0040_0058.jpg 1 118 17 40 58
0782_0095_0037_0040_0058.jpg 1 95 37 40 58
0783_0022_0028_0043_0061.jpg 1 22 28 43 61
0784_0066_0020_0047_0067.jpg 1 66 20 47 67
0785_0079_0022_0051_0074.jpg 1 79 22 51 74
0786_0093_0027_0051_0073.jpg 1 93 27 51 73
0787_0026_0011_0035_0050.jpg 1 26 11 35 50
0788_0068_0006_0051_0073.jpg 1 68 6 51 73
0789_0125_0018_0040_0057.jpg 1 125 18 40 57
0790_0087_0022_0043_0061.jpg 1 87 22 43 61
0791_0090_0025_0050_0071.jpg 1 90 25 50 71
0792_0109_0014_0039_0056.jpg 1 109 14 39 56
0793_0111_0044_0039_0055.jpg 1 111 44 39 55
0794_0107_0033_0047_0067.jpg 1 107 33 47 67
0795_0082_0017_0043_0061.jpg 1 82 17 43 61
0796_0110_0020_0052_0074.jpg 1 110 20 52 74
0797_0037_0020_0046_0066.jpg 1 37 20 46 66
0798_0122_0044_0035_0050.jpg 1 122 44 35 50
0799_0034_0017_0052_0074.jpg 1 34 17 52 74
0800_0073_0026_0042_0060.jpg 1 73 26 42 60
0801_0023_0023_0038_0054.jpg 1 23 23 38 54
0802_0083_0016_0045_0065.jpg 1 83 16 45 65
0803_0032_0025_0048_0069.jpg 1 32 25 48 69
0804_0045_0033_0045_0065.jpg 1 45 33 45 65
0805_0093_0013_0052_0075.jpg 1 93 13 52 75
0806_0042_0025_0046_0066.jpg 1 42 25 46 66
0807_0082_0006_0048_0069.jpg 1 82 6 48 69
0808_0128_0015_0040_0057.jpg 1 128 15 40 57
0809_0035_0035_0047_0068.jpg 1 35 35 47 68
0810_0038_0022_0043_0062.jpg 1 38 22 43 62
0811_0029_0007_0046_0066.jpg 1 29 7 46 66
0812_0089_0025_0043_0062.jpg 1 89 25 43 62
0813_0029_0024_0042_0060.jpg 1 29 24 42 60
