0001_0025_0007_0050_0072.jpg 1 25 7 50 72
0002_0063_0034_0040_0057.jpg 1 63 34 40 57
0003_0017_0026_0036_0051.jpg 1 17 26 36 51
0004_0034_0025_0038_0054.jpg 1 34 25 38 54
0005_0092_0026_0044_0063.jpg 1 92 26 44 63
0006_0022_0008_0050_0071.jpg 1 22 8 50 71
0007_0070_0016_0036_0052.jpg 1 70 16 36 52
0008_0074_0027_0040_0057.jpg 1 74 27 40 57
0009_0117_0016_0036_0052.jpg 1 117 16 36 52
0010_0105_0015_0039_0056.jpg 1 105 15 39 56
0011_0105_0012_0048_0068.jpg 1 105 12 48 68
0012_0042_0018_0035_0050.jpg 1 42 18 35 50
0013_0035_0033_0049_0070.jpg 1 35 33 49 70
0014_0114_0029_0044_0064.jpg 1 114 29 44 64
0015_0075_0011_0052_0075.jpg 1 75 11 52 75
0016_0058_0021_0039_0055.jpg 1 58 21 39 55
0017_0107_0024_0049_0070.jpg 1 107 24 49 70
0018_0027_0013_0050_0071.jpg 1 27 13 50 71
0019_0104_0027_0047_0067.jpg 1 104 27 47 67
0020_0130_0023_0040_0058.jpg 1 130 23 40 58
0021_0031_0029_0046_0065.jpg 1 31 29 46 65
0022_0084_0011_0046_0066.jpg 1 84 11 46 66
0023_0083_0005_0050_0071.jpg 1 83 5 50 71
0024_0036_0020_0048_0069.jpg 1 36 20 48 69
0025_0056_0011_0042_0061.jpg 1 56 11 42 61
0026_0111_0022_0038_0054.jpg 1 111 22 38 54
0027_0077_0033_0036_0052.jpg 1 77 33 36 52
0028_0029_0009_0048_0069.jpg 1 29 9 48 69
0029_0108_0013_0045_0064.jpg 1 108 13 45 64
0030_0121_0024_0049_0070.jpg 1 121 24 49 70
0031_0116_0044_0037_0053.jpg 1 116 44 37 53
0032_0050_0010_0048_0068.jpg 1 50 10 48 68
0033_0116_0018_0043_0061.jpg 1 116 18 43 61
0034_0062_0031_0049_0070.jpg 1 62 31 49 70
0035_0073_0041_0038_0055.jpg 1 73 41 38 55
0036_0027_0021_0047_0068.jpg 1 27 21 47 68
0037_0064_0034_0043_0061.jpg 1 64 34 43 61
0038_0028_0033_0045_0065.jpg 1 28 33 45 65
0039_0018_0050_0036_0052.jpg 1 18 50 36 52
0040_0081_0015_0051_0073.jpg 1 81 15 51 73
0041_0038_0019_0050_0071.jpg 1 38 19 50 71
0042_0030_0043_0036_0052.jpg 1 30 43 36 52
0043_0089_0023_0035_0051.jpg 1 89 23 35 51
0044_0025_0014_0050_0071.jpg 1 25 14 50 71
0045_0017_0026_0042_0060.jpg 1 17 26 42 60
0046_0140_0035_0036_0052.jpg 1 140 35 36 52
0047_0086_0048_0038_0054.jpg 1 86 48 38 54
0048_0062_0012_0046_0066.jpg 1 62 12 46 66
0049_0062_0026_0051_0073.jpg 1 62 26 51 73
0050_0041_0012_0047_0068.jpg 1 41 12 47 68
0051_0018_0027_0049_0070.jpg 1 18 27 49 70
0052_0117_0043_0041_0058.jpg 1 117 43 41 58
0053_0015_0030_0046_0066.jpg 1 15 30 46 66
0054_0077_0029_0035_0051.jpg 1 77 29 35 51
0055_0115_0022_0045_0065.jpg 1 115 22 45 65
0056_0115_0037_0042_0060.jpg 1 115 37 42 60
0057_0128_0038_0043_0062.jpg 1 128 38 43 62
0058_0031_0011_0050_0072.jpg 1 31 11 50 72
0059_0135_0037_0041_0058.jpg 1 135 37 41 58
0060_0030_0035_0039_0055.jpg 1 30 35 39 55
0061_0014_0019_0046_0066.jpg 1 14 19 46 66
0062_0105_0021_0044_0064.jpg 1 105 21 44 64
0063_0031_0026_0049_0070.jpg 1 31 26 49 70
0064_0075_0007_0035_0050.jpg 1 75 7 35 50
0065_0070_0025_0037_0053.jpg 1 70 25 37 53
0066_0076_0008_0048_0068.jpg 1 76 8 48 68
0067_0068_0032_0043_0062.jpg 1 68 32 43 62
0068_0072_0008_0040_0057.jpg 1 72 8 40 57
0069_0079_0031_0045_0064.jpg 1 79 31 45 64
0070_0121_0032_0036_0052.jpg 1 121 32 36 52
0071_0043_0011_0040_0057.jpg 1 43 11 40 57
0072_0124_0041_0037_0053.jpg 1 124 41 37 53
0073_0099_0019_0048_0068.jpg 1 99 19 48 68
0074_0030_0026_0044_0064.jpg 1 30 26 44 64
0075_0073_0014_0038_0054.jpg 1 73 14 38 54
0076_0105_0038_0039_0056.jpg 1 105 38 39 56
0077_0097_0004_0048_0069.jpg 1 97 4 48 69
0078_0072_0015_0047_0067.jpg 1 72 15 47 67
0079_0081_0033_0042_0060.jpg 1 81 33 42 60
0080_0064_0012_0042_0060.jpg 1 64 12 42 60
0081_0116_0029_0048_0069.jpg 1 116 29 48 69
0082_0094_0011_0037_0054.jpg 1 94 11 37 54
0083_0050_0021_0049_0070.jpg 1 50 21 49 70
0084_0015_0028_0049_0070.jpg 1 15 28 49 70
0085_0078_0012_0047_0067.jpg 1 78 12 47 67
0086_0034_0028_0051_0072.jpg 1 34 28 51 72
0087_0121_0015_0042_0061.jpg 1 121 15 42 61
0088_0124_0004_0048_0069.jpg 1 124 4 48 69
0089_0030_0041_0041_0059.jpg 1 30 41 41 59
0090_0135_0013_0035_0051.jpg 1 135 13 35 51
0091_0117_0022_0048_0069.jpg 1 117 22 48 69
0092_0042_0026_0050_0071.jpg 1 42 26 50 71
0093_0040_0036_0040_0057.jpg 1 40 36 40 57
0094_0072_0037_0038_0055.jpg 1 72 37 38 55
0095_0066_0020_0052_0074.jpg 1 66 20 52 74
0096_0104_0018_0050_0072.jpg 1 104 18 50 72
0097_0112_0027_0052_0075.jpg 1 112 27 52 75
0098_0067_0029_0052_0075.jpg 1 67 29 52 75
0099_0064_0005_0047_0067.jpg 1 64 5 47 67
0100_0068_0016_0050_0071.jpg 1 68 16 50 71
0101_0083_0016_0051_0073.jpg 1 83 16 51 73
0102_0042_0009_0047_0068.jpg 1 42 9 47 68
0103_0120_0009_0040_0058.jpg 1 120 9 40 58
0104_0070_0013_0044_0063.jpg 1 70 13 44 63
0105_0034_0003_0051_0073.jpg 1 34 3 51 73
0106_0046_0043_0041_0059.jpg 1 46 43 41 59
0107_0034_0026_0048_0069.jpg 1 34 26 48 69
0108_0128_0016_0044_0063.jpg 1 128 16 44 63
0109_0115_0019_0046_0066.jpg 1 115 19 46 66
0110_0087_0013_0051_0073.jpg 1 87 13 51 73
0111_0058_0017_0040_0058.jpg 1 58 17 40 58
0112_0113_0014_0040_0057.jpg 1 113 14 40 57
0113_0110_0027_0044_0063.jpg 1 110 27 44 63
0114_0031_0028_0052_0074.jpg 1 31 28 52 74
0115_0085_0019_0050_0072.jpg 1 85 19 50 72
0116_0110_0029_0048_0069.jpg 1 110 29 48 69
0117_0091_0037_0038_0055.jpg 1 91 37 38 55
0118_0055_0031_0048_0068.jpg 1 55 31 48 68
0119_0070_0017_0050_0071.jpg 1 70 17 50 71
0120_0104_0016_0041_0059.jpg 1 104 16 41 59
0121_0123_0007_0051_0072.jpg 1 123 7 51 72
0122_0041_0021_0052_0075.jpg 1 41 21 52 75
0123_0119_0014_0049_0070.jpg 1 119 14 49 70
0124_0117_0034_0046_0067.jpg 1 117 34 46 67
0125_0103_0020_0037_0053.jpg 1 103 20 37 53
0126_0119_0028_0043_0061.jpg 1 119 28 43 61
0127_0041_0027_0037_0053.jpg 1 41 27 37 53
0128_0066_0052_0035_0050.jpg 1 66 52 35 50
0129_0060_0028_0050_0072.jpg 1 60 28 50 72
0130_0078_0010_0035_0050.jpg 1 78 10 35 50
0131_0093_0045_0036_0052.jpg 1 93 45 36 52
0132_0100_0010_0040_0057.jpg 1 100 10 40 57
0133_0025_0012_0044_0063.jpg 1 25 12 44 63
0134_0068_0005_0047_0067.jpg 1 68 5 47 67
0135_0072_0023_0038_0054.jpg 1 72 23 38 54
0136_0083_0019_0049_0070.jpg 1 83 19 49 70
0137_0129_0032_0035_0051.jpg 1 129 32 35 51
0138_0110_0006_0050_0072.jpg 1 110 6 50 72
0139_0093_0008_0049_0070.jpg 1 93 8 49 70
0140_0025_0006_0044_0062.jpg 1 25 6 44 62
0141_0047_0020_0050_0072.jpg 1 47 20 50 72
0142_0121_0017_0040_0057.jpg 1 121 17 40 57
0143_0020_0036_0045_0064.jpg 1 20 36 45 64
0144_0040_0020_0039_0057.jpg 1 40 20 39 57
0145_0078_0020_0038_0055.jpg 1 78 20 38 55
0146_0051_0032_0047_0067.jpg 1 51 32 47 67
0147_0119_0009_0049_0070.jpg 1 119 9 49 70
0148_0103_0021_0041_0059.jpg 1 103 21 41 59
0149_0135_0021_0039_0056.jpg 1 135 21 39 56
0150_0025_0034_0047_0067.jpg 1 25 34 47 67
0151_0071_0025_0036_0052.jpg 1 71 25 36 52
0152_0101_0037_0043_0061.jpg 1 101 37 43 61
0153_0071_0008_0044_0064.jpg 1 71 8 44 64
0154_0121_0007_0049_0071.jpg 1 121 7 49 71
0155_0053_0021_0037_0053.jpg 1 53 21 37 53
0156_0085_0020_0041_0058.jpg 1 85 20 41 58
0157_0036_0016_0036_0052.jpg 1 36 16 36 52
0158_0080_0031_0050_0072.jpg 1 80 31 50 72
0159_0078_0046_0036_0052.jpg 1 78 46 36 52
0160_0064_0019_0050_0071.jpg 1 64 19 50 71
0161_0107_0019_0042_0060.jpg 1 107 19 42 60
0162_0023_0009_0046_0067.jpg 1 23 9 46 67
0163_0096_0015_0050_0071.jpg 1 96 15 50 71
0164_0046_0020_0051_0073.jpg 1 46 20 51 73
0165_0074_0015_0048_0068.jpg 1 74 15 48 68
0166_0110_0021_0036_0052.jpg 1 110 21 36 52
0167_0122_0039_0036_0052.jpg 1 122 39 36 52
0168_0040_0036_0043_0062.jpg 1 40 36 43 62
0169_0041_0034_0038_0055.jpg 1 41 34 38 55
0170_0066_0005_0042_0060.jpg 1 66 5 42 60
0171_0093_0023_0043_0062.jpg 1 93 23 43 62
0172_0022_0023_0047_0067.jpg 1 22 23 47 67
0173_0130_0020_0037_0054.jpg 1 130 20 37 54
0174_0067_0045_0039_0055.jpg 1 67 45 39 55
0175_0015_0023_0048_0069.jpg 1 15 23 48 69
0176_0088_0019_0052_0074.jpg 1 88 19 52 74
0177_0074_0025_0048_0069.jpg 1 74 25 48 69
0178_0119_0025_0043_0061.jpg 1 119 25 43 61
0179_0103_0020_0043_0061.jpg 1 103 20 43 61
0180_0065_0016_0050_0072.jpg 1 65 16 50 72
0181_0119_0013_0043_0062.jpg 1 119 13 43 62
0182_0103_0008_0051_0073.jpg 1 103 8 51 73
0183_0026_0048_0037_0053.jpg 1 26 48 37 53
0184_0110_0020_0035_0050.jpg 1 110 20 35 50
0185_0020_0039_0041_0059.jpg 1 20 39 41 59
0186_0054_0016_0052_0075.jpg 1 54 16 52 75
0187_0024_0041_0036_0052.jpg 1 24 41 36 52
0188_0126_0042_0043_0061.jpg 1 126 42 43 61
0189_0081_0005_0049_0070.jpg 1 81 5 49 70
0190_0133_0045_0037_0053.jpg 1 133 45 37 53
0191_0119_0035_0046_0066.jpg 1 119 35 46 66
0192_0070_0025_0051_0073.jpg 1 70 25 51 73
0193_0050_0008_0036_0052.jpg 1 50 8 36 52
0194_0042_0030_0051_0073.jpg 1 42 30 51 73
0195_0093_0011_0043_0062.jpg 1 93 11 43 62
0196_0034_0013_0051_0073.jpg 1 34 13 51 73
0197_0106_0041_0043_0061.jpg 1 106 41 43 61
0198_0081_0011_0043_0061.jpg 1 81 11 43 61
0199_0099_0047_0038_0054.jpg 1 99 47 38 54
0200_0103_0016_0044_0063.jpg 1 103 16 44 63
0201_0052_0005_0040_0058.jpg 1 52 5 40 58
0202_0083_0024_0048_0068.jpg 1 83 24 48 68
0203_0014_0021_0051_0073.jpg 1 14 21 51 73
0204_0063_0029_0038_0055.jpg 1 63 29 38 55
0205_0067_0004_0050_0072.jpg 1 67 4 50 72
0206_0114_0032_0045_0064.jpg 1 114 32 45 64
0207_0047_0018_0036_0051.jpg 1 47 18 36 51
0208_0075_0034_0045_0064.jpg 1 75 34 45 64
0209_0059_0024_0043_0061.jpg 1 59 24 43 61
0210_0106_0029_0047_0067.jpg 1 106 29 47 67
0211_0039_0026_0041_0059.jpg 1 39 26 41 59
0212_0104_0008_0044_0063.jpg 1 104 8 44 63
0213_0025_0022_0046_0066.jpg 1 25 22 46 66
0214_0053_0008_0039_0056.jpg 1 53 8 39 56
0215_0085_0010_0040_0058.jpg 1 85 10 40 58
0216_0093_0018_0044_0063.jpg 1 93 18 44 63
0217_0101_0019_0051_0072.jpg 1 101 19 51 72
0218_0065_0017_0051_0073.jpg 1 65 17 51 73
0219_0126_0008_0045_0064.jpg 1 126 8 45 64
0220_0104_0033_0041_0059.jpg 1 104 33 41 59
0221_0059_0005_0048_0068.jpg 1 59 5 48 68
0222_0073_0020_0052_0075.jpg 1 73 20 52 75
0223_0133_0013_0039_0056.jpg 1 133 13 39 56
0224_0106_0027_0052_0074.jpg 1 106 27 52 74
0225_0106_0021_0050_0072.jpg 1 106 21 50 72
0226_0090_0033_0048_0068.jpg 1 90 33 48 68
0227_0082_0015_0051_0073.jpg 1 82 15 51 73
0228_0094_0031_0038_0055.jpg 1 94 31 38 55
0229_0125_0034_0047_0067.jpg 1 125 34 47 67
0230_0132_0035_0038_0055.jpg 1 132 35 38 55
0231_0078_0006_0050_0071.jpg 1 78 6 50 71
0232_0051_0022_0036_0052.jpg 1 51 22 36 52
0233_0051_0012_0051_0074.jpg 1 51 12 51 74
0234_0049_0009_0044_0063.jpg 1 49 9 44 63
0235_0101_0006_0046_0067.jpg 1 101 6 46 67
0236_0054_0009_0038_0055.jpg 1 54 9 38 55
0237_0089_0044_0040_0058.jpg 1 89 44 40 58
0238_0083_0036_0044_0063.jpg 1 83 36 44 63
0239_0060_0007_0035_0050.jpg 1 60 7 35 50
0240_0043_0033_0035_0050.jpg 1 43 33 35 50
0241_0059_0026_0051_0073.jpg 1 59 26 51 73
0242_0093_0020_0040_0057.jpg 1 93 20 40 57
0243_0057_0020_0049_0070.jpg 1 57 20 49 70
0244_0101_0028_0046_0066.jpg 1 101 28 46 66
0245_0050_0012_0035_0050.jpg 1 50 12 35 50
0246_0077_0014_0044_0063.jpg 1 77 14 44 63
0247_0075_0035_0046_0066.jpg 1 75 35 46 66
0248_0026_0010_0039_0056.jpg 1 26 10 39 56
0249_0073_0034_0043_0061.jpg 1 73 34 43 61
0250_0084_0014_0045_0064.jpg 1 84 14 45 64
0251_0033_0020_0050_0072.jpg 1 33 20 50 72
0252_0103_0006_0049_0070.jpg 1 103 6 49 70
0253_0026_0029_0035_0050.jpg 1 26 29 35 50
0254_0087_0028_0044_0062.jpg 1 87 28 44 62
0255_0048_0025_0047_0068.jpg 1 48 25 47 68
0256_0101_0024_0039_0056.jpg 1 101 24 39 56
0257_0032_0028_0045_0064.jpg 1 32 28 45 64
0258_0066_0010_0040_0057.jpg 1 66 10 40 57
0259_0063_0047_0035_0050.jpg 1 63 47 35 50
0260_0017_0036_0041_0059.jpg 1 17 36 41 59
0261_0121_0015_0043_0062.jpg 1 121 15 43 62
0262_0016_0033_0037_0054.jpg 1 16 33 37 54
0263_0029_0021_0050_0072.jpg 1 29 21 50 72
0264_0126_0039_0045_0064.jpg 1 126 39 45 64
0265_0123_0008_0050_0072.jpg 1 123 8 50 72
0266_0081_0017_0035_0051.jpg 1 81 17 35 51
0267_0049_0022_0051_0073.jpg 1 49 22 51 73
0268_0106_0012_0052_0074.jpg 1 106 12 52 74
0269_0037_0012_0038_0054.jpg 1 37 12 38 54
0270_0027_0016_0046_0066.jpg 1 27 16 46 66
0271_0068_0024_0050_0072.jpg 1 68 24 50 72
0272_0095_0024_0049_0070.jpg 1 95 24 49 70
0273_0111_0030_0041_0058.jpg 1 111 30 41 58
0274_0117_0030_0040_0058.jpg 1 117 30 40 58
0275_0037_0009_0047_0067.jpg 1 37 9 47 67
0276_0020_0007_0051_0073.jpg 1 20 7 51 73
0277_0086_0020_0048_0069.jpg 1 86 20 48 69
0278_0052_0005_0042_0061.jpg 1 52 5 42 61
0279_0024_0007_0036_0052.jpg 1 24 7 36 52
0280_0078_0041_0043_0061.jpg 1 78 41 43 61
0281_0081_0043_0041_0059.jpg 1 81 43 41 59
0282_0065_0027_0048_0069.jpg 1 65 27 48 69
0283_0043_0007_0052_0075.jpg 1 43 7 52 75
0284_0118_0031_0037_0054.jpg 1 118 31 37 54
0285_0133_0036_0037_0054.jpg 1 133 36 37 54
0286_0100_0014_0052_0074.jpg 1 100 14 52 74
0287_0135_0049_0037_0053.jpg 1 135 49 37 53
0288_0126_0004_0048_0069.jpg 1 126 4 48 69
0289_0098_0035_0043_0062.jpg 1 98 35 43 62
0290_0118_0004_0048_0069.jpg 1 118 4 48 69
0291_0105_0012_0044_0062.jpg 1 105 12 44 62
0292_0033_0023_0049_0070.jpg 1 33 23 49 70
0293_0098_0034_0043_0061.jpg 1 98 34 43 61
0294_0111_0021_0042_0061.jpg 1 111 21 42 61
0295_0078_0038_0045_0064.jpg 1 78 38 45 64
0296_0064_0020_0049_0071.jpg 1 64 20 49 71
0297_0030_0007_0041_0059.jpg 1 30 7 41 59
0298_0069_0010_0042_0060.jpg 1 69 10 42 60
0299_0020_0015_0048_0068.jpg 1 20 15 48 68
0300_0055_0023_0039_0055.jpg 1 55 23 39 55
0301_0108_0014_0051_0073.jpg 1 108 14 51 73
0302_0110_0014_0038_0054.jpg 1 110 14 38 54
0303_0109_0048_0035_0050.jpg 1 109 48 35 50
0304_0122_0029_0046_0066.jpg 1 122 29 46 66
0305_0022_0009_0044_0062.jpg 1 22 9 44 62
0306_0105_0006_0046_0066.jpg 1 105 6 46 66
0307_0073_0021_0052_0075.jpg 1 73 21 52 75
0308_0119_0012_0048_0068.jpg 1 119 12 48 68
0309_0050_0048_0037_0053.jpg 1 50 48 37 53
0310_0074_0041_0037_0053.jpg 1 74 41 37 53
0311_0076_0017_0050_0072.jpg 1 76 17 50 72
0312_0025_0035_0039_0056.jpg 1 25 35 39 56
0313_0049_0008_0040_0058.jpg 1 49 8 40 58
0314_0038_0028_0043_0062.jpg 1 38 28 43 62
0315_0111_0030_0042_0060.jpg 1 111 30 42 60
0316_0084_0039_0043_0062.jpg 1 84 39 43 62
0317_0052_0022_0043_0061.jpg 1 52 22 43 61
0318_0127_0038_0044_0063.jpg 1 127 38 44 63
0319_0040_0029_0042_0060.jpg 1 40 29 42 60
0320_0058_0037_0038_0054.jpg 1 58 37 38 54
0321_0025_0008_0038_0054.jpg 1 25 8 38 54
0322_0048_0046_0039_0056.jpg 1 48 46 39 56
0323_0036_0040_0042_0060.jpg 1 36 40 42 60
0324_0118_0014_0051_0072.jpg 1 118 14 51 72
0325_0120_0019_0037_0053.jpg 1 120 19 37 53
0326_0107_0022_0052_0075.jpg 1 107 22 52 75
0327_0038_0022_0046_0066.jpg 1 38 22 46 66
0328_0110_0026_0047_0068.jpg 1 110 26 47 68
0329_0042_0040_0041_0059.jpg 1 42 40 41 59
0330_0127_0014_0044_0064.jpg 1 127 14 44 64
0331_0126_0018_0037_0054.jpg 1 126 18 37 54
0332_0063_0005_0044_0063.jpg 1 63 5 44 63
0333_0098_0032_0041_0058.jpg 1 98 32 41 58
0334_0015_0028_0045_0064.jpg 1 15 28 45 64
0335_0083_0018_0050_0071.jpg 1 83 18 50 71
0336_0086_0030_0037_0053.jpg 1 86 30 37 53
0337_0119_0039_0042_0060.jpg 1 119 39 42 60
0338_0116_0006_0049_0071.jpg 1 116 6 49 71
0339_0054_0031_0041_0059.jpg 1 54 31 41 59
0340_0129_0024_0035_0051.jpg 1 129 24 35 51
0341_0054_0051_0035_0050.jpg 1 54 51 35 50
0342_0126_0013_0038_0054.jpg 1 126 13 38 54
0343_0017_0020_0049_0070.jpg 1 17 20 49 70
0344_0016_0022_0043_0061.jpg 1 16 22 43 61
0345_0125_0014_0052_0075.jpg 1 125 14 52 75
0346_0074_0008_0045_0065.jpg 1 74 8 45 65
0347_0113_0003_0052_0075.jpg 1 113 3 52 75
0348_0039_0011_0041_0059.jpg 1 39 11 41 59
0349_0132_0047_0035_0051.jpg 1 132 47 35 51
0350_0096_0026_0038_0054.jpg 1 96 26 38 54
0351_0123_0018_0046_0066.jpg 1 123 18 46 66
0352_0114_0032_0040_0058.jpg 1 114 32 40 58
0353_0056_0015_0050_0072.jpg 1 56 15 50 72
0354_0017_0029_0038_0054.jpg 1 17 29 38 54
0355_0014_0027_0047_0068.jpg 1 14 27 47 68
0356_0113_0012_0045_0064.jpg 1 113 12 45 64
0357_0121_0034_0040_0057.jpg 1 121 34 40 57
0358_0081_0028_0045_0065.jpg 1 81 28 45 65
0359_0051_0008_0040_0057.jpg 1 51 8 40 57
0360_0100_0010_0049_0070.jpg 1 100 10 49 70
0361_0018_0025_0051_0073.jpg 1 18 25 51 73
0362_0068_0022_0042_0061.jpg 1 68 22 42 61
0363_0078_0020_0038_0054.jpg 1 78 20 38 54
0364_0018_0014_0048_0068.jpg 1 18 14 48 68
0365_0055_0042_0038_0054.jpg 1 55 42 38 54
0366_0059_0036_0043_0062.jpg 1 59 36 43 62
0367_0033_0032_0037_0053.jpg 1 33 32 37 53
0368_0044_0021_0050_0072.jpg 1 44 21 50 72
0369_0057_0022_0036_0051.jpg 1 57 22 36 51
0370_0073_0014_0045_0065.jpg 1 73 14 45 65
0371_0121_0022_0038_0055.jpg 1 121 22 38 55
0372_0042_0007_0048_0068.jpg 1 42 7 48 68
0373_0130_0042_0041_0059.jpg 1 130 42 41 59
0374_0025_0022_0041_0059.jpg 1 25 22 41 59
0375_0112_0023_0036_0051.jpg 1 112 23 36 51
0376_0111_0009_0051_0073.jpg 1 111 9 51 73
0377_0119_0007_0048_0069.jpg 1 119 7 48 69
0378_0016_0023_0044_0063.jpg 1 16 23 44 63
0379_0056_0038_0042_0060.jpg 1 56 38 42 60
0380_0053_0024_0037_0053.jpg 1 53 24 37 53
0381_0118_0032_0040_0058.jpg 1 118 32 40 58
0382_0099_0026_0040_0057.jpg 1 99 26 40 57
0383_0022_0018_0045_0064.jpg 1 22 18 45 64
0384_0038_0035_0036_0052.jpg 1 38 35 36 52
0385_0021_0011_0050_0072.jpg 1 21 11 50 72
0386_0133_0009_0035_0050.jpg 1 133 9 35 50
0387_0063_0009_0047_0067.jpg 1 63 9 47 67
0388_0107_0037_0044_0064.jpg 1 107 37 44 64
0389_0114_0011_0050_0071.jpg 1 114 11 50 71
0390_0097_0026_0049_0071.jpg 1 97 26 49 71
0391_0041_0010_0045_0064.jpg 1 41 10 45 64
0392_0072_0030_0049_0070.jpg 1 72 30 49 70
0393_0119_0029_0051_0074.jpg 1 119 29 51 74
0394_0047_0033_0041_0059.jpg 1 47 33 41 59
0395_0029_0014_0052_0075.jpg 1 29 14 52 75
0396_0027_0015_0052_0074.jpg 1 27 15 52 74
0397_0103_0021_0048_0069.jpg 1 103 21 48 69
0398_0019_0033_0040_0057.jpg 1 19 33 40 57
0399_0075_0014_0039_0056.jpg 1 75 14 39 56
0400_0103_0032_0039_0055.jpg 1 103 32 39 55
0401_0057_0011_0051_0073.jpg 1 57 11 51 73
0402_0072_0038_0040_0058.jpg 1 72 38 40 58
0403_0025_0011_0047_0067.jpg 1 25 11 47 67
0404_0093_0034_0040_0058.jpg 1 93 34 40 58
0405_0048_0005_0047_0068.jpg 1 48 5 47 68
0406_0123_0015_0052_0075.jpg 1 123 15 52 75
0407_0029_0018_0050_0072.jpg 1 29 18 50 72
0408_0130_0024_0046_0066.jpg 1 130 24 46 66
0409_0051_0007_0035_0050.jpg 1 51 7 35 50
0410_0087_0033_0038_0054.jpg 1 87 33 38 54
0411_0103_0009_0036_0052.jpg 1 103 9 36 52
0412_0028_0024_0041_0059.jpg 1 28 24 41 59
0413_0061_0033_0044_0064.jpg 1 61 33 44 64
0414_0077_0028_0045_0065.jpg 1 77 28 45 65
0415_0024_0008_0041_0059.jpg 1 24 8 41 59
0416_0112_0022_0041_0059.jpg 1 112 22 41 59
0417_0124_0034_0047_0067.jpg 1 124 34 47 67
0418_0105_0017_0044_0064.jpg 1 105 17 44 64
0419_0072_0022_0041_0059.jpg 1 72 22 41 59
0420_0023_0025_0047_0067.jpg 1 23 25 47 67
0421_0015_0028_0049_0071.jpg 1 15 28 49 71
0422_0088_0032_0042_0061.jpg 1 88 32 42 61
0423_0034_0012_0044_0064.jpg 1 34 12 44 64
0424_0024_0015_0046_0067.jpg 1 24 15 46 67
0425_0126_0016_0046_0065.jpg 1 126 16 46 65
0426_0106_0034_0047_0068.jpg 1 106 34 47 68
0427_0112_0017_0036_0051.jpg 1 112 17 36 51
0428_0116_0027_0039_0056.jpg 1 116 27 39 56
0429_0106_0026_0037_0053.jpg 1 106 26 37 53
0430_0055_0012_0038_0054.jpg 1 55 12 38 54
0431_0122_0023_0052_0075.jpg 1 122 23 52 75
0432_0099_0012_0046_0067.jpg 1 99 12 46 67
0433_0104_0012_0048_0069.jpg 1 104 12 48 69
0434_0125_0030_0049_0071.jpg 1 125 30 49 71
0435_0067_0030_0047_0067.jpg 1 67 30 47 67
0436_0119_0028_0038_0054.jpg 1 119 28 38 54
0437_0091_0016_0052_0074.jpg 1 91 16 52 74
0438_0080_0009_0039_0055.jpg 1 80 9 39 55
0439_0106_0011_0040_0058.jpg 1 106 11 40 58
0440_0096_0023_0052_0075.jpg 1 96 23 52 75
0441_0128_0005_0042_0060.jpg 1 128 5 42 60
0442_0032_0020_0047_0067.jpg 1 32 20 47 67
0443_0040_0025_0048_0068.jpg 1 40 25 48 68
0444_0076_0020_0049_0070.jpg 1 76 20 49 70
0445_0061_0023_0037_0053.jpg 1 61 23 37 53
0446_0109_0020_0049_0071.jpg 1 109 20 49 71
0447_0103_0005_0047_0067.jpg 1 103 5 47 67
0448_0045_0043_0037_0054.jpg 1 45 43 37 54
0449_0054_0025_0052_0074.jpg 1 54 25 52 74
0450_0064_0041_0036_0052.jpg 1 64 41 36 52
0451_0088_0013_0044_0063.jpg 1 88 13 44 63
0452_0107_0011_0041_0058.jpg 1 107 11 41 58
0453_0022_0029_0036_0052.jpg 1 22 29 36 52
0454_0038_0029_0042_0061.jpg 1 38 29 42 61
0455_0078_0026_0044_0063.jpg 1 78 26 44 63
0456_0052_0031_0045_0065.jpg 1 52 31 45 65
0457_0090_0017_0038_0054.jpg 1 90 17 38 54
0458_0025_0032_0038_0055.jpg 1 25 32 38 55
0459_0054_0006_0052_0074.jpg 1 54 6 52 74
0460_0047_0007_0038_0055.jpg 1 47 7 38 55
0461_0119_0028_0035_0050.jpg 1 119 28 35 50
0462_0088_0015_0037_0054.jpg 1 88 15 37 54
0463_0062_0013_0048_0069.jpg 1 62 13 48 69
0464_0099_0006_0049_0070.jpg 1 99 6 49 70
0465_0118_0036_0043_0061.jpg 1 118 36 43 61
0466_0070_0021_0048_0068.jpg 1 70 21 48 68
0467_0085_0035_0044_0063.jpg 1 85 35 44 63
0468_0064_0010_0048_0069.jpg 1 64 10 48 69
0469_0116_0013_0043_0061.jpg 1 116 13 43 61
0470_0062_0044_0037_0053.jpg 1 62 44 37 53
0471_0074_0008_0049_0071.jpg 1 74 8 49 71
0472_0041_0028_0044_0064.jpg 1 41 28 44 64
0473_0096_0032_0050_0072.jpg 1 96 32 50 72
0474_0081_0009_0048_0069.jpg 1 81 9 48 69
0475_0095_0023_0044_0062.jpg 1 95 23 44 62
0476_0095_0039_0041_0059.jpg 1 95 39 41 59
0477_0120_0009_0036_0052.jpg 1 120 9 36 52
0478_0023_0016_0043_0061.jpg 1 23 16 43 61
0479_0102_0005_0045_0065.jpg 1 102 5 45 65
0480_0036_0015_0046_0066.jpg 1 36 15 46 66
0481_0060_0015_0045_0064.jpg 1 60 15 45 64
0482_0059_0033_0045_0064.jpg 1 59 33 45 64
0483_0034_0031_0051_0073.jpg 1 34 31 51 73
0484_0053_0004_0051_0073.jpg 1 53 4 51 73
0485_0064_0044_0040_0058.jpg 1 64 44 40 58
0486_0106_0007_0049_0070.jpg 1 106 7 49 70
0487_0100_0041_0041_0058.jpg 1 100 41 41 58
0488_0055_0023_0047_0067.jpg 1 55 23 47 67
0489_0086_0040_0043_0062.jpg 1 86 40 43 62
0490_0110_0011_0043_0062.jpg 1 110 11 43 62
0491_0093_0033_0046_0066.jpg 1 93 33 46 66
0492_0036_0009_0050_0071.jpg 1 36 9 50 71
0493_0057_0045_0035_0050.jpg 1 57 45 35 50
0494_0084_0039_0043_0061.jpg 1 84 39 43 61
0495_0094_0039_0037_0053.jpg 1 94 39 37 53
0496_0087_0011_0044_0063.jpg 1 87 11 44 63
0497_0048_0038_0042_0061.jpg 1 48 38 42 61
0498_0046_0032_0036_0052.jpg 1 46 32 36 52
0499_0089_0045_0036_0052.jpg 1 89 45 36 52
0500_0085_0014_0042_0060.jpg 1 85 14 42 60
0501_0132_0015_0035_0050.jpg 1 132 15 35 50
0502_0080_0004_0051_0072.jpg 1 80 4 51 72
0503_0049_0021_0044_0063.jpg 1 49 21 44 63
0504_0075_0019_0039_0056.jpg 1 75 19 39 56
0505_0129_0029_0045_0065.jpg 1 129 29 45 65
0506_0036_0047_0036_0051.jpg 1 36 47 36 51
0507_0014_0008_0045_0065.jpg 1 14 8 45 65
0508_0052_0028_0040_0058.jpg 1 52 28 40 58
0509_0077_0012_0050_0071.jpg 1 77 12 50 71
0510_0055_0023_0037_0052.jpg 1 55 23 37 52
0511_0092_0017_0051_0073.jpg 1 92 17 51 73
0512_0033_0008_0050_0072.jpg 1 33 8 50 72
0513_0070_0030_0039_0056.jpg 1 70 30 39 56
0514_0020_0009_0046_0065.jpg 1 20 9 46 65
0515_0093_0019_0052_0075.jpg 1 93 19 52 75
0516_0015_0023_0038_0054.jpg 1 15 23 38 54
0517_0024_0029_0048_0069.jpg 1 24 29 48 69
0518_0109_0035_0041_0059.jpg 1 109 35 41 59
0519_0104_0025_0046_0066.jpg 1 104 25 46 66
0520_0109_0038_0045_0065.jpg 1 109 38 45 65
0521_0109_0035_0044_0064.jpg 1 109 35 44 64
0522_0021_0037_0037_0054.jpg 1 21 37 37 54
0523_0098_0009_0048_0069.jpg 1 98 9 48 69
0524_0114_0015_0047_0067.jpg 1 114 15 47 67
0525_0112_0007_0043_0061.jpg 1 112 7 43 61
0526_0095_0013_0047_0067.jpg 1 95 13 47 67
0527_0052_0028_0043_0061.jpg 1 52 28 43 61
0528_0072_0004_0046_0065.jpg 1 72 4 46 65
0529_0061_0012_0035_0050.jpg 1 61 12 35 50
0530_0091_0007_0049_0070.jpg 1 91 7 49 70
0531_0052_0009_0046_0066.jpg 1 52 9 46 66
0532_0054_0039_0036_0051.jpg 1 54 39 36 51
0533_0043_0008_0046_0066.jpg 1 43 8 46 66
0534_0030_0008_0037_0053.jpg 1 30 8 37 53
0535_0080_0016_0051_0072.jpg 1 80 16 51 72
0536_0068_0036_0043_0062.jpg 1 68 36 43 62
0537_0129_0050_0035_0050.jpg 1 129 50 35 50
0538_0037_0006_0046_0066.jpg 1 37 6 46 66
0539_0087_0030_0046_0067.jpg 1 87 30 46 67
0540_0048_0020_0045_0064.jpg 1 48 20 45 64
0541_0069_0034_0047_0068.jpg 1 69 34 47 68
0542_0080_0013_0046_0066.jpg 1 80 13 46 66
0543_0071_0014_0037_0052.jpg 1 71 14 37 52
0544_0111_0030_0037_0052.jpg 1 111 30 37 52
0545_0080_0017_0037_0053.jpg 1 80 17 37 53
0546_0051_0028_0036_0052.jpg 1 51 28 36 52
0547_0116_0027_0042_0061.jpg 1 116 27 42 61
0548_0099_0025_0048_0068.jpg 1 99 25 48 68
0549_0041_0008_0035_0050.jpg 1 41 8 35 50
0550_0070_0025_0048_0069.jpg 1 70 25 48 69
0551_0027_0017_0044_0063.jpg 1 27 17 44 63
0552_0118_0022_0042_0060.jpg 1 118 22 42 60
0553_0112_0006_0041_0059.jpg 1 112 6 41 59
0554_0091_0020_0045_0065.jpg 1 91 20 45 65
0555_0041_0040_0038_0055.jpg 1 41 40 38 55
0556_0069_0004_0047_0067.jpg 1 69 4 47 67
0557_0092_0010_0048_0069.jpg 1 92 10 48 69
0558_0052_0020_0035_0050.jpg 1 52 20 35 50
0559_0059_0030_0051_0073.jpg 1 59 30 51 73
0560_0038_0004_0043_0061.jpg 1 38 4 43 61
0561_0042_0016_0050_0071.jpg 1 42 16 50 71
0562_0132_0032_0038_0054.jpg 1 132 32 38 54
0563_0094_0030_0045_0065.jpg 1 94 30 45 65
0564_0068_0028_0052_0075.jpg 1 68 28 52 75
0565_0078_0044_0038_0054.jpg 1 78 44 38 54
0566_0048_0016_0036_0052.jpg 1 48 16 36 52
0567_0022_0009_0038_0054.jpg 1 22 9 38 54
0568_0066_0029_0035_0051.jpg 1 66 29 35 51
0569_0088_0006_0045_0064.jpg 1 88 6 45 64
0570_0116_0008_0044_0064.jpg 1 116 8 44 64
0571_0025_0045_0037_0054.jpg 1 25 45 37 54
0572_0129_0012_0035_0051.jpg 1 129 12 35 51
0573_0083_0009_0047_0068.jpg 1 83 9 47 68
0574_0086_0028_0052_0075.jpg 1 86 28 52 75
0575_0072_0033_0047_0068.jpg 1 72 33 47 68
0576_0041_0004_0045_0064.jpg 1 41 4 45 64
0577_0027_0006_0042_0060.jpg 1 27 6 42 60
0578_0094_0034_0038_0055.jpg 1 94 34 38 55
0579_0097_0028_0041_0059.jpg 1 97 28 41 59
0580_0017_0018_0040_0057.jpg 1 17 18 40 57
0581_0038_0015_0048_0069.jpg 1 38 15 48 69
0582_0052_0033_0036_0052.jpg 1 52 33 36 52
0583_0015_0005_0044_0063.jpg 1 15 5 44 63
0584_0093_0014_0040_0057.jpg 1 93 14 40 57
0585_0115_0011_0037_0054.jpg 1 115 11 37 54
0586_0024_0029_0042_0060.jpg 1 24 29 42 60
0587_0105_0020_0051_0073.jpg 1 105 20 51 73
0588_0074_0032_0043_0062.jpg 1 74 32 43 62
0589_0065_0008_0052_0075.jpg 1 65 8 52 75
0590_0023_0005_0040_0058.jpg 1 23 5 40 58
0591_0094_0024_0047_0067.jpg 1 94 24 47 67
0592_0049_0014_0051_0072.jpg 1 49 14 51 72
0593_0055_0049_0036_0052.jpg 1 55 49 36 52
0594_0061_0008_0046_0066.jpg 1 61 8 46 66
0595_0096_0046_0038_0055.jpg 1 96 46 38 55
0596_0122_0030_0041_0059.jpg 1 122 30 41 59
0597_0048_0016_0049_0071.jpg 1 48 16 49 71
0598_0119_0042_0040_0057.jpg 1 119 42 40 57
0599_0016_0040_0038_0055.jpg 1 16 40 38 55
0600_0019_0036_0045_0064.jpg 1 19 36 45 64
0601_0096_0027_0039_0056.jpg 1 96 27 39 56
0602_0077_0035_0047_0067.jpg 1 77 35 47 67
0603_0130_0032_0035_0050.jpg 1 130 32 35 50
0604_0042_0013_0035_0051.jpg 1 42 13 35 51
0605_0100_0023_0047_0067.jpg 1 100 23 47 67
0606_0119_0011_0051_0073.jpg 1 119 11 51 73
0607_0023_0008_0047_0068.jpg 1 23 8 47 68
0608_0101_0011_0043_0062.jpg 1 101 11 43 62
0609_0119_0017_0040_0058.jpg 1 119 17 40 58
0610_0119_0009_0051_0073.jpg 1 119 9 51 73
0611_0077_0026_0047_0068.jpg 1 77 26 47 68
0612_0109_0031_0048_0069.jpg 1 109 31 48 69
0613_0017_0031_0040_0058.jpg 1 17 31 40 58
0614_0031_0049_0036_0051.jpg 1 31 49 36 51
0615_0031_0025_0046_0065.jpg 1 31 25 46 65
0616_0048_0014_0052_0074.jpg 1 48 14 52 74
0617_0091_0014_0048_0069.jpg 1 91 14 48 69
0618_0101_0018_0042_0060.jpg 1 101 18 42 60
0619_0045_0028_0038_0055.jpg 1 45 28 38 55
0620_0033_0046_0036_0051.jpg 1 33 46 36 51
0621_0101_0016_0045_0064.jpg 1 101 16 45 64
0622_0062_0006_0045_0065.jpg 1 62 6 45 65
0623_0093_0007_0050_0071.jpg 1 93 7 50 71
0624_0114_0019_0042_0060.jpg 1 114 19 42 60
0625_0118_0028_0045_0064.jpg 1 118 28 45 64
0626_0097_0024_0051_0072.jpg 1 97 24 51 72
0627_0050_0042_0038_0054.jpg 1 50 42 38 54
0628_0056_0027_0043_0062.jpg 1 56 27 43 62
0629_0093_0009_0051_0073.jpg 1 93 9 51 73
0630_0017_0009_0051_0073.jpg 1 17 9 51 73
0631_0123_0035_0047_0067.jpg 1 123 35 47 67
0632_0073_0021_0052_0074.jpg 1 73 21 52 74
0633_0080_0005_0041_0059.jpg 1 80 5 41 59
0634_0093_0048_0037_0052.jpg 1 93 48 37 52
0635_0080_0022_0051_0073.jpg 1 80 22 51 73
0636_0076_0005_0051_0073.jpg 1 76 5 51 73
0637_0088_0019_0037_0053.jpg 1 88 19 37 53
0638_0029_0019_0037_0053.jpg 1 29 19 37 53
0639_0065_0003_0052_0074.jpg 1 65 3 52 74
0640_0122_0024_0045_0065.jpg 1 122 24 45 65
0641_0053_0031_0041_0058.jpg 1 53 31 41 58
0642_0124_0009_0050_0071.jpg 1 124 9 50 71
0643_0134_0047_0035_0050.jpg 1 134 47 35 50
0644_0106_0038_0038_0054.jpg 1 106 38 38 54
0645_0047_0005_0050_0072.jpg 1 47 5 50 72
0646_0074_0019_0045_0064.jpg 1 74 19 45 64
0647_0087_0016_0050_0072.jpg 1 87 16 50 72
0648_0024_0010_0050_0072.jpg 1 24 10 50 72
0649_0095_0027_0049_0071.jpg 1 95 27 49 71
0650_0101_0025_0050_0072.jpg 1 101 25 50 72
0651_0119_0021_0040_0058.jpg 1 119 21 40 58
0652_0044_0015_0036_0052.jpg 1 44 15 36 52
0653_0083_0029_0046_0066.jpg 1 83 29 46 66
0654_0016_0016_0044_0063.jpg 1 16 16 44 63
0655_0121_0009_0050_0071.jpg 1 121 9 50 71
0656_0081_0028_0047_0067.jpg 1 81 28 47 67
0657_0127_0026_0038_0054.jpg 1 127 26 38 54
0658_0020_0016_0051_0072.jpg 1 20 16 51 72
0659_0057_0025_0046_0066.jpg 1 57 25 46 66
0660_0065_0020_0052_0075.jpg 1 65 20 52 75
0661_0114_0038_0040_0058.jpg 1 114 38 40 58
0662_0128_0032_0036_0051.jpg 1 128 32 36 51
0663_0048_0005_0045_0064.jpg 1 48 5 45 64
0664_0104_0022_0047_0067.jpg 1 104 22 47 67
0665_0125_0013_0042_0061.jpg 1 125 13 42 61
0666_0104_0005_0046_0066.jpg 1 104 5 46 66
0667_0046_0021_0041_0059.jpg 1 46 21 41 59
0668_0114_0004_0047_0067.jpg 1 114 4 47 67
0669_0017_0022_0043_0062.jpg 1 17 22 43 62
0670_0054_0011_0050_0071.jpg 1 54 11 50 71
0671_0049_0011_0045_0065.jpg 1 49 11 45 65
0672_0098_0013_0041_0059.jpg 1 98 13 41 59
0673_0023_0008_0046_0067.jpg 1 23 8 46 67
0674_0117_0019_0046_0066.jpg 1 117 19 46 66
0675_0056_0005_0047_0068.jpg 1 56 5 47 68
0676_0116_0029_0049_0070.jpg 1 116 29 49 70
0677_0038_0039_0043_0062.jpg 1 38 39 43 62
0678_0078_0030_0042_0061.jpg 1 78 30 42 61
0679_0040_0005_0041_0059.jpg 1 40 5 41 59
0680_0068_0010_0051_0072.jpg 1 68 10 51 72
0681_0121_0016_0040_0057.jpg 1 121 16 40 57
0682_0097_0022_0044_0064.jpg 1 97 22 44 64
0683_0066_0008_0047_0067.jpg 1 66 8 47 67
0684_0106_0023_0051_0074.jpg 1 106 23 51 74
0685_0032_0008_0042_0060.jpg 1 32 8 42 60
0686_0114_0010_0050_0072.jpg 1 114 10 50 72
0687_0120_0026_0049_0070.jpg 1 120 26 49 70
0688_0052_0030_0051_0073.jpg 1 52 30 51 73
0689_0040_0012_0035_0050.jpg 1 40 12 35 50
0690_0041_0019_0038_0054.jpg 1 41 19 38 54
0691_0099_0020_0050_0071.jpg 1 99 20 50 71
0692_0096_0005_0043_0062.jpg 1 96 5 43 62
0693_0085_0048_0037_0053.jpg 1 85 48 37 53
0694_0049_0028_0050_0072.jpg 1 49 28 50 72
0695_0091_0012_0048_0069.jpg 1 91 12 48 69
0696_0059_0024_0042_0060.jpg 1 59 24 42 60
0697_0096_0037_0042_0060.jpg 1 96 37 42 60
0698_0051_0014_0038_0055.jpg 1 51 14 38 55
0699_0051_0030_0041_0059.jpg 1 51 30 41 59
0700_0075_0033_0038_0054.jpg 1 75 33 38 54
0701_0129_0014_0044_0063.jpg 1 129 14 44 63
0702_0029_0033_0036_0052.jpg 1 29 33 36 52
0703_0122_0020_0051_0072.jpg 1 122 20 51 72
0704_0074_0011_0042_0060.jpg 1 74 11 42 60
0705_0104_0012_0048_0069.jpg 1 104 12 48 69
0706_0057_0036_0039_0055.jpg 1 57 36 39 55
0707_0036_0033_0037_0053.jpg 1 36 33 37 53
0708_0063_0021_0036_0052.jpg 1 63 21 36 52
0709_0071_0013_0044_0063.jpg 1 71 13 44 63
0710_0045_0014_0040_0057.jpg 1 45 14 40 57
0711_0090_0029_0039_0056.jpg 1 90 29 39 56
0712_0045_0019_0047_0067.jpg 1 45 19 47 67
0713_0095_0014_0047_0068.jpg 1 95 14 47 68
0714_0025_0037_0043_0061.jpg 1 25 37 43 61
0715_0079_0007_0049_0070.jpg 1 79 7 49 70
0716_0055_0030_0039_0057.jpg 1 55 30 39 57
0717_0138_0026_0036_0052.jpg 1 138 26 36 52
0718_0106_0013_0041_0059.jpg 1 106 13 41 59
0719_0113_0017_0047_0067.jpg 1 113 17 47 67
0720_0089_0038_0043_0061.jpg 1 89 38 43 61
0721_0034_0034_0047_0068.jpg 1 34 34 47 68
0722_0082_0043_0037_0053.jpg 1 82 43 37 53
0723_0083_0009_0052_0075.jpg 1 83 9 52 75
0724_0040_0017_0050_0072.jpg 1 40 17 50 72
0725_0044_0016_0041_0058.jpg 1 44 16 41 58
0726_0111_0010_0035_0050.jpg 1 111 10 35 50
0727_0065_0009_0043_0062.jpg 1 65 9 43 62
0728_0031_0021_0042_0061.jpg 1 31 21 42 61
0729_0078_0005_0042_0061.jpg 1 78 5 42 61
0730_0120_0003_0052_0075.jpg 1 120 3 52 75
0731_0022_0006_0046_0066.jpg 1 22 6 46 66
0732_0090_0032_0048_0068.jpg 1 90 32 48 68
0733_0094_0007_0045_0065.jpg 1 94 7 45 65
0734_0118_0008_0050_0072.jpg 1 118 8 50 72
0735_0029_0010_0039_0056.jpg 1 29 10 39 56
0736_0073_0009_0048_0069.jpg 1 73 9 48 69
0737_0089_0011_0038_0054.jpg 1 89 11 38 54
0738_0016_0039_0036_0051.jpg 1 16 39 36 51
0739_0084_0016_0036_0052.jpg 1 84 16 36 52
0740_0100_0028_0042_0060.jpg 1 100 28 42 60
0741_0124_0017_0039_0056.jpg 1 124 17 39 56
0742_0092_0015_0037_0053.jpg 1 92 15 37 53
0743_0091_0018_0037_0053.jpg 1 91 18 37 53
0744_0118_0023_0048_0069.jpg 1 118 23 48 69
0745_0078_0018_0039_0057.jpg 1 78 18 39 57
0746_0112_0012_0045_0065.jpg 1 112 12 45 65
0747_0098_0016_0050_0072.jpg 1 98 16 50 72
0748_0100_0023_0042_0061.jpg 1 100 23 42 61
0749_0123_0004_0046_0066.jpg 1 123 4 46 66
0750_0021_0026_0049_0070.jpg 1 21 26 49 70
0751_0039_0015_0040_0057.jpg 1 39 15 40 57
0752_0017_0027_0046_0065.jpg 1 17 27 46 65
0753_0041_0041_0040_0057.jpg 1 41 41 40 57
0754_0127_0008_0037_0054.jpg 1 127 8 37 54
0755_0016_0044_0035_0050.jpg 1 16 44 35 50
0756_0112_0012_0051_0073.jpg 1 112 12 51 73
0757_0097_0016_0052_0075.jpg 1 97 16 52 75
0758_0015_0039_0040_0057.jpg 1 15 39 40 57
0759_0100_0010_0050_0071.jpg 1 100 10 50 71
0760_0069_0006_0045_0064.jpg 1 69 6 45 64
0761_0119_0047_0037_0053.jpg 1 119 47 37 53
0762_0052_0027_0052_0074.jpg 1 52 27 52 74
0763_0120_0023_0041_0059.jpg 1 120 23 41 59
0764_0056_0028_0037_0052.jpg 1 56 28 37 52
0765_0052_0021_0046_0065.jpg 1 52 21 46 65
0766_0091_0030_0041_0058.jpg 1 91 30 41 58
0767_0112_0020_0050_0071.jpg 1 112 20 50 71
0768_0139_0038_0036_0052.jpg 1 139 38 36 52
0769_0061_0017_0051_0073.jpg 1 61 17 51 73
0770_0054_0015_0052_0075.jpg 1 54 15 52 75
0771_0128_0025_0040_0057.jpg 1 128 25 40 57
0772_0121_0029_0042_0060.jpg 1 121 29 42 60
0773_0084_0011_0045_0064.jpg 1 84 11 45 64
0774_0104_0019_0052_0075.jpg 1 104 19 52 75
0775_0056_0010_0047_0067.jpg 1 56 10 47 67
0776_0038_0039_0038_0054.jpg 1 38 39 38 54
0777_0089_0006_0046_0067.jpg 1 89 6 46 67
0778_0057_0022_0045_0064.jpg 1 57 22 45 64
0779_0049_0012_0052_0075.jpg 1 49 12 52 75
0780_0038_0041_0042_0061.jpg 1 38 41 42 61
0781_0112_0016_0043_0062.jpg 1 112 16 43 62
0782_0139_0046_0037_0054.jpg 1 139 46 37 54
0783_0020_0027_0047_0067.jpg 1 20 27 47 67
0784_0080_0027_0051_0073.jpg 1 80 27 51 73
0785_0059_0036_0042_0060.jpg 1 59 36 42 60
0786_0039_0039_0043_0061.jpg 1 39 39 43 61
0787_0081_0005_0049_0070.jpg 1 81 5 49 70
0788_0065_0034_0044_0062.jpg 1 65 34 44 62
0789_0039_0034_0037_0053.jpg 1 39 34 37 53
0790_0115_0029_0039_0056.jpg 1 115 29 39 56
0791_0119_0022_0052_0074.jpg 1 119 22 52 74
0792_0054_0028_0037_0053.jpg 1 54 28 37 53
0793_0132_0011_0037_0054.jpg 1 132 11 37 54
0794_0086_0017_0049_0070.jpg 1 86 17 49 70
0795_0105_0026_0037_0054.jpg 1 105 26 37 54
0796_0060_0017_0046_0066.jpg 1 60 17 46 66
0797_0062_0031_0049_0071.jpg 1 62 31 49 71
0798_0097_0014_0040_0058.jpg 1 97 14 40 58
0799_0090_0036_0037_0054.jpg 1 90 36 37 54
0800_0054_0006_0049_0070.jpg 1 54 6 49 70
0801_0075_0023_0052_0074.jpg 1 75 23 52 74
0802_0114_0032_0048_0069.jpg 1 114 32 48 69
0803_0113_0026_0040_0058.jpg 1 113 26 40 58
0804_0068_0006_0037_0053.jpg 1 68 6 37 53
0805_0083_0020_0039_0056.jpg 1 83 20 39 56
0806_0048_0030_0048_0069.jpg 1 48 30 48 69
0807_0048_0009_0042_0060.jpg 1 48 9 42 60
0808_0117_0017_0038_0055.jpg 1 117 17 38 55
0809_0053_0010_0037_0053.jpg 1 53 10 37 53
0810_0117_0014_0049_0070.jpg 1 117 14 49 70
0811_0098_0041_0040_0057.jpg 1 98 41 40 57
0812_0124_0014_0043_0061.jpg 1 124 14 43 61
0813_0063_0020_0037_0053.jpg 1 63 20 37 53
