0001_0103_0021_0039_0057.jpg 1 103 21 39 57
0002_0057_0046_0037_0054.jpg 1 57 46 37 54
0003_0068_0012_0051_0073.jpg 1 68 12 51 73
0004_0054_0006_0045_0065.jpg 1 54 6 45 65
0005_0090_0020_0051_0074.jpg 1 90 20 51 74
0006_0100_0028_0037_0054.jpg 1 100 28 37 54
0007_0106_0039_0037_0054.jpg 1 106 39 37 54
0008_0063_0027_0048_0069.jpg 1 63 27 48 69
0009_0079_0018_0048_0069.jpg 1 79 18 48 69
0010_0126_0016_0044_0063.jpg 1 126 16 44 63
0011_0028_0017_0038_0055.jpg 1 28 17 38 55
0012_0020_0034_0043_0061.jpg 1 20 34 43 61
0013_0127_0008_0044_0063.jpg 1 127 8 44 63
0014_0034_0037_0042_0060.jpg 1 34 37 42 60
0015_0037_0014_0051_0074.jpg 1 37 14 51 74
0016_0070_0029_0038_0054.jpg 1 70 29 38 54
0017_0044_0022_0043_0062.jpg 1 44 22 43 62
0018_0054_0025_0036_0051.jpg 1 54 25 36 51
0019_0017_0023_0037_0053.jpg 1 17 23 37 53
0020_0058_0029_0050_0071.jpg 1 58 29 50 71
0021_0047_0036_0042_0060.jpg 1 47 36 42 60
0022_0056_0006_0047_0067.jpg 1 56 6 47 67
0023_0067_0023_0040_0057.jpg 1 67 23 40 57
0024_0100_0028_0035_0051.jpg 1 100 28 35 51
0025_0074_0020_0039_0056.jpg 1 74 20 39 56
0026_0019_0031_0039_0056.jpg 1 19 31 39 56
0027_0112_0024_0036_0051.jpg 1 112 24 36 51
0028_0105_0033_0046_0067.jpg 1 105 33 46 67
0029_0034_0012_0035_0050.jpg 1 34 12 35 50
0030_0078_0015_0039_0056.jpg 1 78 15 39 56
0031_0092_0020_0039_0056.jpg 1 92 20 39 56
0032_0125_0019_0037_0053.jpg 1 125 19 37 53
0033_0139_0031_0037_0054.jpg 1 139 31 37 54
0034_0067_0007_0047_0067.jpg 1 67 7 47 67
0035_0062_0011_0048_0069.jpg 1 62 11 48 69
0036_0102_0007_0048_0068.jpg 1 102 7 48 68
0037_0048_0004_0047_0067.jpg 1 48 4 47 67
0038_0086_0006_0051_0073.jpg 1 86 6 51 73
0039_0078_0029_0042_0061.jpg 1 78 29 42 61
0040_0104_0032_0035_0051.jpg 1 104 32 35 51
0041_0118_0029_0044_0063.jpg 1 118 29 44 63
0042_0026_0038_0036_0052.jpg 1 26 38 36 52
0043_0048_0015_0035_0051.jpg 1 48 15 35 51
0044_0067_0037_0040_0057.jpg 1 67 37 40 57
0045_0117_0030_0040_0057.jpg 1 117 30 40 57
0046_0026_0049_0037_0053.jpg 1 26 49 37 53
0047_0115_0032_0051_0072.jpg 1 115 32 51 72
0048_0101_0020_0042_0060.jpg 1 101 20 42 60
0049_0098_0046_0035_0050.jpg 1 98 46 35 50
0050_0120_0019_0051_0074.jpg 1 120 19 51 74
0051_0118_0018_0041_0058.jpg 1 118 18 41 58
0052_0046_0010_0036_0052.jpg 1 46 10 36 52
0053_0114_0005_0041_0059.jpg 1 114 5 41 59
0054_0098_0029_0049_0071.jpg 1 98 29 49 71
0055_0089_0029_0045_0065.jpg 1 89 29 45 65
0056_0093_0008_0036_0051.jpg 1 93 8 36 51
0057_0094_0020_0052_0075.jpg 1 94 20 52 75
0058_0025_0023_0043_0061.jpg 1 25 23 43 61
0059_0023_0025_0045_0065.jpg 1 23 25 45 65
0060_0057_0011_0048_0068.jpg 1 57 11 48 68
0061_0031_0015_0045_0065.jpg 1 31 15 45 65
0062_0032_0012_0051_0073.jpg 1 32 12 51 73
0063_0026_0027_0049_0071.jpg 1 26 27 49 71
0064_0069_0021_0052_0075.jpg 1 69 21 52 75
0065_0110_0026_0052_0075.jpg 1 110 26 52 75
0066_0088_0006_0042_0060.jpg 1 88 6 42 60
0067_0099_0009_0040_0058.jpg 1 99 9 40 58
0068_0043_0033_0042_0060.jpg 1 43 33 42 60
0069_0118_0005_0047_0067.jpg 1 118 5 47 67
0070_0104_0026_0037_0053.jpg 1 104 26 37 53
0071_0030_0022_0051_0073.jpg 1 30 22 51 73
0072_0097_0012_0043_0061.jpg 1 97 12 43 61
0073_0130_0043_0040_0057.jpg 1 130 43 40 57
0074_0017_0020_0036_0051.jpg 1 17 20 36 51
0075_0057_0015_0049_0070.jpg 1 57 15 49 70
0076_0082_0021_0050_0072.jpg 1 82 21 50 72
0077_0023_0030_0050_0071.jpg 1 23 30 50 71
0078_0024_0031_0050_0072.jpg 1 24 31 50 72
0079_0053_0033_0047_0067.jpg 1 53 33 47 67
0080_0102_0037_0038_0055.jpg 1 102 37 38 55
0081_0059_0035_0043_0062.jpg 1 59 35 43 62
0082_0118_0008_0045_0065.jpg 1 118 8 45 65
0083_0126_0033_0041_0058.jpg 1 126 33 41 58
0084_0021_0011_0051_0073.jpg 1 21 11 51 73
0085_0089_0015_0035_0050.jpg 1 89 15 35 50
0086_0018_0013_0048_0069.jpg 1 18 13 48 69
0087_0049_0006_0045_0065.jpg 1 49 6 45 65
0088_0025_0041_0042_0060.jpg 1 25 41 42 60
0089_0041_0003_0052_0074.jpg 1 41 3 52 74
0090_0018_0023_0049_0070.jpg 1 18 23 49 70
0091_0070_0012_0045_0065.jpg 1 70 12 45 65
0092_0039_0043_0040_0057.jpg 1 39 43 40 57
0093_0043_0049_0036_0051.jpg 1 43 49 36 51
0094_0035_0031_0045_0065.jpg 1 35 31 45 65
0095_0026_0011_0049_0071.jpg 1 26 11 49 71
0096_0119_0035_0035_0051.jpg 1 119 35 35 51
0097_0118_0038_0040_0057.jpg 1 118 38 40 57
0098_0058_0012_0052_0074.jpg 1 58 12 52 74
0099_0050_0007_0051_0073.jpg 1 50 7 51 73
0100_0085_0010_0052_0074.jpg 1 85 10 52 74
0101_0056_0043_0035_0051.jpg 1 56 43 35 51
0102_0043_0012_0048_0068.jpg 1 43 12 48 68
0103_0040_0028_0036_0051.jpg 1 40 28 36 51
0104_0115_0032_0038_0054.jpg 1 115 32 38 54
0105_0021_0009_0051_0073.jpg 1 21 9 51 73
0106_0036_0030_0043_0062.jpg 1 36 30 43 62
0107_0122_0022_0048_0069.jpg 1 122 22 48 69
0108_0016_0023_0048_0068.jpg 1 16 23 48 68
0109_0139_0036_0036_0051.jpg 1 139 36 36 51
0110_0094_0039_0037_0053.jpg 1 94 39 37 53
0111_0076_0006_0046_0065.jpg 1 76 6 46 65
0112_0084_0015_0042_0060.jpg 1 84 15 42 60
0113_0106_0006_0045_0065.jpg 1 106 6 45 65
0114_0110_0007_0052_0074.jpg 1 110 7 52 74
0115_0110_0034_0044_0063.jpg 1 110 34 44 63
0116_0096_0025_0043_0061.jpg 1 96 25 43 61
0117_0016_0036_0040_0058.jpg 1 16 36 40 58
0118_0071_0031_0049_0071.jpg 1 71 31 49 71
0119_0124_0039_0038_0055.jpg 1 124 39 38 55
0120_0075_0015_0049_0070.jpg 1 75 15 49 70
0121_0027_0010_0052_0075.jpg 1 27 10 52 75
0122_0115_0036_0044_0063.jpg 1 115 36 44 63
0123_0068_0021_0052_0074.jpg 1 68 21 52 74
0124_0067_0023_0052_0074.jpg 1 67 23 52 74
0125_0126_0025_0049_0071.jpg 1 126 25 49 71
0126_0062_0047_0038_0054.jpg 1 62 47 38 54
0127_0103_0018_0042_0061.jpg 1 103 18 42 61
0128_0110_0046_0039_0056.jpg 1 110 46 39 56
0129_0098_0005_0048_0069.jpg 1 98 5 48 69
0130_0091_0013_0039_0055.jpg 1 91 13 39 55
0131_0088_0031_0046_0066.jpg 1 88 31 46 66
0132_0123_0006_0036_0051.jpg 1 123 6 36 51
0133_0117_0045_0039_0056.jpg 1 117 45 39 56
0134_0136_0042_0038_0055.jpg 1 136 42 38 55
0135_0017_0026_0050_0072.jpg 1 17 26 50 72
0136_0101_0005_0050_0072.jpg 1 101 5 50 72
0137_0022_0043_0040_0058.jpg 1 22 43 40 58
0138_0054_0037_0043_0061.jpg 1 54 37 43 61
0139_0106_0046_0039_0055.jpg 1 106 46 39 55
0140_0123_0007_0040_0058.jpg 1 123 7 40 58
0141_0014_0010_0049_0070.jpg 1 14 10 49 70
0142_0037_0026_0037_0053.jpg 1 37 26 37 53
0143_0080_0015_0050_0072.jpg 1 80 15 50 72
0144_0109_0029_0044_0063.jpg 1 109 29 44 63
0145_0094_0007_0052_0074.jpg 1 94 7 52 74
0146_0036_0018_0048_0069.jpg 1 36 18 48 69
0147_0124_0027_0049_0070.jpg 1 124 27 49 70
0148_0085_0005_0052_0074.jpg 1 85 5 52 74
0149_0095_0020_0039_0056.jpg 1 95 20 39 56
0150_0092_0019_0051_0072.jpg 1 92 19 51 72
0151_0109_0026_0042_0060.jpg 1 109 26 42 60
0152_0063_0007_0044_0063.jpg 1 63 7 44 63
0153_0073_0035_0035_0050.jpg 1 73 35 35 50
0154_0028_0019_0051_0073.jpg 1 28 19 51 73
0155_0105_0028_0046_0066.jpg 1 105 28 46 66
0156_0052_0036_0041_0059.jpg 1 52 36 41 59
0157_0124_0024_0051_0073.jpg 1 124 24 51 73
0158_0076_0013_0036_0052.jpg 1 76 13 36 52
0159_0113_0012_0049_0071.jpg 1 113 12 49 71
0160_0120_0016_0040_0058.jpg 1 120 16 40 58
0161_0119_0025_0051_0074.jpg 1 119 25 51 74
0162_0100_0027_0049_0071.jpg 1 100 27 49 71
0163_0094_0033_0038_0054.jpg 1 94 33 38 54
0164_0053_0006_0052_0074.jpg 1 53 6 52 74
0165_0113_0009_0046_0066.jpg 1 113 9 46 66
0166_0110_0009_0042_0060.jpg 1 110 9 42 60
0167_0079_0021_0046_0066.jpg 1 79 21 46 66
0168_0127_0038_0035_0050.jpg 1 127 38 35 50
0169_0016_0017_0046_0066.jpg 1 16 17 46 66
0170_0122_0042_0039_0055.jpg 1 122 42 39 55
0171_0040_0035_0035_0051.jpg 1 40 35 35 51
0172_0120_0020_0046_0066.jpg 1 120 20 46 66
0173_0038_0026_0037_0053.jpg 1 38 26 37 53
0174_0065_0026_0051_0073.jpg 1 65 26 51 73
0175_0136_0009_0037_0054.jpg 1 136 9 37 54
0176_0112_0006_0035_0050.jpg 1 112 6 35 50
0177_0018_0025_0046_0066.jpg 1 18 25 46 66
0178_0117_0020_0044_0063.jpg 1 117 20 44 63
0179_0093_0011_0047_0068.jpg 1 93 11 47 68
0180_0064_0043_0041_0058.jpg 1 64 43 41 58
0181_0099_0036_0044_0064.jpg 1 99 36 44 64
0182_0061_0019_0042_0060.jpg 1 61 19 42 60
0183_0115_0029_0040_0058.jpg 1 115 29 40 58
0184_0094_0032_0045_0064.jpg 1 94 32 45 64
0185_0015_0006_0041_0059.jpg 1 15 6 41 59
0186_0062_0009_0047_0068.jpg 1 62 9 47 68
0187_0117_0008_0050_0072.jpg 1 117 8 50 72
0188_0109_0022_0043_0062.jpg 1 109 22 43 62
0189_0094_0009_0039_0056.jpg 1 94 9 39 56
0190_0099_0049_0037_0053.jpg 1 99 49 37 53
0191_0093_0024_0039_0056.jpg 1 93 24 39 56
0192_0118_0021_0046_0066.jpg 1 118 21 46 66
0193_0110_0040_0037_0053.jpg 1 110 40 37 53
0194_0079_0020_0052_0074.jpg 1 79 20 52 74
0195_0037_0019_0047_0067.jpg 1 37 19 47 67
0196_0105_0011_0046_0067.jpg 1 105 11 46 67
0197_0043_0008_0039_0056.jpg 1 43 8 39 56
0198_0023_0029_0045_0064.jpg 1 23 29 45 64
0199_0085_0005_0047_0068.jpg 1 85 5 47 68
0200_0091_0032_0038_0054.jpg 1 91 32 38 54
0201_0067_0016_0042_0061.jpg 1 67 16 42 61
0202_0110_0011_0039_0056.jpg 1 110 11 39 56
0203_0029_0024_0039_0056.jpg 1 29 24 39 56
0204_0021_0025_0050_0071.jpg 1 21 25 50 71
0205_0025_0025_0050_0071.jpg 1 25 25 50 71
0206_0066_0029_0042_0060.jpg 1 66 29 42 60
0207_0125_0010_0036_0052.jpg 1 125 10 36 52
0208_0062_0005_0050_0072.jpg 1 62 5 50 72
0209_0079_0032_0044_0063.jpg 1 79 32 44 63
0210_0070_0030_0044_0064.jpg 1 70 30 44 64
0211_0040_0008_0050_0072.jpg 1 40 8 50 72
0212_0037_0021_0037_0052.jpg 1 37 21 37 52
0213_0104_0019_0044_0063.jpg 1 104 19 44 63
0214_0102_0009_0048_0069.jpg 1 102 9 48 69
0215_0127_0042_0042_0060.jpg 1 127 42 42 60
0216_0044_0038_0041_0058.jpg 1 44 38 41 58
0217_0042_0027_0037_0053.jpg 1 42 27 37 53
0218_0046_0017_0036_0052.jpg 1 46 17 36 52
0219_0065_0027_0045_0064.jpg 1 65 27 45 64
0220_0045_0027_0050_0071.jpg 1 45 27 50 71
0221_0062_0011_0049_0071.jpg 1 62 11 49 71
0222_0100_0017_0050_0071.jpg 1 100 17 50 71
0223_0078_0024_0052_0075.jpg 1 78 24 52 75
0224_0101_0025_0052_0074.jpg 1 101 25 52 74
0225_0122_0019_0050_0072.jpg 1 122 19 50 72
0226_0021_0019_0050_0071.jpg 1 21 19 50 71
0227_0040_0012_0049_0070.jpg 1 40 12 49 70
0228_0020_0008_0038_0054.jpg 1 20 8 38 54
0229_0050_0034_0041_0059.jpg 1 50 34 41 59
0230_0053_0015_0045_0065.jpg 1 53 15 45 65
0231_0065_0035_0045_0064.jpg 1 65 35 45 64
0232_0125_0037_0039_0056.jpg 1 125 37 39 56
0233_0130_0013_0039_0056.jpg 1 130 13 39 56
0234_0027_0015_0049_0070.jpg 1 27 15 49 70
0235_0085_0027_0046_0065.jpg 1 85 27 46 65
0236_0069_0023_0040_0058.jpg 1 69 23 40 58
0237_0101_0007_0044_0063.jpg 1 101 7 44 63
0238_0065_0036_0045_0064.jpg 1 65 36 45 64
0239_0036_0018_0037_0052.jpg 1 36 18 37 52
0240_0041_0045_0039_0056.jpg 1 41 45 39 56
0241_0057_0037_0045_0064.jpg 1 57 37 45 64
0242_0115_0017_0038_0055.jpg 1 115 17 38 55
0243_0075_0028_0043_0062.jpg 1 75 28 43 62
0244_0028_0019_0052_0075.jpg 1 28 19 52 75
0245_0028_0011_0052_0074.jpg 1 28 11 52 74
0246_0056_0003_0052_0074.jpg 1 56 3 52 74
0247_0041_0040_0038_0054.jpg 1 41 40 38 54
0248_0025_0020_0042_0061.jpg 1 25 20 42 61
0249_0062_0006_0049_0071.jpg 1 62 6 49 71
0250_0066_0014_0042_0060.jpg 1 66 14 42 60
0251_0062_0019_0052_0074.jpg 1 62 19 52 74
0252_0057_0045_0035_0050.jpg 1 57 45 35 50
0253_0103_0011_0047_0068.jpg 1 103 11 47 68
0254_0063_0005_0036_0052.jpg 1 63 5 36 52
0255_0076_0029_0043_0061.jpg 1 76 29 43 61
0256_0046_0023_0047_0068.jpg 1 46 23 47 68
0257_0124_0034_0039_0056.jpg 1 124 34 39 56
0258_0101_0034_0044_0063.jpg 1 101 34 44 63
0259_0073_0035_0041_0058.jpg 1 73 35 41 58
0260_0018_0024_0040_0057.jpg 1 18 24 40 57
0261_0074_0033_0035_0050.jpg 1 74 33 35 50
0262_0027_0036_0045_0065.jpg 1 27 36 45 65
0263_0028_0023_0039_0055.jpg 1 28 23 39 55
0264_0074_0036_0045_0064.jpg 1 74 36 45 64
0265_0101_0014_0042_0061.jpg 1 101 14 42 61
0266_0038_0031_0051_0073.jpg 1 38 31 51 73
0267_0060_0016_0040_0057.jpg 1 60 16 40 57
0268_0063_0046_0036_0051.jpg 1 63 46 36 51
0269_0034_0023_0047_0068.jpg 1 34 23 47 68
0270_0038_0016_0047_0067.jpg 1 38 16 47 67
0271_0110_0014_0048_0069.jpg 1 110 14 48 69
0272_0067_0025_0048_0069.jpg 1 67 25 48 69
0273_0022_0012_0039_0056.jpg 1 22 12 39 56
0274_0095_0018_0051_0073.jpg 1 95 18 51 73
0275_0025_0028_0039_0056.jpg 1 25 28 39 56
0276_0111_0010_0048_0068.jpg 1 111 10 48 68
0277_0067_0010_0044_0064.jpg 1 67 10 44 64
0278_0045_0013_0046_0066.jpg 1 45 13 46 66
0279_0045_0044_0037_0053.jpg 1 45 44 37 53
0280_0094_0007_0039_0055.jpg 1 94 7 39 55
0281_0121_0007_0041_0059.jpg 1 121 7 41 59
0282_0080_0030_0041_0059.jpg 1 80 30 41 59
0283_0122_0013_0050_0072.jpg 1 122 13 50 72
0284_0115_0030_0037_0053.jpg 1 115 30 37 53
0285_0092_0030_0049_0070.jpg 1 92 30 49 70
0286_0052_0019_0035_0050.jpg 1 52 19 35 50
0287_0020_0028_0038_0054.jpg 1 20 28 38 54
0288_0101_0023_0048_0068.jpg 1 101 23 48 68
0289_0101_0032_0043_0062.jpg 1 101 32 43 62
0290_0071_0009_0044_0064.jpg 1 71 9 44 64
0291_0080_0021_0045_0065.jpg 1 80 21 45 65
0292_0131_0039_0037_0053.jpg 1 131 39 37 53
0293_0018_0028_0049_0070.jpg 1 18 28 49 70
0294_0114_0006_0039_0056.jpg 1 114 6 39 56
0295_0093_0022_0048_0069.jpg 1 93 22 48 69
0296_0074_0018_0038_0054.jpg 1 74 18 38 54
0297_0055_0030_0050_0071.jpg 1 55 30 50 71
0298_0130_0010_0043_0061.jpg 1 130 10 43 61
0299_0019_0041_0041_0059.jpg 1 19 41 41 59
0300_0083_0008_0037_0054.jpg 1 83 8 37 54
0301_0094_0031_0040_0058.jpg 1 94 31 40 58
0302_0093_0024_0049_0071.jpg 1 93 24 49 71
0303_0136_0029_0037_0053.jpg 1 136 29 37 53
0304_0066_0034_0042_0060.jpg 1 66 34 42 60
0305_0039_0020_0051_0074.jpg 1 39 20 51 74
0306_0090_0013_0048_0068.jpg 1 90 13 48 68
0307_0121_0024_0050_0072.jpg 1 121 24 50 72
0308_0125_0028_0049_0070.jpg 1 125 28 49 70
0309_0081_0017_0035_0050.jpg 1 81 17 35 50
0310_0077_0017_0043_0062.jpg 1 77 17 43 62
0311_0118_0033_0042_0060.jpg 1 118 33 42 60
0312_0025_0042_0042_0060.jpg 1 25 42 42 60
0313_0133_0037_0041_0058.jpg 1 133 37 41 58
0314_0120_0044_0036_0052.jpg 1 120 44 36 52
0315_0052_0046_0036_0051.jpg 1 52 46 36 51
0316_0022_0007_0036_0052.jpg 1 22 7 36 52
0317_0032_0013_0043_0061.jpg 1 32 13 43 61
0318_0066_0039_0037_0053.jpg 1 66 39 37 53
0319_0124_0019_0042_0060.jpg 1 124 19 42 60
0320_0126_0014_0043_0062.jpg 1 126 14 43 62
0321_0110_0012_0040_0057.jpg 1 110 12 40 57
0322_0123_0016_0047_0067.jpg 1 123 16 47 67
0323_0026_0031_0040_0057.jpg 1 26 31 40 57
0324_0027_0039_0035_0050.jpg 1 27 39 35 50
0325_0042_0021_0043_0062.jpg 1 42 21 43 62
0326_0088_0007_0050_0071.jpg 1 88 7 50 71
0327_0022_0007_0035_0050.jpg 1 22 7 35 50
0328_0087_0020_0052_0075.jpg 1 87 20 52 75
0329_0086_0026_0051_0073.jpg 1 86 26 51 73
0330_0021_0032_0040_0057.jpg 1 21 32 40 57
0331_0106_0023_0047_0068.jpg 1 106 23 47 68
0332_0082_0016_0045_0065.jpg 1 82 16 45 65
0333_0084_0041_0038_0055.jpg 1 84 41 38 55
0334_0096_0037_0043_0062.jpg 1 96 37 43 62
0335_0131_0021_0041_0059.jpg 1 131 21 41 59
0336_0082_0031_0038_0054.jpg 1 82 31 38 54
0337_0081_0031_0047_0068.jpg 1 81 31 47 68
0338_0028_0037_0036_0051.jpg 1 28 37 36 51
0339_0101_0043_0036_0051.jpg 1 101 43 36 51
0340_0128_0012_0042_0060.jpg 1 128 12 42 60
0341_0039_0029_0050_0072.jpg 1 39 29 50 72
0342_0049_0018_0045_0065.jpg 1 49 18 45 65
0343_0093_0025_0046_0066.jpg 1 93 25 46 66
0344_0034_0019_0039_0056.jpg 1 34 19 39 56
0345_0025_0036_0042_0060.jpg 1 25 36 42 60
0346_0029_0031_0050_0072.jpg 1 29 31 50 72
0347_0109_0014_0038_0054.jpg 1 109 14 38 54
0348_0111_0011_0038_0054.jpg 1 111 11 38 54
0349_0129_0031_0044_0063.jpg 1 129 31 44 63
0350_0113_0009_0048_0068.jpg 1 113 9 48 68
0351_0111_0015_0046_0066.jpg 1 111 15 46 66
0352_0048_0019_0046_0065.jpg 1 48 19 46 65
0353_0108_0032_0043_0062.jpg 1 108 32 43 62
0354_0049_0012_0049_0071.jpg 1 49 12 49 71
0355_0030_0022_0036_0051.jpg 1 30 22 36 51
0356_0117_0025_0047_0067.jpg 1 117 25 47 67
0357_0096_0020_0047_0068.jpg 1 96 20 47 68
0358_0114_0006_0043_0062.jpg 1 114 6 43 62
0359_0056_0034_0037_0053.jpg 1 56 34 37 53
0360_0131_0039_0038_0055.jpg 1 131 39 38 55
0361_0036_0023_0039_0056.jpg 1 36 23 39 56
0362_0041_0031_0040_0057.jpg 1 41 31 40 57
0363_0101_0030_0047_0067.jpg 1 101 30 47 67
0364_0014_0032_0049_0071.jpg 1 14 32 49 71
0365_0122_0019_0036_0052.jpg 1 122 19 36 52
0366_0119_0016_0052_0075.jpg 1 119 16 52 75
0367_0105_0022_0052_0074.jpg 1 105 22 52 74
0368_0044_0025_0049_0070.jpg 1 44 25 49 70
0369_0068_0016_0049_0071.jpg 1 68 16 49 71
0370_0109_0006_0051_0072.jpg 1 109 6 51 72
0371_0074_0005_0040_0058.jpg 1 74 5 40 58
0372_0117_0040_0041_0059.jpg 1 117 40 41 59
0373_0082_0048_0037_0053.jpg 1 82 48 37 53
0374_0033_0010_0046_0065.jpg 1 33 10 46 65
0375_0127_0035_0040_0058.jpg 1 127 35 40 58
0376_0108_0035_0043_0062.jpg 1 108 35 43 62
0377_0018_0022_0039_0056.jpg 1 18 22 39 56
0378_0056_0017_0045_0065.jpg 1 56 17 45 65
0379_0038_0016_0044_0064.jpg 1 38 16 44 64
0380_0066_0022_0046_0066.jpg 1 66 22 46 66
0381_0040_0033_0047_0067.jpg 1 40 33 47 67
0382_0103_0008_0052_0075.jpg 1 103 8 52 75
0383_0015_0028_0049_0070.jpg 1 15 28 49 70
0384_0135_0019_0039_0055.jpg 1 135 19 39 55
0385_0112_0033_0043_0062.jpg 1 112 33 43 62
0386_0098_0025_0046_0065.jpg 1 98 25 46 65
0387_0119_0019_0043_0062.jpg 1 119 19 43 62
0388_0015_0024_0035_0050.jpg 1 15 24 35 50
0389_0109_0017_0048_0069.jpg 1 109 17 48 69
0390_0109_0007_0051_0074.jpg 1 109 7 51 74
0391_0086_0019_0051_0073.jpg 1 86 19 51 73
0392_0025_0034_0043_0061.jpg 1 25 34 43 61
0393_0048_0022_0047_0067.jpg 1 48 22 47 67
0394_0098_0029_0049_0070.jpg 1 98 29 49 70
0395_0095_0010_0040_0058.jpg 1 95 10 40 58
0396_0046_0027_0038_0055.jpg 1 46 27 38 55
0397_0033_0040_0037_0053.jpg 1 33 40 37 53
0398_0023_0006_0045_0064.jpg 1 23 6 45 64
0399_0111_0019_0050_0072.jpg 1 111 19 50 72
0400_0128_0029_0046_0066.jpg 1 128 29 46 66
0401_0019_0018_0050_0072.jpg 1 19 18 50 72
0402_0067_0013_0050_0072.jpg 1 67 13 50 72
0403_0028_0029_0040_0058.jpg 1 28 29 40 58
0404_0044_0044_0036_0052.jpg 1 44 44 36 52
0405_0103_0004_0050_0072.jpg 1 103 4 50 72
0406_0079_0025_0036_0052.jpg 1 79 25 36 52
0407_0072_0034_0037_0053.jpg 1 72 34 37 53
0408_0139_0027_0036_0052.jpg 1 139 27 36 52
0409_0054_0018_0044_0063.jpg 1 54 18 44 63
0410_0043_0029_0037_0053.jpg 1 43 29 37 53
0411_0056_0040_0037_0053.jpg 1 56 40 37 53
0412_0120_0029_0052_0074.jpg 1 120 29 52 74
0413_0066_0004_0047_0068.jpg 1 66 4 47 68
0414_0123_0020_0041_0059.jpg 1 123 20 41 59
0415_0111_0020_0046_0066.jpg 1 111 20 46 66
0416_0059_0033_0041_0059.jpg 1 59 33 41 59
0417_0042_0022_0047_0068.jpg 1 42 22 47 68
0418_0021_0017_0037_0053.jpg 1 21 17 37 53
0419_0049_0008_0041_0059.jpg 1 49 8 41 59
0420_0064_0006_0045_0065.jpg 1 64 6 45 65
0421_0117_0019_0041_0059.jpg 1 117 19 41 59
0422_0137_0042_0035_0051.jpg 1 137 42 35 51
0423_0068_0031_0042_0060.jpg 1 68 31 42 60
0424_0018_0021_0040_0058.jpg 1 18 21 40 58
0425_0058_0015_0036_0051.jpg 1 58 15 36 51
0426_0093_0025_0051_0074.jpg 1 93 25 51 74
0427_0021_0014_0042_0061.jpg 1 21 14 42 61
0428_0118_0007_0045_0064.jpg 1 118 7 45 64
0429_0057_0008_0038_0054.jpg 1 57 8 38 54
0430_0034_0005_0050_0072.jpg 1 34 5 50 72
0431_0137_0012_0036_0051.jpg 1 137 12 36 51
0432_0070_0031_0037_0053.jpg 1 70 31 37 53
0433_0097_0045_0035_0050.jpg 1 97 45 35 50
0434_0081_0009_0050_0072.jpg 1 81 9 50 72
0435_0053_0016_0040_0057.jpg 1 53 16 40 57
0436_0057_0024_0036_0052.jpg 1 57 24 36 52
0437_0102_0007_0049_0071.jpg 1 102 7 49 71
0438_0113_0027_0049_0070.jpg 1 113 27 49 70
0439_0127_0011_0050_0072.jpg 1 127 11 50 72
0440_0109_0021_0035_0051.jpg 1 109 21 35 51
0441_0041_0029_0043_0062.jpg 1 41 29 43 62
0442_0036_0030_0046_0067.jpg 1 36 30 46 67
0443_0047_0035_0048_0068.jpg 1 47 35 48 68
0444_0130_0008_0036_0052.jpg 1 130 8 36 52
0445_0124_0039_0040_0057.jpg 1 124 39 40 57
0446_0076_0023_0050_0071.jpg 1 76 23 50 71
0447_0092_0019_0043_0061.jpg 1 92 19 43 61
0448_0068_0032_0038_0054.jpg 1 68 32 38 54
0449_0025_0028_0050_0072.jpg 1 25 28 50 72
0450_0072_0008_0049_0070.jpg 1 72 8 49 70
0451_0106_0035_0042_0061.jpg 1 106 35 42 61
0452_0095_0036_0036_0051.jpg 1 95 36 36 51
0453_0041_0018_0047_0067.jpg 1 41 18 47 67
0454_0080_0007_0050_0072.jpg 1 80 7 50 72
0455_0078_0032_0037_0054.jpg 1 78 32 37 54
0456_0020_0025_0039_0056.jpg 1 20 25 39 56
0457_0121_0007_0049_0070.jpg 1 121 7 49 70
0458_0125_0011_0046_0065.jpg 1 125 11 46 65
0459_0090_0039_0043_0062.jpg 1 90 39 43 62
0460_0026_0019_0043_0062.jpg 1 26 19 43 62
0461_0080_0013_0050_0072.jpg 1 80 13 50 72
0462_0060_0014_0035_0050.jpg 1 60 14 35 50
0463_0098_0027_0050_0072.jpg 1 98 27 50 72
0464_0102_0006_0035_0051.jpg 1 102 6 35 51
0465_0102_0028_0052_0075.jpg 1 102 28 52 75
0466_0048_0020_0052_0075.jpg 1 48 20 52 75
0467_0134_0032_0040_0057.jpg 1 134 32 40 57
0468_0034_0025_0047_0068.jpg 1 34 25 47 68
0469_0056_0020_0050_0072.jpg 1 56 20 50 72
0470_0029_0037_0039_0056.jpg 1 29 37 39 56
0471_0037_0013_0045_0064.jpg 1 37 13 45 64
0472_0107_0037_0038_0055.jpg 1 107 37 38 55
0473_0030_0019_0038_0055.jpg 1 30 19 38 55
0474_0026_0018_0046_0066.jpg 1 26 18 46 66
0475_0048_0015_0044_0063.jpg 1 48 15 44 63
0476_0073_0019_0048_0069.jpg 1 73 19 48 69
0477_0036_0015_0038_0054.jpg 1 36 15 38 54
0478_0136_0040_0035_0051.jpg 1 136 40 35 51
0479_0046_0020_0040_0057.jpg 1 46 20 40 57
0480_0094_0021_0046_0065.jpg 1 94 21 46 65
0481_0025_0036_0041_0059.jpg 1 25 36 41 59
0482_0075_0025_0050_0071.jpg 1 75 25 50 71
0483_0059_0012_0046_0066.jpg 1 59 12 46 66
0484_0050_0005_0047_0067.jpg 1 50 5 47 67
0485_0118_0037_0037_0053.jpg 1 118 37 37 53
0486_0067_0034_0045_0065.jpg 1 67 34 45 65
0487_0131_0006_0036_0052.jpg 1 131 6 36 52
0488_0035_0029_0048_0068.jpg 1 35 29 48 68
0489_0125_0019_0051_0072.jpg 1 125 19 51 72
0490_0063_0005_0040_0058.jpg 1 63 5 40 58
0491_0034_0039_0044_0063.jpg 1 34 39 44 63
0492_0063_0044_0041_0058.jpg 1 63 44 41 58
0493_0055_0017_0047_0067.jpg 1 55 17 47 67
0494_0121_0032_0047_0067.jpg 1 121 32 47 67
0495_0076_0007_0042_0060.jpg 1 76 7 42 60
0496_0074_0036_0040_0058.jpg 1 74 36 40 58
0497_0042_0019_0044_0063.jpg 1 42 19 44 63
0498_0067_0038_0040_0057.jpg 1 67 38 40 57
0499_0036_0006_0049_0070.jpg 1 36 6 49 70
0500_0032_0007_0049_0070.jpg 1 32 7 49 70
0501_0035_0015_0052_0075.jpg 1 35 15 52 75
0502_0096_0011_0036_0052.jpg 1 96 11 36 52
0503_0030_0008_0051_0073.jpg 1 30 8 51 73
0504_0121_0008_0046_0066.jpg 1 121 8 46 66
0505_0036_0024_0038_0054.jpg 1 36 24 38 54
0506_0067_0009_0052_0074.jpg 1 67 9 52 74
0507_0067_0026_0036_0052.jpg 1 67 26 36 52
0508_0052_0005_0042_0061.jpg 1 52 5 42 61
0509_0095_0033_0040_0058.jpg 1 95 33 40 58
0510_0088_0024_0043_0062.jpg 1 88 24 43 62
0511_0049_0012_0052_0074.jpg 1 49 12 52 74
0512_0055_0023_0049_0070.jpg 1 55 23 49 70
0513_0074_0016_0049_0070.jpg 1 74 16 49 70
0514_0089_0031_0043_0062.jpg 1 89 31 43 62
0515_0020_0034_0040_0057.jpg 1 20 34 40 57
0516_0033_0014_0052_0075.jpg 1 33 14 52 75
0517_0100_0045_0035_0050.jpg 1 100 45 35 50
0518_0052_0018_0052_0074.jpg 1 52 18 52 74
0519_0136_0040_0038_0054.jpg 1 136 40 38 54
0520_0023_0026_0038_0055.jpg 1 23 26 38 55
0521_0122_0025_0051_0073.jpg 1 122 25 51 73
0522_0034_0022_0048_0069.jpg 1 34 22 48 69
0523_0117_0040_0040_0057.jpg 1 117 40 40 57
0524_0080_0010_0043_0062.jpg 1 80 10 43 62
0525_0094_0044_0035_0051.jpg 1 94 44 35 51
0526_0022_0010_0051_0072.jpg 1 22 10 51 72
0527_0124_0024_0049_0071.jpg 1 124 24 49 71
0528_0114_0027_0041_0058.jpg 1 114 27 41 58
0529_0124_0015_0035_0050.jpg 1 124 15 35 50
0530_0058_0036_0038_0055.jpg 1 58 36 38 55
0531_0139_0017_0037_0053.jpg 1 139 17 37 53
0532_0119_0019_0037_0054.jpg 1 119 19 37 54
0533_0047_0031_0039_0055.jpg 1 47 31 39 55
0534_0124_0047_0035_0050.jpg 1 124 47 35 50
0535_0118_0007_0050_0072.jpg 1 118 7 50 72
0536_0061_0022_0048_0069.jpg 1 61 22 48 69
0537_0124_0029_0049_0070.jpg 1 124 29 49 70
0538_0040_0033_0044_0063.jpg 1 40 33 44 63
0539_0128_0043_0041_0059.jpg 1 128 43 41 59
0540_0052_0031_0051_0073.jpg 1 52 31 51 73
0541_0102_0012_0040_0057.jpg 1 102 12 40 57
0542_0090_0039_0043_0061.jpg 1 90 39 43 61
0543_0082_0011_0048_0069.jpg 1 82 11 48 69
0544_0027_0008_0052_0075.jpg 1 27 8 52 75
0545_0055_0014_0042_0060.jpg 1 55 14 42 60
0546_0129_0031_0045_0065.jpg 1 129 31 45 65
0547_0047_0029_0050_0072.jpg 1 47 29 50 72
0548_0108_0044_0036_0052.jpg 1 108 44 36 52
0549_0024_0012_0044_0063.jpg 1 24 12 44 63
0550_0094_0007_0046_0067.jpg 1 94 7 46 67
0551_0084_0005_0050_0071.jpg 1 84 5 50 71
0552_0094_0016_0049_0071.jpg 1 94 16 49 71
0553_0050_0008_0040_0058.jpg 1 50 8 40 58
0554_0054_0037_0035_0050.jpg 1 54 37 35 50
0555_0054_0019_0038_0054.jpg 1 54 19 38 54
0556_0101_0020_0037_0053.jpg 1 101 20 37 53
0557_0108_0015_0048_0069.jpg 1 108 15 48 69
0558_0063_0016_0048_0069.jpg 1 63 16 48 69
0559_0081_0029_0052_0074.jpg 1 81 29 52 74
0560_0086_0011_0047_0067.jpg 1 86 11 47 67
0561_0092_0023_0047_0068.jpg 1 92 23 47 68
0562_0102_0017_0038_0054.jpg 1 102 17 38 54
0563_0135_0016_0037_0053.jpg 1 135 16 37 53
0564_0032_0007_0036_0052.jpg 1 32 7 36 52
0565_0028_0007_0052_0075.jpg 1 28 7 52 75
0566_0059_0018_0045_0065.jpg 1 59 18 45 65
0567_0030_0023_0038_0054.jpg 1 30 23 38 54
0568_0091_0010_0046_0066.jpg 1 91 10 46 66
0569_0060_0015_0051_0073.jpg 1 60 15 51 73
0570_0122_0018_0040_0057.jpg 1 122 18 40 57
0571_0028_0036_0046_0066.jpg 1 28 36 46 66
0572_0019_0010_0039_0056.jpg 1 19 10 39 56
0573_0058_0035_0043_0062.jpg 1 58 35 43 62
0574_0116_0015_0049_0070.jpg 1 116 15 49 70
0575_0123_0029_0042_0060.jpg 1 123 29 42 60
0576_0104_0021_0043_0061.jpg 1 104 21 43 61
0577_0024_0013_0045_0065.jpg 1 24 13 45 65
0578_0034_0011_0039_0056.jpg 1 34 11 39 56
0579_0064_0021_0051_0073.jpg 1 64 21 51 73
0580_0033_0008_0050_0072.jpg 1 33 8 50 72
0581_0087_0036_0044_0063.jpg 1 87 36 44 63
0582_0105_0031_0047_0067.jpg 1 105 31 47 67
0583_0073_0041_0043_0062.jpg 1 73 41 43 62
0584_0085_0018_0050_0072.jpg 1 85 18 50 72
0585_0100_0029_0041_0059.jpg 1 100 29 41 59
0586_0097_0019_0051_0074.jpg 1 97 19 51 74
0587_0038_0038_0043_0061.jpg 1 38 38 43 61
0588_0022_0018_0048_0069.jpg 1 22 18 48 69
0589_0094_0025_0043_0062.jpg 1 94 25 43 62
0590_0134_0040_0038_0054.jpg 1 134 40 38 54
0591_0039_0020_0052_0074.jpg 1 39 20 52 74
0592_0119_0029_0052_0075.jpg 1 119 29 52 75
0593_0120_0005_0045_0064.jpg 1 120 5 45 64
0594_0088_0009_0047_0067.jpg 1 88 9 47 67
0595_0048_0025_0043_0062.jpg 1 48 25 43 62
0596_0125_0032_0045_0065.jpg 1 125 32 45 65
0597_0060_0024_0045_0064.jpg 1 60 24 45 64
0598_0090_0020_0038_0055.jpg 1 90 20 38 55
0599_0078_0003_0049_0070.jpg 1 78 3 49 70
0600_0034_0039_0035_0051.jpg 1 34 39 35 51
0601_0048_0025_0046_0066.jpg 1 48 25 46 66
0602_0072_0029_0044_0063.jpg 1 72 29 44 63
0603_0113_0028_0036_0052.jpg 1 113 28 36 52
0604_0074_0028_0048_0068.jpg 1 74 28 48 68
0605_0051_0005_0046_0066.jpg 1 51 5 46 66
0606_0023_0024_0037_0053.jpg 1 23 24 37 53
0607_0111_0032_0048_0068.jpg 1 111 32 48 68
0608_0049_0028_0036_0052.jpg 1 49 28 36 52
0609_0116_0032_0036_0052.jpg 1 116 32 36 52
0610_0091_0051_0035_0050.jpg 1 91 51 35 50
0611_0034_0027_0045_0064.jpg 1 34 27 45 64
0612_0096_0035_0047_0068.jpg 1 96 35 47 68
0613_0067_0025_0046_0066.jpg 1 67 25 46 66
0614_0124_0036_0041_0059.jpg 1 124 36 41 59
0615_0108_0013_0036_0051.jpg 1 108 13 36 51
0616_0028_0031_0049_0071.jpg 1 28 31 49 71
0617_0103_0011_0042_0060.jpg 1 103 11 42 60
0618_0072_0031_0038_0054.jpg 1 72 31 38 54
0619_0137_0046_0036_0052.jpg 1 137 46 36 52
0620_0093_0020_0048_0068.jpg 1 93 20 48 68
0621_0101_0022_0038_0054.jpg 1 101 22 38 54
0622_0055_0012_0042_0060.jpg 1 55 12 42 60
0623_0044_0009_0049_0070.jpg 1 44 9 49 70
0624_0064_0032_0048_0069.jpg 1 64 32 48 69
0625_0093_0029_0048_0069.jpg 1 93 29 48 69
0626_0066_0016_0036_0051.jpg 1 66 16 36 51
0627_0028_0029_0045_0064.jpg 1 28 29 45 64
0628_0021_0020_0049_0070.jpg 1 21 20 49 70
0629_0102_0021_0049_0071.jpg 1 102 21 49 71
0630_0096_0022_0048_0069.jpg 1 96 22 48 69
0631_0108_0013_0045_0064.jpg 1 108 13 45 64
0632_0085_0033_0037_0052.jpg 1 85 33 37 52
0633_0062_0026_0050_0072.jpg 1 62 26 50 72
0634_0110_0039_0035_0050.jpg 1 110 39 35 50
0635_0113_0006_0046_0066.jpg 1 113 6 46 66
0636_0028_0017_0042_0060.jpg 1 28 17 42 60
0637_0078_0047_0035_0050.jpg 1 78 47 35 50
0638_0073_0032_0050_0071.jpg 1 73 32 50 71
0639_0063_0017_0052_0074.jpg 1 63 17 52 74
0640_0045_0032_0048_0069.jpg 1 45 32 48 69
0641_0017_0023_0038_0055.jpg 1 17 23 38 55
0642_0068_0026_0042_0060.jpg 1 68 26 42 60
0643_0048_0026_0051_0074.jpg 1 48 26 51 74
0644_0062_0019_0038_0054.jpg 1 62 19 38 54
0645_0026_0020_0042_0060.jpg 1 26 20 42 60
0646_0037_0019_0047_0067.jpg 1 37 19 47 67
0647_0061_0038_0041_0058.jpg 1 61 38 41 58
0648_0085_0004_0048_0068.jpg 1 85 4 48 68
0649_0108_0030_0040_0057.jpg 1 108 30 40 57
0650_0085_0043_0035_0051.jpg 1 85 43 35 51
0651_0060_0020_0044_0064.jpg 1 60 20 44 64
0652_0123_0021_0047_0068.jpg 1 123 21 47 68
0653_0045_0023_0049_0070.jpg 1 45 23 49 70
0654_0065_0037_0039_0056.jpg 1 65 37 39 56
0655_0044_0023_0046_0066.jpg 1 44 23 46 66
0656_0108_0012_0052_0075.jpg 1 108 12 52 75
0657_0101_0011_0044_0064.jpg 1 101 11 44 64
0658_0115_0035_0046_0067.jpg 1 115 35 46 67
0659_0084_0007_0051_0073.jpg 1 84 7 51 73
0660_0082_0010_0041_0059.jpg 1 82 10 41 59
0661_0125_0020_0048_0069.jpg 1 125 20 48 69
0662_0038_0023_0042_0061.jpg 1 38 23 42 61
0663_0036_0045_0036_0052.jpg 1 36 45 36 52
0664_0026_0027_0035_0050.jpg 1 26 27 35 50
0665_0095_0005_0048_0069.jpg 1 95 5 48 69
0666_0083_0005_0042_0060.jpg 1 83 5 42 60
0667_0106_0038_0040_0057.jpg 1 106 38 40 57
0668_0069_0030_0036_0052.jpg 1 69 30 36 52
0669_0112_0023_0048_0068.jpg 1 112 23 48 68
0670_0063_0043_0039_0056.jpg 1 63 43 39 56
0671_0040_0021_0050_0072.jpg 1 40 21 50 72
0672_0018_0027_0035_0051.jpg 1 18 27 35 51
0673_0067_0028_0042_0060.jpg 1 67 28 42 60
0674_0049_0032_0041_0059.jpg 1 49 32 41 59
0675_0034_0012_0036_0051.jpg 1 34 12 36 51
0676_0046_0032_0046_0066.jpg 1 46 32 46 66
0677_0058_0034_0044_0064.jpg 1 58 34 44 64
0678_0082_0034_0037_0053.jpg 1 82 34 37 53
0679_0060_0034_0045_0064.jpg 1 60 34 45 64
0680_0062_0022_0043_0062.jpg 1 62 22 43 62
0681_0082_0012_0035_0050.jpg 1 82 12 35 50
0682_0030_0013_0049_0070.jpg 1 30 13 49 70
0683_0091_0027_0046_0066.jpg 1 91 27 46 66
0684_0119_0017_0041_0059.jpg 1 119 17 41 59
0685_0064_0031_0041_0059.jpg 1 64 31 41 59
0686_0038_0024_0043_0062.jpg 1 38 24 43 62
0687_0068_0022_0039_0056.jpg 1 68 22 39 56
0688_0095_0013_0052_0074.jpg 1 95 13 52 74
0689_0109_0011_0042_0060.jpg 1 109 11 42 60
0690_0084_0029_0040_0057.jpg 1 84 29 40 57
0691_0070_0010_0043_0061.jpg 1 70 10 43 61
0692_0060_0020_0036_0051.jpg 1 60 20 36 51
0693_0079_0035_0041_0058.jpg 1 79 35 41 58
0694_0028_0027_0036_0051.jpg 1 28 27 36 51
0695_0120_0025_0051_0073.jpg 1 120 25 51 73
0696_0103_0003_0051_0073.jpg 1 103 3 51 73
0697_0049_0033_0042_0061.jpg 1 49 33 42 61
0698_0133_0020_0035_0050.jpg 1 133 20 35 50
0699_0020_0031_0049_0071.jpg 1 20 31 49 71
0700_0073_0009_0049_0071.jpg 1 73 9 49 71
0701_0100_0023_0049_0071.jpg 1 100 23 49 71
0702_0129_0013_0037_0053.jpg 1 129 13 37 53
0703_0116_0030_0040_0058.jpg 1 116 30 40 58
0704_0085_0012_0041_0059.jpg 1 85 12 41 59
0705_0076_0030_0047_0067.jpg 1 76 30 47 67
0706_0051_0005_0052_0074.jpg 1 51 5 52 74
0707_0032_0046_0036_0052.jpg 1 32 46 36 52
0708_0053_0007_0040_0057.jpg 1 53 7 40 57
0709_0051_0006_0038_0055.jpg 1 51 6 38 55
0710_0109_0010_0049_0070.jpg 1 109 10 49 70
0711_0073_0014_0049_0070.jpg 1 73 14 49 70
0712_0070_0022_0035_0050.jpg 1 70 22 35 50
0713_0088_0038_0044_0063.jpg 1 88 38 44 63
0714_0115_0019_0039_0055.jpg 1 115 19 39 55
0715_0061_0019_0044_0063.jpg 1 61 19 44 63
0716_0112_0009_0041_0059.jpg 1 112 9 41 59
0717_0022_0038_0041_0059.jpg 1 22 38 41 59
0718_0059_0031_0045_0065.jpg 1 59 31 45 65
0719_0023_0029_0035_0050.jpg 1 23 29 35 50
0720_0127_0012_0047_0068.jpg 1 127 12 47 68
0721_0115_0049_0037_0052.jpg 1 115 49 37 52
0722_0099_0015_0040_0057.jpg 1 99 15 40 57
0723_0077_0035_0047_0068.jpg 1 77 35 47 68
0724_0041_0042_0039_0055.jpg 1 41 42 39 55
0725_0114_0005_0052_0074.jpg 1 114 5 52 74
0726_0083_0010_0049_0070.jpg 1 83 10 49 70
0727_0038_0048_0035_0050.jpg 1 38 48 35 50
0728_0070_0021_0044_0063.jpg 1 70 21 44 63
0729_0049_0018_0035_0051.jpg 1 49 18 35 51
0730_0034_0016_0045_0064.jpg 1 34 16 45 64
0731_0038_0016_0050_0071.jpg 1 38 16 50 71
0732_0023_0034_0044_0063.jpg 1 23 34 44 63
0733_0031_0018_0038_0055.jpg 1 31 18 38 55
0734_0120_0025_0042_0061.jpg 1 120 25 42 61
0735_0029_0029_0047_0068.jpg 1 29 29 47 68
0736_0025_0031_0037_0053.jpg 1 25 31 37 53
0737_0090_0028_0049_0070.jpg 1 90 28 49 70
0738_0034_0023_0051_0073.jpg 1 34 23 51 73
0739_0128_0011_0045_0064.jpg 1 128 11 45 64
0740_0031_0017_0036_0052.jpg 1 31 17 36 52
0741_0025_0029_0051_0073.jpg 1 25 29 51 73
0742_0075_0039_0041_0059.jpg 1 75 39 41 59
0743_0038_0024_0043_0062.jpg 1 38 24 43 62
0744_0050_0030_0047_0068.jpg 1 50 30 47 68
0745_0026_0022_0036_0052.jpg 1 26 22 36 52
0746_0094_0027_0047_0067.jpg 1 94 27 47 67
0747_0099_0007_0036_0052.jpg 1 99 7 36 52
0748_0098_0012_0052_0074.jpg 1 98 12 52 74
0749_0083_0029_0045_0064.jpg 1 83 29 45 64
0750_0090_0009_0047_0067.jpg 1 90 9 47 67
0751_0108_0020_0050_0071.jpg 1 108 20 50 71
0752_0048_0022_0037_0053.jpg 1 48 22 37 53
0753_0119_0043_0041_0059.jpg 1 119 43 41 59
0754_0016_0021_0041_0059.jpg 1 16 21 41 59
0755_0023_0027_0047_0068.jpg 1 23 27 47 68
0756_0053_0012_0044_0063.jpg 1 53 12 44 63
0757_0076_0023_0052_0074.jpg 1 76 23 52 74
0758_0035_0028_0045_0065.jpg 1 35 28 45 65
0759_0118_0030_0048_0069.jpg 1 118 30 48 69
0760_0114_0008_0047_0067.jpg 1 114 8 47 67
0761_0101_0014_0036_0052.jpg 1 101 14 36 52
0762_0140_0047_0035_0051.jpg 1 140 47 35 51
0763_0123_0013_0035_0050.jpg 1 123 13 35 50
0764_0119_0016_0040_0058.jpg 1 119 16 40 58
0765_0136_0025_0039_0056.jpg 1 136 25 39 56
0766_0079_0013_0037_0053.jpg 1 79 13 37 53
0767_0103_0033_0041_0059.jpg 1 103 33 41 59
0768_0100_0016_0047_0067.jpg 1 100 16 47 67
0769_0097_0018_0049_0070.jpg 1 97 18 49 70
0770_0075_0047_0035_0050.jpg 1 75 47 35 50
0771_0052_0033_0037_0054.jpg 1 52 33 37 54
0772_0080_0016_0048_0069.jpg 1 80 16 48 69
0773_0117_0029_0037_0053.jpg 1 117 29 37 53
0774_0043_0033_0045_0064.jpg 1 43 33 45 64
0775_0043_0025_0045_0064.jpg 1 43 25 45 64
0776_0130_0049_0036_0052.jpg 1 130 49 36 52
0777_0050_0010_0038_0054.jpg 1 50 10 38 54
0778_0024_0045_0040_0057.jpg 1 24 45 40 57
0779_0085_0004_0045_0065.jpg 1 85 4 45 65
0780_0029_0019_0041_0059.jpg 1 29 19 41 59
0781_0094_0026_0038_0054.jpg 1 94 26 38 54
0782_0082_0030_0040_0058.jpg 1 82 30 40 58
0783_0092_0007_0043_0061.jpg 1 92 7 43 61
0784_0021_0006_0037_0053.jpg 1 21 6 37 53
0785_0078_0021_0051_0074.jpg 1 78 21 51 74
0786_0073_0008_0052_0074.jpg 1 73 8 52 74
0787_0079_0033_0038_0054.jpg 1 79 33 38 54
0788_0074_0019_0043_0062.jpg 1 74 19 43 62
0789_0066_0008_0049_0070.jpg 1 66 8 49 70
0790_0112_0025_0036_0052.jpg 1 112 25 36 52
0791_0034_0027_0038_0055.jpg 1 34 27 38 55
0792_0022_0005_0043_0062.jpg 1 22 5 43 62
0793_0056_0012_0042_0060.jpg 1 56 12 42 60
0794_0029_0011_0050_0072.jpg 1 29 11 50 72
0795_0030_0021_0041_0059.jpg 1 30 21 41 59
0796_0085_0008_0052_0075.jpg 1 85 8 52 75
0797_0078_0011_0038_0054.jpg 1 78 11 38 54
0798_0032_0050_0035_0050.jpg 1 32 50 35 50
0799_0045_0014_0044_0063.jpg 1 45 14 44 63
0800_0023_0023_0043_0062.jpg 1 23 23 43 62
0801_0033_0009_0044_0063.jpg 1 33 9 44 63
0802_0014_0037_0046_0065.jpg 1 14 37 46 65
0803_0056_0019_0041_0059.jpg 1 56 19 41 59
0804_0129_0032_0035_0050.jpg 1 129 32 35 50
0805_0040_0019_0046_0066.jpg 1 40 19 46 66
0806_0131_0007_0041_0059.jpg 1 131 7 41 59
0807_0034_0011_0044_0064.jpg 1 34 11 44 64
0808_0047_0022_0039_0056.jpg 1 47 22 39 56
0809_0021_0006_0048_0069.jpg 1 21 6 48 69
0810_0066_0008_0052_0074.jpg 1 66 8 52 74
0811_0092_0023_0040_0058.jpg 1 92 23 40 58
0812_0027_0046_0036_0052.jpg 1 27 46 36 52
0813_0037_0027_0047_0067.jpg 1 37 27 47 67
