0001_0097_0029_0047_0068.jpg 1 97 29 47 68
0002_0061_0029_0042_0060.jpg 1 61 29 42 60
0003_0127_0035_0044_0063.jpg 1 127 35 44 63
0004_0080_0027_0052_0074.jpg 1 80 27 52 74
0005_0123_0022_0046_0065.jpg 1 123 22 46 65
0006_0056_0022_0037_0054.jpg 1 56 22 37 54
0007_0102_0013_0048_0068.jpg 1 102 13 48 68
0008_0135_0011_0036_0052.jpg 1 135 11 36 52
0009_0059_0022_0036_0052.jpg 1 59 22 36 52
0010_0123_0019_0040_0057.jpg 1 123 19 40 57
0011_0059_0018_0052_0075.jpg 1 59 18 52 75
0012_0095_0024_0049_0070.jpg 1 95 24 49 70
0013_0043_0019_0037_0054.jpg 1 43 19 37 54
0014_0117_0010_0041_0059.jpg 1 117 10 41 59
0015_0018_0019_0039_0056.jpg 1 18 19 39 56
0016_0076_0013_0043_0061.jpg 1 76 13 43 61
0017_0117_0020_0048_0069.jpg 1 117 20 48 69
0018_0048_0020_0046_0066.jpg 1 48 20 46 66
0019_0054_0005_0049_0070.jpg 1 54 5 49 70
0020_0110_0011_0045_0065.jpg 1 110 11 45 65
0021_0105_0011_0045_0064.jpg 1 105 11 45 64
0022_0069_0034_0047_0067.jpg 1 69 34 47 67
0023_0071_0048_0035_0050.jpg 1 71 48 35 50
0024_0056_0010_0035_0051.jpg 1 56 10 35 51
0025_0052_0009_0040_0057.jpg 1 52 9 40 57
0026_0042_0020_0051_0073.jpg 1 42 20 51 73
0027_0121_0019_0037_0054.jpg 1 121 19 37 54
0028_0104_0005_0039_0056.jpg 1 104 5 39 56
0029_0038_0004_0051_0073.jpg 1 38 4 51 73
0030_0132_0035_0037_0053.jpg 1 132 35 37 53
0031_0044_0024_0039_0056.jpg 1 44 24 39 56
0032_0068_0021_0052_0074.jpg 1 68 21 52 74
0033_0102_0038_0035_0051.jpg 1 102 38 35 51
0034_0106_0024_0052_0075.jpg 1 106 24 52 75
0035_0093_0027_0046_0066.jpg 1 93 27 46 66
0036_0055_0012_0047_0067.jpg 1 55 12 47 67
0037_0085_0026_0049_0070.jpg 1 85 26 49 70
0038_0076_0036_0045_0064.jpg 1 76 36 45 64
0039_0104_0008_0036_0052.jpg 1 104 8 36 52
0040_0082_0026_0046_0066.jpg 1 82 26 46 66
0041_0123_0040_0042_0060.jpg 1 123 40 42 60
0042_0095_0006_0040_0057.jpg 1 95 6 40 57
0043_0049_0012_0051_0073.jpg 1 49 12 51 73
0044_0072_0027_0038_0054.jpg 1 72 27 38 54
0045_0032_0041_0038_0055.jpg 1 32 41 38 55
0046_0118_0017_0045_0064.jpg 1 118 17 45 64
0047_0102_0018_0038_0054.jpg 1 102 18 38 54
0048_0115_0012_0045_0064.jpg 1 115 12 45 64
0049_0089_0018_0039_0056.jpg 1 89 18 39 56
0050_0058_0044_0041_0059.jpg 1 58 44 41 59
0051_0024_0033_0035_0050.jpg 1 24 33 35 50
0052_0028_0020_0037_0053.jpg 1 28 20 37 53
0053_0072_0023_0048_0068.jpg 1 72 23 48 68
0054_0111_0032_0037_0053.jpg 1 111 32 37 53
0055_0093_0037_0039_0055.jpg 1 93 37 39 55
0056_0031_0019_0044_0064.jpg 1 31 19 44 64
0057_0133_0027_0041_0059.jpg 1 133 27 41 59
0058_0130_0028_0044_0063.jpg 1 130 28 44 63
0059_0074_0004_0052_0074.jpg 1 74 4 52 74
0060_0060_0024_0047_0067.jpg 1 60 24 47 67
0061_0034_0016_0040_0057.jpg 1 34 16 40 57
0062_0072_0030_0048_0069.jpg 1 72 30 48 69
0063_0066_0010_0044_0063.jpg 1 66 10 44 63
0064_0017_0014_0046_0066.jpg 1 17 14 46 66
0065_0074_0041_0037_0053.jpg 1 74 41 37 53
0066_0053_0019_0048_0069.jpg 1 53 19 48 69
0067_0080_0047_0036_0051.jpg 1 80 47 36 51
0068_0048_0026_0051_0072.jpg 1 48 26 51 72
0069_0054_0028_0046_0066.jpg 1 54 28 46 66
0070_0028_0018_0041_0059.jpg 1 28 18 41 59
0071_0060_0023_0045_0065.jpg 1 60 23 45 65
0072_0092_0013_0036_0052.jpg 1 92 13 36 52
0073_0031_0015_0040_0057.jpg 1 31 15 40 57
0074_0024_0025_0043_0062.jpg 1 24 25 43 62
0075_0038_0025_0040_0058.jpg 1 38 25 40 58
0076_0020_0011_0048_0068.jpg 1 20 11 48 68
0077_0110_0051_0035_0050.jpg 1 110 51 35 50
0078_0119_0047_0037_0053.jpg 1 119 47 37 53
0079_0132_0020_0042_0060.jpg 1 132 20 42 60
0080_0095_0008_0035_0051.jpg 1 95 8 35 51
0081_0119_0032_0040_0057.jpg 1 119 32 40 57
0082_0056_0020_0035_0050.jpg 1 56 20 35 50
0083_0084_0031_0050_0072.jpg 1 84 31 50 72
0084_0128_0044_0039_0056.jpg 1 128 44 39 56
0085_0084_0014_0051_0073.jpg 1 84 14 51 73
0086_0079_0008_0041_0059.jpg 1 79 8 41 59
0087_0118_0048_0037_0054.jpg 1 118 48 37 54
0088_0070_0014_0050_0072.jpg 1 70 14 50 72
0089_0090_0025_0043_0062.jpg 1 90 25 43 62
0090_0125_0051_0036_0051.jpg 1 125 51 36 51
0091_0124_0030_0037_0053.jpg 1 124 30 37 53
0092_0087_0017_0038_0054.jpg 1 87 17 38 54
0093_0104_0041_0042_0060.jpg 1 104 41 42 60
0094_0069_0042_0037_0054.jpg 1 69 42 37 54
0095_0016_0029_0040_0058.jpg 1 16 29 40 58
0096_0041_0038_0040_0057.jpg 1 41 38 40 57
0097_0088_0020_0051_0073.jpg 1 88 20 51 73
0098_0099_0012_0050_0072.jpg 1 99 12 50 72
0099_0065_0046_0038_0055.jpg 1 65 46 38 55
0100_0123_0027_0050_0072.jpg 1 123 27 50 72
0101_0043_0016_0039_0056.jpg 1 43 16 39 56
0102_0039_0023_0040_0057.jpg 1 39 23 40 57
0103_0109_0026_0046_0066.jpg 1 109 26 46 66
0104_0106_0013_0048_0069.jpg 1 106 13 48 69
0105_0104_0007_0050_0071.jpg 1 104 7 50 71
0106_0034_0010_0045_0064.jpg 1 34 10 45 64
0107_0022_0019_0052_0074.jpg 1 22 19 52 74
0108_0074_0024_0042_0061.jpg 1 74 24 42 61
0109_0068_0014_0039_0056.jpg 1 68 14 39 56
0110_0119_0029_0035_0050.jpg 1 119 29 35 50
0111_0025_0010_0052_0075.jpg 1 25 10 52 75
0112_0041_0024_0047_0067.jpg 1 41 24 47 67
0113_0094_0043_0039_0056.jpg 1 94 43 39 56
0114_0043_0006_0043_0062.jpg 1 43 6 43 62
0115_0018_0035_0039_0056.jpg 1 18 35 39 56
0116_0116_0043_0038_0054.jpg 1 116 43 38 54
0117_0045_0019_0040_0058.jpg 1 45 19 40 58
0118_0044_0022_0038_0055.jpg 1 44 22 38 55
0119_0066_0011_0044_0062.jpg 1 66 11 44 62
0120_0040_0013_0040_0058.jpg 1 40 13 40 58
0121_0060_0029_0037_0053.jpg 1 60 29 37 53
0122_0055_0010_0051_0073.jpg 1 55 10 51 73
0123_0052_0013_0050_0072.jpg 1 52 13 50 72
0124_0049_0029_0052_0075.jpg 1 49 29 52 75
0125_0112_0025_0050_0072.jpg 1 112 25 50 72
0126_0099_0004_0047_0067.jpg 1 99 4 47 67
0127_0122_0021_0039_0056.jpg 1 122 21 39 56
0128_0042_0040_0035_0050.jpg 1 42 40 35 50
0129_0117_0038_0037_0053.jpg 1 117 38 37 53
0130_0028_0021_0038_0054.jpg 1 28 21 38 54
0131_0030_0012_0037_0053.jpg 1 30 12 37 53
0132_0133_0035_0043_0062.jpg 1 133 35 43 62
0133_0052_0043_0040_0057.jpg 1 52 43 40 57
0134_0041_0008_0051_0073.jpg 1 41 8 51 73
0135_0060_0011_0049_0070.jpg 1 60 11 49 70
0136_0072_0005_0035_0050.jpg 1 72 5 35 50
0137_0035_0041_0036_0052.jpg 1 35 41 36 52
0138_0048_0017_0045_0064.jpg 1 48 17 45 64
0139_0045_0013_0050_0072.jpg 1 45 13 50 72
0140_0036_0032_0038_0054.jpg 1 36 32 38 54
0141_0088_0014_0045_0064.jpg 1 88 14 45 64
0142_0079_0030_0043_0062.jpg 1 79 30 43 62
0143_0108_0008_0044_0064.jpg 1 108 8 44 64
0144_0101_0038_0045_0064.jpg 1 101 38 45 64
0145_0121_0034_0048_0069.jpg 1 121 34 48 69
0146_0072_0039_0036_0051.jpg 1 72 39 36 51
0147_0056_0028_0043_0062.jpg 1 56 28 43 62
0148_0074_0037_0040_0057.jpg 1 74 37 40 57
0149_0054_0016_0047_0067.jpg 1 54 16 47 67
0150_0041_0044_0035_0050.jpg 1 41 44 35 50
0151_0038_0032_0042_0061.jpg 1 38 32 42 61
0152_0070_0027_0040_0057.jpg 1 70 27 40 57
0153_0063_0026_0038_0055.jpg 1 63 26 38 55
0154_0039_0030_0046_0065.jpg 1 39 30 46 65
0155_0029_0017_0038_0054.jpg 1 29 17 38 54
0156_0016_0038_0041_0058.jpg 1 16 38 41 58
0157_0130_0036_0041_0058.jpg 1 130 36 41 58
0158_0028_0037_0040_0057.jpg 1 28 37 40 57
0159_0032_0032_0044_0062.jpg 1 32 32 44 62
0160_0128_0026_0046_0066.jpg 1 128 26 46 66
0161_0121_0030_0048_0069.jpg 1 121 30 48 69
0162_0046_0011_0035_0051.jpg 1 46 11 35 51
0163_0044_0013_0038_0055.jpg 1 44 13 38 55
0164_0113_0037_0039_0055.jpg 1 113 37 39 55
0165_0022_0025_0043_0062.jpg 1 22 25 43 62
0166_0137_0039_0038_0054.jpg 1 137 39 38 54
0167_0066_0036_0045_0064.jpg 1 66 36 45 64
0168_0062_0027_0051_0073.jpg 1 62 27 51 73
0169_0056_0047_0036_0052.jpg 1 56 47 36 52
0170_0105_0005_0050_0071.jpg 1 105 5 50 71
0171_0100_0027_0051_0073.jpg 1 100 27 51 73
0172_0122_0021_0052_0074.jpg 1 122 21 52 74
0173_0016_0018_0045_0064.jpg 1 16 18 45 64
0174_0018_0011_0037_0053.jpg 1 18 11 37 53
0175_0125_0036_0042_0060.jpg 1 125 36 42 60
0176_0085_0042_0040_0057.jpg 1 85 42 40 57
0177_0034_0006_0049_0070.jpg 1 34 6 49 70
0178_0014_0004_0050_0072.jpg 1 14 4 50 72
0179_0059_0029_0045_0065.jpg 1 59 29 45 65
0180_0066_0032_0049_0071.jpg 1 66 32 49 71
0181_0026_0040_0040_0057.jpg 1 26 40 40 57
0182_0043_0011_0042_0060.jpg 1 43 11 42 60
0183_0098_0010_0048_0068.jpg 1 98 10 48 68
0184_0106_0033_0049_0070.jpg 1 106 33 49 70
0185_0098_0009_0052_0075.jpg 1 98 9 52 75
0186_0058_0031_0039_0055.jpg 1 58 31 39 55
0187_0016_0013_0051_0074.jpg 1 16 13 51 74
0188_0037_0034_0035_0050.jpg 1 37 34 35 50
0189_0130_0038_0044_0063.jpg 1 130 38 44 63
0190_0120_0011_0049_0071.jpg 1 120 11 49 71
0191_0121_0020_0035_0050.jpg 1 121 20 35 50
0192_0024_0009_0044_0064.jpg 1 24 9 44 64
0193_0031_0011_0050_0071.jpg 1 31 11 50 71
0194_0032_0026_0040_0058.jpg 1 32 26 40 58
0195_0099_0018_0036_0051.jpg 1 99 18 36 51
0196_0030_0037_0046_0065.jpg 1 30 37 46 65
0197_0116_0027_0037_0054.jpg 1 116 27 37 54
0198_0051_0014_0052_0075.jpg 1 51 14 52 75
0199_0124_0025_0046_0067.jpg 1 124 25 46 67
0200_0085_0005_0045_0065.jpg 1 85 5 45 65
0201_0110_0032_0047_0067.jpg 1 110 32 47 67
0202_0104_0038_0036_0052.jpg 1 104 38 36 52
0203_0087_0026_0050_0072.jpg 1 87 26 50 72
0204_0084_0038_0040_0057.jpg 1 84 38 40 57
0205_0082_0008_0041_0059.jpg 1 82 8 41 59
0206_0016_0029_0041_0058.jpg 1 16 29 41 58
0207_0048_0006_0044_0063.jpg 1 48 6 44 63
0208_0019_0005_0051_0073.jpg 1 19 5 51 73
0209_0112_0032_0041_0058.jpg 1 112 32 41 58
0210_0100_0009_0037_0053.jpg 1 100 9 37 53
0211_0058_0010_0050_0071.jpg 1 58 10 50 71
0212_0048_0023_0047_0067.jpg 1 48 23 47 67
0213_0073_0049_0035_0050.jpg 1 73 49 35 50
0214_0067_0017_0044_0063.jpg 1 67 17 44 63
0215_0089_0008_0039_0056.jpg 1 89 8 39 56
0216_0124_0009_0041_0058.jpg 1 124 9 41 58
0217_0049_0021_0038_0055.jpg 1 49 21 38 55
0218_0024_0031_0045_0065.jpg 1 24 31 45 65
0219_0017_0031_0037_0054.jpg 1 17 31 37 54
0220_0031_0007_0042_0060.jpg 1 31 7 42 60
0221_0045_0004_0048_0069.jpg 1 45 4 48 69
0222_0023_0024_0043_0061.jpg 1 23 24 43 61
0223_0057_0005_0044_0063.jpg 1 57 5 44 63
0224_0070_0021_0038_0054.jpg 1 70 21 38 54
0225_0113_0035_0038_0055.jpg 1 113 35 38 55
0226_0019_0044_0040_0057.jpg 1 19 44 40 57
0227_0101_0014_0050_0071.jpg 1 101 14 50 71
0228_0067_0029_0049_0070.jpg 1 67 29 49 70
0229_0077_0028_0050_0071.jpg 1 77 28 50 71
0230_0088_0016_0044_0064.jpg 1 88 16 44 64
0231_0097_0019_0047_0067.jpg 1 97 19 47 67
0232_0075_0014_0038_0054.jpg 1 75 14 38 54
0233_0077_0019_0040_0057.jpg 1 77 19 40 57
0234_0087_0024_0036_0051.jpg 1 87 24 36 51
0235_0120_0013_0051_0073.jpg 1 120 13 51 73
0236_0100_0014_0049_0070.jpg 1 100 14 49 70
0237_0117_0024_0039_0056.jpg 1 117 24 39 56
0238_0123_0012_0047_0068.jpg 1 123 12 47 68
0239_0102_0030_0045_0065.jpg 1 102 30 45 65
0240_0027_0025_0051_0073.jpg 1 27 25 51 73
0241_0019_0028_0048_0068.jpg 1 19 28 48 68
0242_0073_0029_0037_0053.jpg 1 73 29 37 53
0243_0019_0023_0044_0063.jpg 1 19 23 44 63
0244_0023_0010_0052_0075.jpg 1 23 10 52 75
0245_0034_0006_0036_0052.jpg 1 34 6 36 52
0246_0022_0013_0050_0072.jpg 1 22 13 50 72
0247_0115_0025_0038_0054.jpg 1 115 25 38 54
0248_0043_0034_0046_0066.jpg 1 43 34 46 66
0249_0039_0008_0051_0073.jpg 1 39 8 51 73
0250_0103_0033_0035_0051.jpg 1 103 33 35 51
0251_0119_0029_0039_0056.jpg 1 119 29 39 56
0252_0074_0028_0035_0050.jpg 1 74 28 35 50
0253_0073_0018_0043_0061.jpg 1 73 18 43 61
0254_0028_0026_0045_0065.jpg 1 28 26 45 65
0255_0132_0015_0037_0053.jpg 1 132 15 37 53
0256_0018_0004_0044_0063.jpg 1 18 4 44 63
0257_0124_0026_0046_0067.jpg 1 124 26 46 67
0258_0041_0011_0039_0056.jpg 1 41 11 39 56
0259_0048_0020_0047_0067.jpg 1 48 20 47 67
0260_0102_0011_0052_0074.jpg 1 102 11 52 74
0261_0066_0025_0044_0063.jpg 1 66 25 44 63
0262_0043_0020_0038_0054.jpg 1 43 20 38 54
0263_0109_0017_0036_0052.jpg 1 109 17 36 52
0264_0069_0007_0048_0068.jpg 1 69 7 48 68
0265_0063_0033_0049_0070.jpg 1 63 33 49 70
0266_0126_0024_0039_0056.jpg 1 126 24 39 56
0267_0106_0030_0042_0060.jpg 1 106 30 42 60
0268_0084_0022_0048_0069.jpg 1 84 22 48 69
0269_0072_0006_0039_0056.jpg 1 72 6 39 56
0270_0103_0043_0039_0056.jpg 1 103 43 39 56
0271_0099_0030_0047_0067.jpg 1 99 30 47 67
0272_0127_0038_0043_0062.jpg 1 127 38 43 62
0273_0103_0018_0036_0052.jpg 1 103 18 36 52
0274_0104_0020_0035_0050.jpg 1 104 20 35 50
0275_0047_0035_0037_0054.jpg 1 47 35 37 54
0276_0111_0045_0038_0054.jpg 1 111 45 38 54
0277_0093_0016_0045_0064.jpg 1 93 16 45 64
0278_0095_0033_0038_0054.jpg 1 95 33 38 54
0279_0117_0034_0048_0068.jpg 1 117 34 48 68
0280_0030_0034_0048_0069.jpg 1 30 34 48 69
0281_0082_0008_0049_0070.jpg 1 82 8 49 70
0282_0094_0041_0041_0058.jpg 1 94 41 41 58
0283_0074_0021_0052_0074.jpg 1 74 21 52 74
0284_0119_0026_0052_0074.jpg 1 119 26 52 74
0285_0105_0007_0042_0060.jpg 1 105 7 42 60
0286_0016_0025_0048_0069.jpg 1 16 25 48 69
0287_0123_0044_0036_0052.jpg 1 123 44 36 52
0288_0051_0036_0046_0066.jpg 1 51 36 46 66
0289_0022_0003_0051_0073.jpg 1 22 3 51 73
0290_0046_0039_0038_0054.jpg 1 46 39 38 54
0291_0073_0009_0049_0070.jpg 1 73 9 49 70
0292_0019_0011_0035_0050.jpg 1 19 11 35 50
0293_0133_0014_0036_0052.jpg 1 133 14 36 52
0294_0092_0019_0043_0062.jpg 1 92 19 43 62
0295_0111_0013_0042_0061.jpg 1 111 13 42 61
0296_0042_0014_0050_0071.jpg 1 42 14 50 71
0297_0123_0010_0049_0070.jpg 1 123 10 49 70
0298_0046_0014_0046_0066.jpg 1 46 14 46 66
0299_0022_0006_0039_0057.jpg 1 22 6 39 57
0300_0051_0040_0036_0051.jpg 1 51 40 36 51
0301_0053_0042_0037_0053.jpg 1 53 42 37 53
0302_0112_0021_0037_0052.jpg 1 112 21 37 52
0303_0118_0016_0051_0073.jpg 1 118 16 51 73
0304_0125_0040_0038_0055.jpg 1 125 40 38 55
0305_0020_0016_0052_0075.jpg 1 20 16 52 75
0306_0043_0007_0045_0064.jpg 1 43 7 45 64
0307_0108_0009_0047_0067.jpg 1 108 9 47 67
0308_0081_0031_0040_0057.jpg 1 81 31 40 57
0309_0106_0025_0049_0071.jpg 1 106 25 49 71
0310_0032_0020_0047_0067.jpg 1 32 20 47 67
0311_0130_0028_0044_0063.jpg 1 130 28 44 63
0312_0085_0026_0037_0053.jpg 1 85 26 37 53
0313_0124_0040_0039_0056.jpg 1 124 40 39 56
0314_0053_0028_0050_0071.jpg 1 53 28 50 71
0315_0104_0016_0042_0060.jpg 1 104 16 42 60
0316_0122_0031_0047_0068.jpg 1 122 31 47 68
0317_0021_0027_0041_0059.jpg 1 21 27 41 59
0318_0075_0005_0037_0053.jpg 1 75 5 37 53
0319_0131_0043_0036_0052.jpg 1 131 43 36 52
0320_0063_0013_0041_0059.jpg 1 63 13 41 59
0321_0054_0026_0045_0065.jpg 1 54 26 45 65
0322_0087_0039_0035_0050.jpg 1 87 39 35 50
0323_0129_0036_0043_0061.jpg 1 129 36 43 61
0324_0100_0021_0051_0074.jpg 1 100 21 51 74
0325_0071_0008_0042_0060.jpg 1 71 8 42 60
0326_0057_0009_0047_0067.jpg 1 57 9 47 67
0327_0077_0039_0044_0063.jpg 1 77 39 44 63
0328_0076_0022_0038_0055.jpg 1 76 22 38 55
0329_0034_0010_0047_0067.jpg 1 34 10 47 67
0330_0130_0024_0043_0061.jpg 1 130 24 43 61
0331_0043_0013_0043_0061.jpg 1 43 13 43 61
0332_0109_0008_0039_0056.jpg 1 109 8 39 56
0333_0124_0003_0049_0071.jpg 1 124 3 49 71
0334_0070_0031_0040_0057.jpg 1 70 31 40 57
0335_0048_0032_0045_0064.jpg 1 48 32 45 64
0336_0036_0012_0046_0066.jpg 1 36 12 46 66
0337_0059_0016_0048_0068.jpg 1 59 16 48 68
0338_0033_0007_0042_0060.jpg 1 33 7 42 60
0339_0101_0028_0037_0053.jpg 1 101 28 37 53
0340_0114_0030_0050_0072.jpg 1 114 30 50 72
0341_0133_0013_0043_0062.jpg 1 133 13 43 62
0342_0038_0021_0039_0057.jpg 1 38 21 39 57
0343_0034_0011_0039_0055.jpg 1 34 11 39 55
0344_0100_0026_0046_0066.jpg 1 100 26 46 66
0345_0043_0022_0041_0059.jpg 1 43 22 41 59
0346_0117_0030_0045_0065.jpg 1 117 30 45 65
0347_0059_0042_0041_0059.jpg 1 59 42 41 59
0348_0082_0011_0046_0066.jpg 1 82 11 46 66
0349_0090_0026_0046_0066.jpg 1 90 26 46 66
0350_0097_0013_0040_0057.jpg 1 97 13 40 57
0351_0018_0027_0044_0063.jpg 1 18 27 44 63
0352_0029_0009_0046_0066.jpg 1 29 9 46 66
0353_0048_0008_0036_0052.jpg 1 48 8 36 52
0354_0086_0034_0035_0050.jpg 1 86 34 35 50
0355_0029_0038_0039_0055.jpg 1 29 38 39 55
0356_0047_0033_0045_0064.jpg 1 47 33 45 64
0357_0116_0041_0039_0055.jpg 1 116 41 39 55
0358_0120_0008_0042_0060.jpg 1 120 8 42 60
0359_0116_0027_0050_0072.jpg 1 116 27 50 72
0360_0052_0022_0047_0068.jpg 1 52 22 47 68
0361_0051_0027_0036_0051.jpg 1 51 27 36 51
0362_0093_0036_0044_0063.jpg 1 93 36 44 63
0363_0108_0024_0051_0073.jpg 1 108 24 51 73
0364_0046_0039_0042_0060.jpg 1 46 39 42 60
0365_0043_0010_0046_0066.jpg 1 43 10 46 66
0366_0108_0031_0044_0062.jpg 1 108 31 44 62
0367_0025_0047_0035_0051.jpg 1 25 47 35 51
0368_0089_0031_0037_0054.jpg 1 89 31 37 54
0369_0035_0036_0046_0067.jpg 1 35 36 46 67
0370_0113_0031_0048_0069.jpg 1 113 31 48 69
0371_0027_0016_0052_0074.jpg 1 27 16 52 74
0372_0092_0033_0045_0064.jpg 1 92 33 45 64
0373_0023_0025_0048_0069.jpg 1 23 25 48 69
0374_0077_0012_0041_0059.jpg 1 77 12 41 59
0375_0137_0037_0035_0051.jpg 1 137 37 35 51
0376_0105_0003_0051_0073.jpg 1 105 3 51 73
0377_0073_0017_0043_0061.jpg 1 73 17 43 61
0378_0120_0018_0041_0058.jpg 1 120 18 41 58
0379_0071_0034_0047_0067.jpg 1 71 34 47 67
0380_0043_0040_0044_0063.jpg 1 43 40 44 63
0381_0040_0008_0049_0070.jpg 1 40 8 49 70
0382_0043_0020_0052_0075.jpg 1 43 20 52 75
0383_0036_0008_0039_0056.jpg 1 36 8 39 56
0384_0071_0032_0035_0050.jpg 1 71 32 35 50
0385_0102_0021_0036_0052.jpg 1 102 21 36 52
0386_0047_0044_0036_0052.jpg 1 47 44 36 52
0387_0033_0023_0043_0061.jpg 1 33 23 43 61
0388_0043_0017_0040_0057.jpg 1 43 17 40 57
0389_0057_0033_0035_0050.jpg 1 57 33 35 50
0390_0095_0030_0049_0071.jpg 1 95 30 49 71
0391_0089_0029_0043_0062.jpg 1 89 29 43 62
0392_0018_0010_0045_0065.jpg 1 18 10 45 65
0393_0102_0033_0042_0061.jpg 1 102 33 42 61
0394_0135_0046_0037_0052.jpg 1 135 46 37 52
0395_0116_0033_0043_0061.jpg 1 116 33 43 61
0396_0061_0016_0039_0056.jpg 1 61 16 39 56
0397_0035_0018_0050_0072.jpg 1 35 18 50 72
0398_0045_0009_0038_0054.jpg 1 45 9 38 54
0399_0080_0009_0035_0050.jpg 1 80 9 35 50
0400_0089_0034_0041_0059.jpg 1 89 34 41 59
0401_0131_0024_0038_0055.jpg 1 131 24 38 55
0402_0060_0009_0037_0054.jpg 1 60 9 37 54
0403_0133_0037_0035_0051.jpg 1 133 37 35 51
0404_0124_0010_0036_0051.jpg 1 124 10 36 51
0405_0106_0012_0051_0073.jpg 1 106 12 51 73
0406_0096_0007_0048_0068.jpg 1 96 7 48 68
0407_0133_0042_0038_0054.jpg 1 133 42 38 54
0408_0107_0045_0039_0056.jpg 1 107 45 39 56
0409_0127_0018_0038_0054.jpg 1 127 18 38 54
0410_0033_0041_0037_0053.jpg 1 33 41 37 53
0411_0118_0019_0045_0064.jpg 1 118 19 45 64
0412_0040_0028_0035_0050.jpg 1 40 28 35 50
0413_0119_0011_0050_0072.jpg 1 119 11 50 72
0414_0051_0015_0038_0055.jpg 1 51 15 38 55
0415_0041_0034_0043_0062.jpg 1 41 34 43 62
0416_0022_0020_0045_0065.jpg 1 22 20 45 65
0417_0045_0014_0042_0060.jpg 1 45 14 42 60
0418_0023_0019_0052_0074.jpg 1 23 19 52 74
0419_0058_0022_0035_0050.jpg 1 58 22 35 50
0420_0085_0022_0043_0062.jpg 1 85 22 43 62
0421_0040_0009_0047_0067.jpg 1 40 9 47 67
0422_0050_0005_0042_0060.jpg 1 50 5 42 60
0423_0133_0044_0035_0051.jpg 1 133 44 35 51
0424_0028_0020_0045_0064.jpg 1 28 20 45 64
0425_0106_0023_0035_0050.jpg 1 106 23 35 50
0426_0069_0044_0037_0054.jpg 1 69 44 37 54
0427_0111_0029_0038_0054.jpg 1 111 29 38 54
0428_0067_0023_0050_0072.jpg 1 67 23 50 72
0429_0115_0030_0049_0070.jpg 1 115 30 49 70
0430_0113_0019_0037_0053.jpg 1 113 19 37 53
0431_0047_0008_0043_0062.jpg 1 47 8 43 62
0432_0044_0014_0052_0074.jpg 1 44 14 52 74
0433_0077_0016_0043_0062.jpg 1 77 16 43 62
0434_0028_0004_0048_0069.jpg 1 28 4 48 69
0435_0034_0030_0047_0067.jpg 1 34 30 47 67
0436_0075_0033_0048_0068.jpg 1 75 33 48 68
0437_0116_0033_0044_0063.jpg 1 116 33 44 63
0438_0071_0004_0051_0073.jpg 1 71 4 51 73
0439_0087_0017_0051_0073.jpg 1 87 17 51 73
0440_0062_0020_0051_0074.jpg 1 62 20 51 74
0441_0061_0029_0046_0067.jpg 1 61 29 46 67
0442_0099_0021_0050_0071.jpg 1 99 21 50 71
0443_0037_0037_0041_0059.jpg 1 37 37 41 59
0444_0120_0041_0038_0054.jpg 1 120 41 38 54
0445_0088_0028_0052_0074.jpg 1 88 28 52 74
0446_0129_0036_0044_0063.jpg 1 129 36 44 63
0447_0077_0015_0041_0059.jpg 1 77 15 41 59
0448_0127_0033_0048_0069.jpg 1 127 33 48 69
0449_0059_0011_0047_0068.jpg 1 59 11 47 68
0450_0056_0025_0051_0073.jpg 1 56 25 51 73
0451_0028_0006_0038_0054.jpg 1 28 6 38 54
0452_0038_0006_0048_0068.jpg 1 38 6 48 68
0453_0085_0017_0044_0062.jpg 1 85 17 44 62
0454_0031_0018_0047_0067.jpg 1 31 18 47 67
0455_0124_0037_0043_0061.jpg 1 124 37 43 61
0456_0026_0013_0049_0071.jpg 1 26 13 49 71
0457_0093_0009_0047_0067.jpg 1 93 9 47 67
0458_0106_0006_0037_0053.jpg 1 106 6 37 53
0459_0016_0033_0046_0066.jpg 1 16 33 46 66
0460_0023_0014_0042_0061.jpg 1 23 14 42 61
0461_0132_0039_0044_0063.jpg 1 132 39 44 63
0462_0050_0014_0048_0068.jpg 1 50 14 48 68
0463_0084_0012_0049_0071.jpg 1 84 12 49 71
0464_0100_0022_0041_0059.jpg 1 100 22 41 59
0465_0064_0037_0037_0053.jpg 1 64 37 37 53
0466_0093_0027_0050_0072.jpg 1 93 27 50 72
0467_0021_0019_0050_0071.jpg 1 21 19 50 71
0468_0100_0018_0038_0054.jpg 1 100 18 38 54
0469_0041_0023_0045_0064.jpg 1 41 23 45 64
0470_0043_0025_0050_0071.jpg 1 43 25 50 71
0471_0016_0009_0044_0063.jpg 1 16 9 44 63
0472_0088_0029_0042_0061.jpg 1 88 29 42 61
0473_0110_0017_0052_0074.jpg 1 110 17 52 74
0474_0095_0018_0046_0065.jpg 1 95 18 46 65
0475_0017_0030_0051_0073.jpg 1 17 30 51 73
0476_0082_0037_0043_0062.jpg 1 82 37 43 62
0477_0037_0020_0052_0075.jpg 1 37 20 52 75
0478_0051_0010_0047_0067.jpg 1 51 10 47 67
0479_0076_0014_0049_0071.jpg 1 76 14 49 71
0480_0056_0005_0043_0062.jpg 1 56 5 43 62
0481_0026_0030_0047_0068.jpg 1 26 30 47 68
0482_0056_0026_0043_0061.jpg 1 56 26 43 61
0483_0078_0031_0045_0065.jpg 1 78 31 45 65
0484_0057_0037_0036_0052.jpg 1 57 37 36 52
0485_0043_0041_0042_0060.jpg 1 43 41 42 60
0486_0021_0030_0051_0073.jpg 1 21 30 51 73
0487_0128_0022_0047_0068.jpg 1 128 22 47 68
0488_0100_0025_0038_0055.jpg 1 100 25 38 55
0489_0080_0010_0043_0062.jpg 1 80 10 43 62
0490_0081_0032_0043_0062.jpg 1 81 32 43 62
0491_0017_0007_0050_0072.jpg 1 17 7 50 72
0492_0040_0021_0044_0064.jpg 1 40 21 44 64
0493_0065_0018_0042_0060.jpg 1 65 18 42 60
0494_0064_0009_0050_0072.jpg 1 64 9 50 72
0495_0057_0008_0045_0065.jpg 1 57 8 45 65
0496_0060_0012_0040_0057.jpg 1 60 12 40 57
0497_0026_0013_0036_0052.jpg 1 26 13 36 52
0498_0043_0026_0052_0075.jpg 1 43 26 52 75
0499_0014_0021_0049_0070.jpg 1 14 21 49 70
0500_0055_0005_0046_0066.jpg 1 55 5 46 66
0501_0017_0042_0040_0058.jpg 1 17 42 40 58
0502_0020_0014_0046_0066.jpg 1 20 14 46 66
0503_0095_0031_0046_0066.jpg 1 95 31 46 66
0504_0014_0014_0046_0065.jpg 1 14 14 46 65
0505_0029_0039_0036_0051.jpg 1 29 39 36 51
0506_0123_0045_0036_0051.jpg 1 123 45 36 51
0507_0095_0033_0035_0051.jpg 1 95 33 35 51
0508_0122_0033_0047_0067.jpg 1 122 33 47 67
0509_0103_0015_0052_0075.jpg 1 103 15 52 75
0510_0113_0025_0045_0064.jpg 1 113 25 45 64
0511_0109_0034_0041_0059.jpg 1 109 34 41 59
0512_0033_0013_0044_0063.jpg 1 33 13 44 63
0513_0046_0028_0041_0059.jpg 1 46 28 41 59
0514_0026_0022_0052_0074.jpg 1 26 22 52 74
0515_0051_0021_0045_0065.jpg 1 51 21 45 65
0516_0089_0028_0052_0075.jpg 1 89 28 52 75
0517_0063_0022_0052_0074.jpg 1 63 22 52 74
0518_0047_0027_0040_0058.jpg 1 47 27 40 58
0519_0114_0042_0042_0060.jpg 1 114 42 42 60
0520_0038_0044_0038_0055.jpg 1 38 44 38 55
0521_0096_0020_0039_0057.jpg 1 96 20 39 57
0522_0070_0034_0044_0063.jpg 1 70 34 44 63
0523_0033_0010_0048_0069.jpg 1 33 10 48 69
0524_0127_0025_0037_0053.jpg 1 127 25 37 53
0525_0106_0021_0042_0060.jpg 1 106 21 42 60
0526_0103_0017_0035_0050.jpg 1 103 17 35 50
0527_0114_0028_0042_0060.jpg 1 114 28 42 60
0528_0071_0010_0038_0054.jpg 1 71 10 38 54
0529_0085_0008_0050_0071.jpg 1 85 8 50 71
0530_0034_0017_0049_0070.jpg 1 34 17 49 70
0531_0080_0036_0044_0063.jpg 1 80 36 44 63
0532_0091_0010_0044_0063.jpg 1 91 10 44 63
0533_0111_0043_0037_0053.jpg 1 111 43 37 53
0534_0062_0010_0039_0056.jpg 1 62 10 39 56
0535_0101_0015_0048_0069.jpg 1 101 15 48 69
0536_0126_0014_0038_0054.jpg 1 126 14 38 54
0537_0073_0037_0044_0063.jpg 1 73 37 44 63
0538_0080_0037_0044_0063.jpg 1 80 37 44 63
0539_0121_0030_0050_0071.jpg 1 121 30 50 71
0540_0035_0008_0047_0068.jpg 1 35 8 47 68
0541_0120_0040_0039_0056.jpg 1 120 40 39 56
0542_0122_0034_0038_0055.jpg 1 122 34 38 55
0543_0090_0024_0048_0069.jpg 1 90 24 48 69
0544_0059_0030_0044_0062.jpg 1 59 30 44 62
0545_0132_0036_0041_0059.jpg 1 132 36 41 59
0546_0122_0013_0051_0073.jpg 1 122 13 51 73
0547_0036_0034_0047_0068.jpg 1 36 34 47 68
0548_0069_0015_0047_0068.jpg 1 69 15 47 68
0549_0086_0023_0046_0066.jpg 1 86 23 46 66
0550_0122_0037_0042_0060.jpg 1 122 37 42 60
0551_0054_0006_0042_0060.jpg 1 54 6 42 60
0552_0087_0011_0038_0055.jpg 1 87 11 38 55
0553_0094_0017_0041_0058.jpg 1 94 17 41 58
0554_0074_0031_0039_0055.jpg 1 74 31 39 55
0555_0075_0014_0043_0062.jpg 1 75 14 43 62
0556_0018_0046_0035_0051.jpg 1 18 46 35 51
0557_0124_0028_0049_0070.jpg 1 124 28 49 70
0558_0026_0009_0039_0056.jpg 1 26 9 39 56
0559_0080_0027_0038_0054.jpg 1 80 27 38 54
0560_0069_0036_0039_0056.jpg 1 69 36 39 56
0561_0060_0027_0039_0056.jpg 1 60 27 39 56
0562_0099_0023_0050_0072.jpg 1 99 23 50 72
0563_0022_0012_0036_0051.jpg 1 22 12 36 51
0564_0056_0011_0039_0056.jpg 1 56 11 39 56
0565_0037_0018_0044_0062.jpg 1 37 18 44 62
0566_0030_0007_0044_0063.jpg 1 30 7 44 63
0567_0018_0032_0048_0069.jpg 1 18 32 48 69
0568_0067_0025_0037_0052.jpg 1 67 25 37 52
0569_0068_0046_0038_0054.jpg 1 68 46 38 54
0570_0106_0020_0049_0070.jpg 1 106 20 49 70
0571_0065_0023_0043_0062.jpg 1 65 23 43 62
0572_0058_0018_0040_0057.jpg 1 58 18 40 57
0573_0019_0032_0044_0063.jpg 1 19 32 44 63
0574_0089_0005_0050_0072.jpg 1 89 5 50 72
0575_0132_0010_0039_0056.jpg 1 132 10 39 56
0576_0060_0028_0048_0069.jpg 1 60 28 48 69
0577_0078_0022_0048_0068.jpg 1 78 22 48 68
0578_0030_0019_0048_0068.jpg 1 30 19 48 68
0579_0026_0015_0049_0071.jpg 1 26 15 49 71
0580_0037_0029_0042_0060.jpg 1 37 29 42 60
0581_0131_0023_0043_0062.jpg 1 131 23 43 62
0582_0107_0005_0047_0068.jpg 1 107 5 47 68
0583_0081_0011_0051_0073.jpg 1 81 11 51 73
0584_0124_0010_0044_0063.jpg 1 124 10 44 63
0585_0021_0027_0045_0065.jpg 1 21 27 45 65
0586_0087_0008_0039_0056.jpg 1 87 8 39 56
0587_0023_0034_0042_0060.jpg 1 23 34 42 60
0588_0050_0036_0035_0050.jpg 1 50 36 35 50
0589_0116_0010_0049_0071.jpg 1 116 10 49 71
0590_0076_0005_0047_0067.jpg 1 76 5 47 67
0591_0057_0009_0051_0073.jpg 1 57 9 51 73
0592_0050_0018_0047_0068.jpg 1 50 18 47 68
0593_0024_0020_0050_0072.jpg 1 24 20 50 72
0594_0067_0014_0048_0069.jpg 1 67 14 48 69
0595_0062_0015_0046_0066.jpg 1 62 15 46 66
0596_0093_0027_0044_0064.jpg 1 93 27 44 64
0597_0097_0022_0051_0073.jpg 1 97 22 51 73
0598_0071_0042_0042_0060.jpg 1 71 42 42 60
0599_0137_0014_0039_0056.jpg 1 137 14 39 56
0600_0071_0032_0036_0052.jpg 1 71 32 36 52
0601_0055_0025_0035_0050.jpg 1 55 25 35 50
0602_0085_0022_0043_0062.jpg 1 85 22 43 62
0603_0018_0028_0045_0065.jpg 1 18 28 45 65
0604_0125_0034_0049_0070.jpg 1 125 34 49 70
0605_0051_0035_0044_0063.jpg 1 51 35 44 63
0606_0126_0027_0050_0071.jpg 1 126 27 50 71
0607_0123_0033_0043_0062.jpg 1 123 33 43 62
0608_0081_0050_0035_0051.jpg 1 81 50 35 51
0609_0056_0005_0045_0065.jpg 1 56 5 45 65
0610_0065_0022_0050_0072.jpg 1 65 22 50 72
0611_0106_0020_0051_0074.jpg 1 106 20 51 74
0612_0105_0025_0041_0059.jpg 1 105 25 41 59
0613_0029_0012_0038_0055.jpg 1 29 12 38 55
0614_0102_0026_0051_0073.jpg 1 102 26 51 73
0615_0107_0021_0043_0061.jpg 1 107 21 43 61
0616_0038_0013_0044_0064.jpg 1 38 13 44 64
0617_0047_0023_0050_0072.jpg 1 47 23 50 72
0618_0099_0017_0044_0062.jpg 1 99 17 44 62
0619_0113_0032_0035_0050.jpg 1 113 32 35 50
0620_0021_0011_0049_0071.jpg 1 21 11 49 71
0621_0041_0026_0043_0061.jpg 1 41 26 43 61
0622_0102_0044_0035_0050.jpg 1 102 44 35 50
0623_0098_0016_0048_0069.jpg 1 98 16 48 69
0624_0115_0014_0049_0070.jpg 1 115 14 49 70
0625_0049_0003_0051_0073.jpg 1 49 3 51 73
0626_0098_0029_0050_0072.jpg 1 98 29 50 72
0627_0020_0012_0039_0056.jpg 1 20 12 39 56
0628_0039_0036_0042_0061.jpg 1 39 36 42 61
0629_0080_0010_0049_0071.jpg 1 80 10 49 71
0630_0074_0007_0045_0065.jpg 1 74 7 45 65
0631_0050_0036_0046_0066.jpg 1 50 36 46 66
0632_0100_0032_0044_0063.jpg 1 100 32 44 63
0633_0066_0025_0050_0072.jpg 1 66 25 50 72
0634_0050_0020_0035_0051.jpg 1 50 20 35 51
0635_0109_0013_0040_0057.jpg 1 109 13 40 57
0636_0102_0006_0035_0051.jpg 1 102 6 35 51
0637_0028_0012_0045_0065.jpg 1 28 12 45 65
0638_0075_0015_0039_0056.jpg 1 75 15 39 56
0639_0041_0007_0040_0057.jpg 1 41 7 40 57
0640_0116_0008_0036_0051.jpg 1 116 8 36 51
0641_0040_0022_0047_0067.jpg 1 40 22 47 67
0642_0027_0049_0035_0050.jpg 1 27 49 35 50
0643_0094_0038_0042_0060.jpg 1 94 38 42 60
0644_0110_0010_0050_0071.jpg 1 110 10 50 71
0645_0106_0031_0048_0069.jpg 1 106 31 48 69
0646_0057_0013_0046_0067.jpg 1 57 13 46 67
0647_0038_0016_0039_0056.jpg 1 38 16 39 56
0648_0025_0033_0044_0063.jpg 1 25 33 44 63
0649_0102_0048_0037_0053.jpg 1 102 48 37 53
0650_0040_0027_0035_0051.jpg 1 40 27 35 51
0651_0085_0006_0052_0075.jpg 1 85 6 52 75
0652_0070_0006_0039_0055.jpg 1 70 6 39 55
0653_0040_0038_0039_0055.jpg 1 40 38 39 55
0654_0103_0016_0039_0056.jpg 1 103 16 39 56
0655_0089_0010_0043_0061.jpg 1 89 10 43 61
0656_0025_0017_0047_0067.jpg 1 25 17 47 67
0657_0067_0020_0052_0075.jpg 1 67 20 52 75
0658_0107_0020_0038_0055.jpg 1 107 20 38 55
0659_0115_0030_0050_0072.jpg 1 115 30 50 72
0660_0115_0017_0035_0050.jpg 1 115 17 35 50
0661_0032_0013_0035_0051.jpg 1 32 13 35 51
0662_0085_0037_0038_0054.jpg 1 85 37 38 54
0663_0030_0048_0037_0053.jpg 1 30 48 37 53
0664_0019_0034_0038_0055.jpg 1 19 34 38 55
0665_0090_0016_0044_0064.jpg 1 90 16 44 64
0666_0044_0026_0038_0055.jpg 1 44 26 38 55
0667_0074_0019_0044_0063.jpg 1 74 19 44 63
0668_0092_0014_0037_0053.jpg 1 92 14 37 53
0669_0023_0010_0039_0056.jpg 1 23 10 39 56
0670_0062_0038_0045_0065.jpg 1 62 38 45 65
0671_0110_0015_0043_0062.jpg 1 110 15 43 62
0672_0048_0007_0048_0069.jpg 1 48 7 48 69
0673_0016_0033_0043_0062.jpg 1 16 33 43 62
0674_0066_0007_0050_0072.jpg 1 66 7 50 72
0675_0120_0026_0037_0053.jpg 1 120 26 37 53
0676_0113_0021_0051_0074.jpg 1 113 21 51 74
0677_0051_0013_0052_0074.jpg 1 51 13 52 74
0678_0093_0040_0036_0051.jpg 1 93 40 36 51
0679_0060_0020_0052_0075.jpg 1 60 20 52 75
0680_0124_0006_0052_0075.jpg 1 124 6 52 75
0681_0035_0020_0051_0072.jpg 1 35 20 51 72
0682_0085_0031_0037_0052.jpg 1 85 31 37 52
0683_0099_0029_0051_0073.jpg 1 99 29 51 73
0684_0083_0050_0035_0051.jpg 1 83 50 35 51
0685_0102_0047_0035_0050.jpg 1 102 47 35 50
0686_0091_0037_0038_0054.jpg 1 91 37 38 54
0687_0065_0029_0039_0056.jpg 1 65 29 39 56
0688_0080_0038_0045_0065.jpg 1 80 38 45 65
0689_0133_0016_0041_0059.jpg 1 133 16 41 59
0690_0101_0018_0042_0060.jpg 1 101 18 42 60
0691_0112_0028_0047_0068.jpg 1 112 28 47 68
0692_0082_0025_0044_0063.jpg 1 82 25 44 63
0693_0042_0014_0045_0065.jpg 1 42 14 45 65
0694_0107_0007_0047_0067.jpg 1 107 7 47 67
0695_0051_0004_0050_0072.jpg 1 51 4 50 72
0696_0075_0013_0052_0075.jpg 1 75 13 52 75
0697_0015_0020_0048_0069.jpg 1 15 20 48 69
0698_0065_0020_0052_0075.jpg 1 65 20 52 75
0699_0046_0040_0041_0058.jpg 1 46 40 41 58
0700_0072_0018_0045_0064.jpg 1 72 18 45 64
0701_0042_0045_0037_0054.jpg 1 42 45 37 54
0702_0104_0040_0043_0061.jpg 1 104 40 43 61
0703_0123_0016_0045_0065.jpg 1 123 16 45 65
0704_0023_0027_0052_0075.jpg 1 23 27 52 75
0705_0126_0014_0039_0056.jpg 1 126 14 39 56
0706_0017_0023_0046_0066.jpg 1 17 23 46 66
0707_0082_0016_0038_0055.jpg 1 82 16 38 55
0708_0025_0023_0051_0072.jpg 1 25 23 51 72
0709_0083_0022_0046_0066.jpg 1 83 22 46 66
0710_0085_0007_0051_0074.jpg 1 85 7 51 74
0711_0107_0010_0044_0063.jpg 1 107 10 44 63
0712_0098_0037_0042_0061.jpg 1 98 37 42 61
0713_0063_0024_0035_0051.jpg 1 63 24 35 51
0714_0017_0034_0044_0063.jpg 1 17 34 44 63
0715_0115_0005_0038_0054.jpg 1 115 5 38 54
0716_0128_0016_0048_0069.jpg 1 128 16 48 69
0717_0084_0005_0051_0074.jpg 1 84 5 51 74
0718_0066_0021_0049_0070.jpg 1 66 21 49 70
0719_0018_0020_0038_0054.jpg 1 18 20 38 54
0720_0126_0011_0045_0065.jpg 1 126 11 45 65
0721_0041_0016_0039_0056.jpg 1 41 16 39 56
0722_0046_0024_0043_0062.jpg 1 46 24 43 62
0723_0112_0018_0051_0073.jpg 1 112 18 51 73
0724_0045_0037_0041_0059.jpg 1 45 37 41 59
0725_0024_0007_0052_0074.jpg 1 24 7 52 74
0726_0093_0010_0039_0056.jpg 1 93 10 39 56
0727_0026_0031_0049_0070.jpg 1 26 31 49 70
0728_0058_0017_0043_0062.jpg 1 58 17 43 62
0729_0108_0009_0046_0065.jpg 1 108 9 46 65
0730_0113_0050_0035_0050.jpg 1 113 50 35 50
0731_0112_0010_0048_0069.jpg 1 112 10 48 69
0732_0110_0012_0047_0068.jpg 1 110 12 47 68
0733_0096_0022_0046_0065.jpg 1 96 22 46 65
0734_0055_0026_0041_0059.jpg 1 55 26 41 59
0735_0054_0028_0038_0055.jpg 1 54 28 38 55
0736_0025_0023_0047_0067.jpg 1 25 23 47 67
0737_0047_0025_0043_0062.jpg 1 47 25 43 62
0738_0033_0007_0049_0071.jpg 1 33 7 49 71
0739_0064_0028_0050_0072.jpg 1 64 28 50 72
0740_0070_0029_0052_0074.jpg 1 70 29 52 74
0741_0096_0030_0047_0068.jpg 1 96 30 47 68
0742_0119_0020_0050_0072.jpg 1 119 20 50 72
0743_0017_0015_0045_0064.jpg 1 17 15 45 64
0744_0065_0017_0035_0050.jpg 1 65 17 35 50
0745_0047_0011_0052_0074.jpg 1 47 11 52 74
0746_0077_0012_0048_0069.jpg 1 77 12 48 69
0747_0029_0023_0047_0067.jpg 1 29 23 47 67
0748_0125_0011_0050_0071.jpg 1 125 11 50 71
0749_0072_0021_0045_0064.jpg 1 72 21 45 64
0750_0098_0012_0041_0059.jpg 1 98 12 41 59
0751_0020_0035_0047_0068.jpg 1 20 35 47 68
0752_0021_0027_0044_0063.jpg 1 21 27 44 63
0753_0063_0038_0046_0065.jpg 1 63 38 46 65
0754_0077_0006_0047_0067.jpg 1 77 6 47 67
0755_0124_0027_0046_0065.jpg 1 124 27 46 65
0756_0077_0022_0047_0068.jpg 1 77 22 47 68
0757_0124_0024_0049_0070.jpg 1 124 24 49 70
0758_0124_0008_0048_0069.jpg 1 124 8 48 69
0759_0083_0027_0047_0068.jpg 1 83 27 47 68
0760_0019_0019_0039_0055.jpg 1 19 19 39 55
0761_0035_0012_0050_0072.jpg 1 35 12 50 72
0762_0069_0006_0048_0069.jpg 1 69 6 48 69
0763_0124_0021_0036_0051.jpg 1 124 21 36 51
0764_0041_0016_0049_0071.jpg 1 41 16 49 71
0765_0061_0027_0040_0057.jpg 1 61 27 40 57
0766_0080_0004_0049_0070.jpg 1 80 4 49 70
0767_0096_0021_0039_0056.jpg 1 96 21 39 56
0768_0123_0021_0047_0068.jpg 1 123 21 47 68
0769_0023_0015_0047_0067.jpg 1 23 15 47 67
0770_0112_0018_0050_0072.jpg 1 112 18 50 72
0771_0063_0009_0046_0066.jpg 1 63 9 46 66
0772_0057_0011_0037_0053.jpg 1 57 11 37 53
0773_0059_0032_0049_0070.jpg 1 59 32 49 70
0774_0098_0040_0041_0059.jpg 1 98 40 41 59
0775_0021_0023_0044_0063.jpg 1 21 23 44 63
0776_0122_0028_0050_0071.jpg 1 122 28 50 71
0777_0026_0011_0051_0073.jpg 1 26 11 51 73
0778_0094_0023_0046_0066.jpg 1 94 23 46 66
0779_0128_0024_0047_0067.jpg 1 128 24 47 67
0780_0048_0028_0049_0070.jpg 1 48 28 49 70
0781_0110_0017_0044_0064.jpg 1 110 17 44 64
0782_0130_0017_0044_0063.jpg 1 130 17 44 63
0783_0055_0020_0047_0067.jpg 1 55 20 47 67
0784_0028_0010_0052_0074.jpg 1 28 10 52 74
0785_0059_0049_0035_0050.jpg 1 59 49 35 50
0786_0093_0006_0037_0053.jpg 1 93 6 37 53
0787_0101_0015_0052_0075.jpg 1 101 15 52 75
0788_0083_0026_0046_0065.jpg 1 83 26 46 65
0789_0080_0016_0050_0072.jpg 1 80 16 50 72
0790_0113_0019_0050_0071.jpg 1 113 19 50 71
0791_0132_0025_0038_0055.jpg 1 132 25 38 55
0792_0100_0008_0050_0072.jpg 1 100 8 50 72
0793_0067_0017_0051_0073.jpg 1 67 17 51 73
0794_0044_0006_0046_0066.jpg 1 44 6 46 66
0795_0067_0031_0050_0071.jpg 1 67 31 50 71
0796_0114_0014_0038_0055.jpg 1 114 14 38 55
0797_0053_0015_0052_0075.jpg 1 53 15 52 75
0798_0119_0005_0051_0073.jpg 1 119 5 51 73
0799_0094_0043_0038_0054.jpg 1 94 43 38 54
0800_0108_0022_0043_0061.jpg 1 108 22 43 61
0801_0021_0025_0044_0063.jpg 1 21 25 44 63
0802_0098_0021_0042_0060.jpg 1 98 21 42 60
0803_0015_0026_0050_0072.jpg 1 15 26 50 72
0804_0088_0026_0045_0065.jpg 1 88 26 45 65
0805_0056_0032_0039_0055.jpg 1 56 32 39 55
0806_0115_0041_0039_0055.jpg 1 115 41 39 55
0807_0040_0034_0043_0062.jpg 1 40 34 43 62
0808_0046_0008_0047_0068.jpg 1 46 8 47 68
0809_0051_0005_0048_0068.jpg 1 51 5 48 68
0810_0066_0006_0036_0052.jpg 1 66 6 36 52
0811_0037_0017_0052_0074.jpg 1 37 17 52 74
0812_0050_0039_0042_0060.jpg 1 50 39 42 60
0813_0085_0017_0049_0070.jpg 1 85 17 49 70
