0001_0102_0023_0051_0073.jpg 1 102 23 51 73
0002_0127_0039_0043_0062.jpg 1 127 39 43 62
0003_0042_0029_0047_0067.jpg 1 42 29 47 67
0004_0114_0026_0050_0071.jpg 1 114 26 50 71
0005_0120_0015_0050_0072.jpg 1 120 15 50 72
0006_0067_0028_0044_0063.jpg 1 67 28 44 63
0007_0108_0042_0043_0061.jpg 1 108 42 43 61
0008_0041_0022_0046_0065.jpg 1 41 22 46 65
0009_0020_0035_0044_0063.jpg 1 20 35 44 63
0010_0019_0032_0045_0064.jpg 1 19 32 45 64
0011_0098_0009_0048_0069.jpg 1 98 9 48 69
0012_0118_0041_0035_0050.jpg 1 118 41 35 50
0013_0133_0009_0035_0050.jpg 1 133 9 35 50
0014_0040_0026_0036_0052.jpg 1 40 26 36 52
0015_0093_0030_0050_0071.jpg 1 93 30 50 71
0016_0029_0035_0046_0066.jpg 1 29 35 46 66
0017_0061_0004_0047_0068.jpg 1 61 4 47 68
0018_0056_0005_0043_0062.jpg 1 56 5 43 62
0019_0071_0008_0044_0063.jpg 1 71 8 44 63
0020_0091_0008_0049_0070.jpg 1 91 8 49 70
0021_0031_0026_0045_0064.jpg 1 31 26 45 64
0022_0077_0023_0052_0075.jpg 1 77 23 52 75
0023_0035_0041_0041_0059.jpg 1 35 41 41 59
0024_0053_0041_0041_0059.jpg 1 53 41 41 59
0025_0109_0037_0035_0050.jpg 1 109 37 35 50
0026_0058_0022_0044_0063.jpg 1 58 22 44 63
0027_0018_0014_0048_0069.jpg 1 18 14 48 69
0028_0048_0005_0050_0071.jpg 1 48 5 50 71
0029_0021_0016_0045_0064.jpg 1 21 16 45 64
0030_0112_0005_0041_0059.jpg 1 112 5 41 59
0031_0021_0016_0037_0053.jpg 1 21 16 37 53
0032_0033_0009_0040_0057.jpg 1 33 9 40 57
0033_0109_0017_0047_0067.jpg 1 109 17 47 67
0034_0042_0036_0038_0055.jpg 1 42 36 38 55
0035_0022_0022_0037_0053.jpg 1 22 22 37 53
0036_0016_0030_0044_0063.jpg 1 16 30 44 63
0037_0092_0014_0036_0052.jpg 1 92 14 36 52
0038_0015_0007_0041_0059.jpg 1 15 7 41 59
0039_0025_0020_0044_0063.jpg 1 25 20 44 63
0040_0028_0012_0041_0059.jpg 1 28 12 41 59
0041_0065_0028_0047_0067.jpg 1 65 28 47 67
0042_0029_0013_0036_0052.jpg 1 29 13 36 52
0043_0074_0017_0042_0060.jpg 1 74 17 42 60
0044_0030_0029_0036_0052.jpg 1 30 29 36 52
0045_0047_0031_0037_0053.jpg 1 47 31 37 53
0046_0086_0025_0043_0062.jpg 1 86 25 43 62
0047_0048_0017_0052_0075.jpg 1 48 17 52 75
0048_0094_0028_0043_0062.jpg 1 94 28 43 62
0049_0044_0025_0048_0068.jpg 1 44 25 48 68
0050_0051_0029_0043_0062.jpg 1 51 29 43 62
0051_0048_0015_0047_0067.jpg 1 48 15 47 67
0052_0139_0010_0035_0050.jpg 1 139 10 35 50
0053_0077_0051_0035_0050.jpg 1 77 51 35 50
0054_0106_0006_0044_0063.jpg 1 106 6 44 63
0055_0125_0027_0052_0074.jpg 1 125 27 52 74
0056_0125_0027_0044_0063.jpg 1 125 27 44 63
0057_0038_0039_0038_0054.jpg 1 38 39 38 54
0058_0091_0033_0049_0070.jpg 1 91 33 49 70
0059_0020_0012_0039_0056.jpg 1 20 12 39 56
0060_0132_0025_0039_0055.jpg 1 132 25 39 55
0061_0107_0045_0040_0057.jpg 1 107 45 40 57
0062_0114_0043_0038_0055.jpg 1 114 43 38 55
0063_0035_0029_0044_0063.jpg 1 35 29 44 63
0064_0026_0012_0035_0051.jpg 1 26 12 35 51
0065_0029_0033_0038_0054.jpg 1 29 33 38 54
0066_0114_0012_0044_0064.jpg 1 114 12 44 64
0067_0122_0015_0037_0053.jpg 1 122 15 37 53
0068_0093_0017_0045_0064.jpg 1 93 17 45 64
0069_0085_0014_0044_0063.jpg 1 85 14 44 63
0070_0083_0018_0051_0073.jpg 1 83 18 51 73
0071_0079_0023_0040_0057.jpg 1 79 23 40 57
0072_0111_0035_0041_0059.jpg 1 111 35 41 59
0073_0118_0030_0049_0070.jpg 1 118 30 49 70
0074_0058_0005_0046_0066.jpg 1 58 5 46 66
0075_0090_0012_0045_0064.jpg 1 90 12 45 64
0076_0051_0008_0041_0058.jpg 1 51 8 41 58
0077_0132_0015_0041_0058.jpg 1 132 15 41 58
0078_0053_0005_0038_0055.jpg 1 53 5 38 55
0079_0128_0022_0037_0053.jpg 1 128 22 37 53
0080_0108_0024_0045_0064.jpg 1 108 24 45 64
0081_0103_0047_0038_0055.jpg 1 103 47 38 55
0082_0044_0009_0037_0053.jpg 1 44 9 37 53
0083_0024_0004_0049_0070.jpg 1 24 4 49 70
0084_0084_0027_0038_0055.jpg 1 84 27 38 55
0085_0047_0012_0046_0066.jpg 1 47 12 46 66
0086_0059_0018_0041_0058.jpg 1 59 18 41 58
0087_0098_0006_0038_0055.jpg 1 98 6 38 55
0088_0059_0016_0052_0075.jpg 1 59 16 52 75
0089_0114_0028_0036_0052.jpg 1 114 28 36 52
0090_0084_0036_0041_0059.jpg 1 84 36 41 59
0091_0018_0040_0035_0050.jpg 1 18 40 35 50
0092_0045_0034_0043_0062.jpg 1 45 34 43 62
0093_0094_0025_0040_0057.jpg 1 94 25 40 57
0094_0088_0029_0046_0066.jpg 1 88 29 46 66
0095_0133_0031_0038_0055.jpg 1 133 31 38 55
0096_0041_0014_0045_0065.jpg 1 41 14 45 65
0097_0123_0045_0035_0050.jpg 1 123 45 35 50
0098_0015_0038_0041_0058.jpg 1 15 38 41 58
0099_0074_0045_0035_0050.jpg 1 74 45 35 50
0100_0051_0007_0038_0055.jpg 1 51 7 38 55
0101_0051_0032_0039_0056.jpg 1 51 32 39 56
0102_0108_0032_0042_0061.jpg 1 108 32 42 61
0103_0098_0041_0042_0061.jpg 1 98 41 42 61
0104_0072_0008_0039_0056.jpg 1 72 8 39 56
0105_0126_0042_0040_0057.jpg 1 126 42 40 57
0106_0060_0042_0040_0057.jpg 1 60 42 40 57
0107_0077_0025_0050_0071.jpg 1 77 25 50 71
0108_0032_0016_0038_0055.jpg 1 32 16 38 55
0109_0018_0020_0044_0063.jpg 1 18 20 44 63
0110_0060_0016_0049_0071.jpg 1 60 16 49 71
0111_0109_0027_0043_0062.jpg 1 109 27 43 62
0112_0069_0017_0050_0071.jpg 1 69 17 50 71
0113_0079_0006_0050_0071.jpg 1 79 6 50 71
0114_0110_0028_0045_0064.jpg 1 110 28 45 64
0115_0031_0025_0046_0066.jpg 1 31 25 46 66
0116_0111_0028_0043_0061.jpg 1 111 28 43 61
0117_0114_0004_0046_0066.jpg 1 114 4 46 66
0118_0096_0022_0046_0066.jpg 1 96 22 46 66
0119_0060_0031_0035_0050.jpg 1 60 31 35 50
0120_0048_0042_0040_0057.jpg 1 48 42 40 57
0121_0037_0042_0038_0055.jpg 1 37 42 38 55
0122_0068_0031_0046_0066.jpg 1 68 31 46 66
0123_0115_0018_0039_0056.jpg 1 115 18 39 56
0124_0045_0024_0050_0071.jpg 1 45 24 50 71
0125_0040_0010_0052_0074.jpg 1 40 10 52 74
0126_0121_0009_0045_0064.jpg 1 121 9 45 64
0127_0056_0004_0051_0072.jpg 1 56 4 51 72
0128_0086_0013_0041_0059.jpg 1 86 13 41 59
0129_0106_0024_0050_0071.jpg 1 106 24 50 71
0130_0046_0019_0038_0055.jpg 1 46 19 38 55
0131_0064_0006_0040_0057.jpg 1 64 6 40 57
0132_0050_0005_0038_0054.jpg 1 50 5 38 54
0133_0047_0008_0051_0073.jpg 1 47 8 51 73
0134_0134_0013_0040_0058.jpg 1 134 13 40 58
0135_0083_0025_0048_0069.jpg 1 83 25 48 69
0136_0107_0032_0044_0062.jpg 1 107 32 44 62
0137_0056_0012_0041_0059.jpg 1 56 12 41 59
0138_0124_0035_0046_0066.jpg 1 124 35 46 66
0139_0093_0016_0036_0052.jpg 1 93 16 36 52
0140_0034_0011_0045_0064.jpg 1 34 11 45 64
0141_0116_0037_0042_0060.jpg 1 116 37 42 60
0142_0070_0039_0042_0060.jpg 1 70 39 42 60
0143_0059_0036_0037_0053.jpg 1 59 36 37 53
0144_0100_0009_0052_0074.jpg 1 100 9 52 74
0145_0043_0023_0035_0051.jpg 1 43 23 35 51
0146_0015_0020_0052_0075.jpg 1 15 20 52 75
0147_0103_0006_0044_0063.jpg 1 103 6 44 63
0148_0044_0014_0048_0069.jpg 1 44 14 48 69
0149_0018_0022_0041_0059.jpg 1 18 22 41 59
0150_0047_0016_0051_0073.jpg 1 47 16 51 73
0151_0083_0009_0049_0070.jpg 1 83 9 49 70
0152_0123_0014_0041_0059.jpg 1 123 14 41 59
0153_0071_0009_0046_0066.jpg 1 71 9 46 66
0154_0117_0030_0050_0072.jpg 1 117 30 50 72
0155_0069_0045_0039_0057.jpg 1 69 45 39 57
0156_0019_0036_0046_0066.jpg 1 19 36 46 66
0157_0066_0039_0040_0057.jpg 1 66 39 40 57
0158_0134_0040_0039_0056.jpg 1 134 40 39 56
0159_0066_0032_0039_0057.jpg 1 66 32 39 57
0160_0078_0030_0046_0067.jpg 1 78 30 46 67
0161_0034_0005_0047_0067.jpg 1 34 5 47 67
0162_0031_0035_0042_0060.jpg 1 31 35 42 60
0163_0124_0024_0044_0063.jpg 1 124 24 44 63
0164_0057_0039_0039_0057.jpg 1 57 39 39 57
0165_0056_0043_0040_0057.jpg 1 56 43 40 57
0166_0089_0021_0037_0053.jpg 1 89 21 37 53
0167_0051_0040_0039_0056.jpg 1 51 40 39 56
0168_0014_0026_0047_0068.jpg 1 14 26 47 68
0169_0050_0010_0042_0061.jpg 1 50 10 42 61
0170_0068_0023_0050_0072.jpg 1 68 23 50 72
0171_0041_0010_0052_0075.jpg 1 41 10 52 75
0172_0027_0005_0050_0071.jpg 1 27 5 50 71
0173_0110_0040_0037_0053.jpg 1 110 40 37 53
0174_0017_0020_0052_0075.jpg 1 17 20 52 75
0175_0122_0037_0044_0063.jpg 1 122 37 44 63
0176_0026_0005_0050_0071.jpg 1 26 5 50 71
0177_0076_0006_0045_0064.jpg 1 76 6 45 64
0178_0046_0009_0052_0075.jpg 1 46 9 52 75
0179_0063_0006_0036_0052.jpg 1 63 6 36 52
0180_0048_0032_0049_0070.jpg 1 48 32 49 70
0181_0092_0010_0052_0074.jpg 1 92 10 52 74
0182_0107_0032_0050_0072.jpg 1 107 32 50 72
0183_0055_0007_0050_0071.jpg 1 55 7 50 71
0184_0113_0028_0049_0070.jpg 1 113 28 49 70
0185_0064_0030_0047_0068.jpg 1 64 30 47 68
0186_0076_0041_0041_0058.jpg 1 76 41 41 58
0187_0115_0039_0037_0054.jpg 1 115 39 37 54
0188_0048_0021_0052_0074.jpg 1 48 21 52 74
0189_0083_0010_0048_0069.jpg 1 83 10 48 69
0190_0020_0036_0036_0052.jpg 1 20 36 36 52
0191_0106_0018_0052_0074.jpg 1 106 18 52 74
0192_0068_0014_0044_0063.jpg 1 68 14 44 63
0193_0088_0014_0036_0052.jpg 1 88 14 36 52
0194_0122_0030_0039_0056.jpg 1 122 30 39 56
0195_0108_0035_0035_0050.jpg 1 108 35 35 50
0196_0068_0033_0038_0054.jpg 1 68 33 38 54
0197_0056_0045_0040_0057.jpg 1 56 45 40 57
0198_0128_0033_0045_0065.jpg 1 128 33 45 65
0199_0065_0005_0042_0060.jpg 1 65 5 42 60
0200_0114_0020_0048_0069.jpg 1 114 20 48 69
0201_0056_0017_0047_0068.jpg 1 56 17 47 68
0202_0125_0025_0049_0070.jpg 1 125 25 49 70
0203_0086_0009_0047_0068.jpg 1 86 9 47 68
0204_0036_0022_0042_0060.jpg 1 36 22 42 60
0205_0021_0029_0036_0051.jpg 1 21 29 36 51
0206_0058_0005_0052_0075.jpg 1 58 5 52 75
0207_0133_0032_0037_0053.jpg 1 133 32 37 53
0208_0058_0032_0042_0060.jpg 1 58 32 42 60
0209_0065_0043_0037_0053.jpg 1 65 43 37 53
0210_0038_0006_0040_0057.jpg 1 38 6 40 57
0211_0108_0010_0046_0067.jpg 1 108 10 46 67
0212_0083_0031_0036_0051.jpg 1 83 31 36 51
0213_0080_0012_0042_0061.jpg 1 80 12 42 61
0214_0042_0026_0038_0055.jpg 1 42 26 38 55
0215_0108_0020_0040_0057.jpg 1 108 20 40 57
0216_0079_0024_0051_0073.jpg 1 79 24 51 73
0217_0018_0037_0035_0050.jpg 1 18 37 35 50
0218_0078_0029_0041_0059.jpg 1 78 29 41 59
0219_0102_0022_0052_0075.jpg 1 102 22 52 75
0220_0071_0019_0051_0074.jpg 1 71 19 51 74
0221_0093_0023_0043_0062.jpg 1 93 23 43 62
0222_0016_0014_0048_0069.jpg 1 16 14 48 69
0223_0061_0023_0049_0070.jpg 1 61 23 49 70
0224_0032_0016_0043_0062.jpg 1 32 16 43 62
0225_0018_0043_0039_0056.jpg 1 18 43 39 56
0226_0056_0008_0039_0056.jpg 1 56 8 39 56
0227_0106_0024_0046_0065.jpg 1 106 24 46 65
0228_0121_0012_0041_0059.jpg 1 121 12 41 59
0229_0059_0017_0047_0067.jpg 1 59 17 47 67
0230_0035_0036_0039_0055.jpg 1 35 36 39 55
0231_0094_0019_0051_0073.jpg 1 94 19 51 73
0232_0071_0024_0044_0063.jpg 1 71 24 44 63
0233_0111_0018_0035_0050.jpg 1 111 18 35 50
0234_0017_0008_0038_0054.jpg 1 17 8 38 54
0235_0105_0031_0050_0071.jpg 1 105 31 50 71
0236_0071_0027_0052_0075.jpg 1 71 27 52 75
0237_0130_0026_0037_0053.jpg 1 130 26 37 53
0238_0067_0022_0048_0069.jpg 1 67 22 48 69
0239_0043_0026_0050_0071.jpg 1 43 26 50 71
0240_0121_0039_0042_0060.jpg 1 121 39 42 60
0241_0021_0008_0045_0064.jpg 1 21 8 45 64
0242_0101_0028_0036_0052.jpg 1 101 28 36 52
0243_0059_0016_0048_0069.jpg 1 59 16 48 69
0244_0100_0018_0047_0067.jpg 1 100 18 47 67
0245_0042_0030_0041_0059.jpg 1 42 30 41 59
0246_0053_0021_0050_0072.jpg 1 53 21 50 72
0247_0117_0016_0041_0058.jpg 1 117 16 41 58
0248_0129_0008_0037_0053.jpg 1 129 8 37 53
0249_0071_0035_0038_0054.jpg 1 71 35 38 54
0250_0050_0031_0039_0056.jpg 1 50 31 39 56
0251_0053_0007_0046_0066.jpg 1 53 7 46 66
0252_0061_0044_0040_0058.jpg 1 61 44 40 58
0253_0123_0031_0042_0060.jpg 1 123 31 42 60
0254_0063_0034_0041_0059.jpg 1 63 34 41 59
0255_0079_0034_0046_0066.jpg 1 79 34 46 66
0256_0049_0042_0036_0051.jpg 1 49 42 36 51
0257_0057_0016_0045_0065.jpg 1 57 16 45 65
0258_0042_0022_0047_0068.jpg 1 42 22 47 68
0259_0045_0037_0040_0058.jpg 1 45 37 40 58
0260_0129_0019_0041_0058.jpg 1 129 19 41 58
0261_0075_0014_0052_0074.jpg 1 75 14 52 74
0262_0053_0039_0044_0063.jpg 1 53 39 44 63
0263_0020_0028_0049_0070.jpg 1 20 28 49 70
0264_0039_0023_0042_0060.jpg 1 39 23 42 60
0265_0086_0016_0037_0053.jpg 1 86 16 37 53
0266_0020_0024_0049_0070.jpg 1 20 24 49 70
0267_0056_0030_0041_0058.jpg 1 56 30 41 58
0268_0127_0044_0040_0057.jpg 1 127 44 40 57
0269_0057_0015_0035_0051.jpg 1 57 15 35 51
0270_0082_0021_0046_0065.jpg 1 82 21 46 65
0271_0128_0027_0049_0071.jpg 1 128 27 49 71
0272_0084_0034_0046_0065.jpg 1 84 34 46 65
0273_0096_0032_0047_0067.jpg 1 96 32 47 67
0274_0116_0033_0042_0060.jpg 1 116 33 42 60
0275_0017_0018_0037_0053.jpg 1 17 18 37 53
0276_0116_0024_0042_0060.jpg 1 116 24 42 60
0277_0026_0030_0038_0054.jpg 1 26 30 38 54
0278_0043_0012_0046_0066.jpg 1 43 12 46 66
0279_0122_0026_0040_0058.jpg 1 122 26 40 58
0280_0023_0025_0042_0060.jpg 1 23 25 42 60
0281_0109_0032_0046_0066.jpg 1 109 32 46 66
0282_0110_0015_0048_0069.jpg 1 110 15 48 69
0283_0047_0035_0046_0066.jpg 1 47 35 46 66
0284_0053_0021_0050_0071.jpg 1 53 21 50 71
0285_0035_0038_0036_0051.jpg 1 35 38 36 51
0286_0140_0013_0035_0051.jpg 1 140 13 35 51
0287_0094_0033_0039_0056.jpg 1 94 33 39 56
0288_0052_0020_0045_0064.jpg 1 52 20 45 64
0289_0092_0021_0050_0072.jpg 1 92 21 50 72
0290_0059_0016_0039_0056.jpg 1 59 16 39 56
0291_0113_0032_0048_0068.jpg 1 113 32 48 68
0292_0133_0027_0041_0059.jpg 1 133 27 41 59
0293_0057_0007_0042_0060.jpg 1 57 7 42 60
0294_0055_0014_0037_0053.jpg 1 55 14 37 53
0295_0024_0047_0036_0052.jpg 1 24 47 36 52
0296_0097_0026_0039_0055.jpg 1 97 26 39 55
0297_0061_0010_0045_0064.jpg 1 61 10 45 64
0298_0106_0022_0037_0053.jpg 1 106 22 37 53
0299_0089_0009_0040_0058.jpg 1 89 9 40 58
0300_0100_0026_0039_0056.jpg 1 100 26 39 56
0301_0035_0021_0047_0067.jpg 1 35 21 47 67
0302_0042_0014_0046_0066.jpg 1 42 14 46 66
0303_0064_0016_0050_0072.jpg 1 64 16 50 72
0304_0114_0016_0039_0056.jpg 1 114 16 39 56
0305_0134_0033_0037_0054.jpg 1 134 33 37 54
0306_0041_0014_0036_0052.jpg 1 41 14 36 52
0307_0117_0034_0047_0067.jpg 1 117 34 47 67
0308_0113_0025_0039_0056.jpg 1 113 25 39 56
0309_0131_0026_0042_0061.jpg 1 131 26 42 61
0310_0026_0011_0041_0058.jpg 1 26 11 41 58
0311_0033_0006_0052_0075.jpg 1 33 6 52 75
0312_0096_0041_0042_0060.jpg 1 96 41 42 60
0313_0063_0033_0041_0059.jpg 1 63 33 41 59
0314_0033_0007_0052_0074.jpg 1 33 7 52 74
0315_0044_0016_0050_0071.jpg 1 44 16 50 71
0316_0090_0024_0049_0071.jpg 1 90 24 49 71
0317_0041_0030_0037_0053.jpg 1 41 30 37 53
0318_0117_0013_0051_0074.jpg 1 117 13 51 74
0319_0024_0028_0044_0063.jpg 1 24 28 44 63
0320_0082_0046_0036_0052.jpg 1 82 46 36 52
0321_0056_0035_0046_0066.jpg 1 56 35 46 66
0322_0110_0013_0039_0056.jpg 1 110 13 39 56
0323_0131_0022_0045_0064.jpg 1 131 22 45 64
0324_0132_0024_0036_0051.jpg 1 132 24 36 51
0325_0108_0020_0044_0063.jpg 1 108 20 44 63
0326_0022_0021_0042_0060.jpg 1 22 21 42 60
0327_0054_0012_0039_0056.jpg 1 54 12 39 56
0328_0139_0035_0035_0050.jpg 1 139 35 35 50
0329_0117_0014_0052_0074.jpg 1 117 14 52 74
0330_0046_0032_0036_0052.jpg 1 46 32 36 52
0331_0110_0032_0037_0052.jpg 1 110 32 37 52
0332_0075_0037_0038_0054.jpg 1 75 37 38 54
0333_0129_0021_0042_0060.jpg 1 129 21 42 60
0334_0056_0041_0040_0057.jpg 1 56 41 40 57
0335_0017_0010_0037_0053.jpg 1 17 10 37 53
0336_0101_0030_0045_0064.jpg 1 101 30 45 64
0337_0101_0007_0046_0066.jpg 1 101 7 46 66
0338_0103_0020_0051_0073.jpg 1 103 20 51 73
0339_0071_0018_0052_0074.jpg 1 71 18 52 74
0340_0020_0012_0052_0075.jpg 1 20 12 52 75
0341_0128_0019_0044_0063.jpg 1 128 19 44 63
0342_0112_0010_0039_0056.jpg 1 112 10 39 56
0343_0105_0027_0046_0066.jpg 1 105 27 46 66
0344_0098_0008_0042_0061.jpg 1 98 8 42 61
0345_0102_0006_0046_0066.jpg 1 102 6 46 66
0346_0111_0044_0040_0058.jpg 1 111 44 40 58
0347_0034_0030_0044_0063.jpg 1 34 30 44 63
0348_0062_0035_0037_0053.jpg 1 62 35 37 53
0349_0059_0017_0049_0070.jpg 1 59 17 49 70
0350_0124_0020_0049_0070.jpg 1 124 20 49 70
0351_0115_0036_0045_0064.jpg 1 115 36 45 64
0352_0037_0014_0044_0064.jpg 1 37 14 44 64
0353_0020_0032_0037_0054.jpg 1 20 32 37 54
0354_0072_0022_0048_0069.jpg 1 72 22 48 69
0355_0036_0025_0051_0072.jpg 1 36 25 51 72
0356_0099_0025_0043_0062.jpg 1 99 25 43 62
0357_0017_0006_0042_0061.jpg 1 17 6 42 61
0358_0102_0031_0050_0072.jpg 1 102 31 50 72
0359_0069_0006_0038_0055.jpg 1 69 6 38 55
0360_0014_0009_0048_0069.jpg 1 14 9 48 69
0361_0046_0010_0044_0063.jpg 1 46 10 44 63
0362_0096_0030_0047_0068.jpg 1 96 30 47 68
0363_0097_0014_0044_0064.jpg 1 97 14 44 64
0364_0039_0011_0048_0068.jpg 1 39 11 48 68
0365_0126_0016_0037_0053.jpg 1 126 16 37 53
0366_0085_0004_0048_0069.jpg 1 85 4 48 69
0367_0107_0036_0044_0064.jpg 1 107 36 44 64
0368_0087_0027_0052_0075.jpg 1 87 27 52 75
0369_0125_0031_0043_0061.jpg 1 125 31 43 61
0370_0084_0009_0044_0064.jpg 1 84 9 44 64
0371_0093_0024_0046_0066.jpg 1 93 24 46 66
0372_0097_0007_0036_0052.jpg 1 97 7 36 52
0373_0098_0013_0038_0054.jpg 1 98 13 38 54
0374_0081_0026_0051_0074.jpg 1 81 26 51 74
0375_0067_0010_0047_0068.jpg 1 67 10 47 68
0376_0035_0038_0040_0058.jpg 1 35 38 40 58
0377_0045_0010_0046_0066.jpg 1 45 10 46 66
0378_0092_0011_0047_0068.jpg 1 92 11 47 68
0379_0016_0020_0048_0069.jpg 1 16 20 48 69
0380_0104_0024_0049_0071.jpg 1 104 24 49 71
0381_0067_0024_0052_0075.jpg 1 67 24 52 75
0382_0031_0042_0041_0058.jpg 1 31 42 41 58
0383_0123_0013_0049_0070.jpg 1 123 13 49 70
0384_0063_0018_0051_0074.jpg 1 63 18 51 74
0385_0030_0008_0040_0057.jpg 1 30 8 40 57
0386_0035_0012_0042_0060.jpg 1 35 12 42 60
0387_0107_0022_0051_0073.jpg 1 107 22 51 73
0388_0103_0034_0042_0060.jpg 1 103 34 42 60
0389_0119_0006_0038_0054.jpg 1 119 6 38 54
0390_0132_0020_0035_0050.jpg 1 132 20 35 50
0391_0118_0028_0035_0051.jpg 1 118 28 35 51
0392_0097_0019_0040_0057.jpg 1 97 19 40 57
0393_0036_0028_0049_0070.jpg 1 36 28 49 70
0394_0095_0015_0047_0067.jpg 1 95 15 47 67
0395_0130_0018_0044_0063.jpg 1 130 18 44 63
0396_0056_0009_0044_0063.jpg 1 56 9 44 63
0397_0061_0024_0038_0055.jpg 1 61 24 38 55
0398_0096_0015_0048_0069.jpg 1 96 15 48 69
0399_0111_0026_0048_0069.jpg 1 111 26 48 69
0400_0047_0023_0046_0065.jpg 1 47 23 46 65
0401_0105_0011_0052_0075.jpg 1 105 11 52 75
0402_0032_0018_0043_0061.jpg 1 32 18 43 61
0403_0027_0013_0036_0052.jpg 1 27 13 36 52
0404_0029_0022_0044_0063.jpg 1 29 22 44 63
0405_0114_0030_0051_0072.jpg 1 114 30 51 72
0406_0092_0012_0043_0061.jpg 1 92 12 43 61
0407_0024_0013_0049_0070.jpg 1 24 13 49 70
0408_0060_0009_0044_0063.jpg 1 60 9 44 63
0409_0081_0022_0052_0074.jpg 1 81 22 52 74
0410_0111_0029_0043_0062.jpg 1 111 29 43 62
0411_0086_0019_0039_0056.jpg 1 86 19 39 56
0412_0075_0020_0049_0070.jpg 1 75 20 49 70
0413_0019_0036_0042_0060.jpg 1 19 36 42 60
0414_0095_0024_0049_0070.jpg 1 95 24 49 70
0415_0034_0044_0039_0056.jpg 1 34 44 39 56
0416_0053_0025_0049_0070.jpg 1 53 25 49 70
0417_0061_0006_0041_0059.jpg 1 61 6 41 59
0418_0085_0020_0044_0063.jpg 1 85 20 44 63
0419_0015_0036_0042_0061.jpg 1 15 36 42 61
0420_0066_0037_0035_0051.jpg 1 66 37 35 51
0421_0086_0014_0039_0056.jpg 1 86 14 39 56
0422_0065_0017_0047_0067.jpg 1 65 17 47 67
0423_0055_0014_0037_0053.jpg 1 55 14 37 53
0424_0020_0036_0046_0066.jpg 1 20 36 46 66
0425_0059_0024_0049_0070.jpg 1 59 24 49 70
0426_0022_0033_0039_0056.jpg 1 22 33 39 56
0427_0051_0041_0040_0057.jpg 1 51 41 40 57
0428_0125_0031_0047_0068.jpg 1 125 31 47 68
0429_0028_0037_0040_0058.jpg 1 28 37 40 58
0430_0020_0039_0043_0062.jpg 1 20 39 43 62
0431_0026_0018_0038_0054.jpg 1 26 18 38 54
0432_0048_0034_0041_0058.jpg 1 48 34 41 58
0433_0039_0026_0044_0063.jpg 1 39 26 44 63
0434_0086_0012_0044_0062.jpg 1 86 12 44 62
0435_0065_0026_0049_0070.jpg 1 65 26 49 70
0436_0074_0026_0041_0059.jpg 1 74 26 41 59
0437_0129_0025_0047_0068.jpg 1 129 25 47 68
0438_0018_0014_0050_0072.jpg 1 18 14 50 72
0439_0057_0049_0036_0052.jpg 1 57 49 36 52
0440_0021_0008_0045_0064.jpg 1 21 8 45 64
0441_0026_0022_0040_0057.jpg 1 26 22 40 57
0442_0050_0008_0041_0059.jpg 1 50 8 41 59
0443_0023_0033_0049_0070.jpg 1 23 33 49 70
0444_0103_0033_0040_0058.jpg 1 103 33 40 58
0445_0116_0007_0051_0073.jpg 1 116 7 51 73
0446_0088_0007_0048_0069.jpg 1 88 7 48 69
0447_0124_0034_0035_0050.jpg 1 124 34 35 50
0448_0077_0024_0037_0052.jpg 1 77 24 37 52
0449_0067_0023_0040_0057.jpg 1 67 23 40 57
0450_0029_0031_0050_0072.jpg 1 29 31 50 72
0451_0031_0019_0050_0072.jpg 1 31 19 50 72
0452_0085_0011_0051_0074.jpg 1 85 11 51 74
0453_0105_0020_0051_0072.jpg 1 105 20 51 72
0454_0041_0016_0042_0061.jpg 1 41 16 42 61
0455_0044_0040_0039_0056.jpg 1 44 40 39 56
0456_0128_0026_0036_0052.jpg 1 128 26 36 52
0457_0066_0011_0051_0073.jpg 1 66 11 51 73
0458_0098_0020_0041_0059.jpg 1 98 20 41 59
0459_0082_0003_0052_0074.jpg 1 82 3 52 74
0460_0074_0021_0049_0070.jpg 1 74 21 49 70
0461_0065_0039_0043_0061.jpg 1 65 39 43 61
0462_0111_0022_0043_0062.jpg 1 111 22 43 62
0463_0094_0008_0050_0072.jpg 1 94 8 50 72
0464_0108_0027_0047_0067.jpg 1 108 27 47 67
0465_0026_0029_0042_0061.jpg 1 26 29 42 61
0466_0028_0044_0039_0056.jpg 1 28 44 39 56
0467_0031_0028_0038_0054.jpg 1 31 28 38 54
0468_0060_0016_0042_0060.jpg 1 60 16 42 60
0469_0116_0005_0040_0057.jpg 1 116 5 40 57
0470_0114_0019_0039_0056.jpg 1 114 19 39 56
0471_0039_0046_0035_0051.jpg 1 39 46 35 51
0472_0053_0007_0037_0054.jpg 1 53 7 37 54
0473_0042_0028_0044_0063.jpg 1 42 28 44 63
0474_0124_0006_0039_0055.jpg 1 124 6 39 55
0475_0062_0003_0051_0073.jpg 1 62 3 51 73
0476_0049_0034_0037_0053.jpg 1 49 34 37 53
0477_0062_0027_0050_0072.jpg 1 62 27 50 72
0478_0015_0025_0048_0069.jpg 1 15 25 48 69
0479_0072_0020_0052_0075.jpg 1 72 20 52 75
0480_0016_0039_0045_0064.jpg 1 16 39 45 64
0481_0091_0021_0045_0065.jpg 1 91 21 45 65
0482_0126_0021_0043_0062.jpg 1 126 21 43 62
0483_0119_0040_0039_0056.jpg 1 119 40 39 56
0484_0058_0040_0043_0061.jpg 1 58 40 43 61
0485_0079_0015_0045_0065.jpg 1 79 15 45 65
0486_0030_0027_0038_0055.jpg 1 30 27 38 55
0487_0045_0013_0036_0051.jpg 1 45 13 36 51
0488_0023_0031_0049_0070.jpg 1 23 31 49 70
0489_0016_0030_0045_0064.jpg 1 16 30 45 64
0490_0046_0022_0039_0056.jpg 1 46 22 39 56
0491_0025_0035_0037_0053.jpg 1 25 35 37 53
0492_0110_0015_0048_0069.jpg 1 110 15 48 69
0493_0034_0036_0044_0064.jpg 1 34 36 44 64
0494_0015_0022_0040_0058.jpg 1 15 22 40 58
0495_0032_0029_0052_0075.jpg 1 32 29 52 75
0496_0073_0029_0045_0064.jpg 1 73 29 45 64
0497_0077_0010_0048_0069.jpg 1 77 10 48 69
0498_0018_0040_0042_0060.jpg 1 18 40 42 60
0499_0076_0014_0039_0056.jpg 1 76 14 39 56
0500_0121_0015_0035_0051.jpg 1 121 15 35 51
0501_0050_0033_0049_0070.jpg 1 50 33 49 70
0502_0045_0017_0038_0054.jpg 1 45 17 38 54
0503_0081_0013_0050_0071.jpg 1 81 13 50 71
0504_0102_0014_0049_0071.jpg 1 102 14 49 71
0505_0084_0045_0037_0054.jpg 1 84 45 37 54
0506_0036_0040_0044_0063.jpg 1 36 40 44 63
0507_0037_0048_0037_0053.jpg 1 37 48 37 53
0508_0032_0008_0044_0063.jpg 1 32 8 44 63
0509_0061_0026_0047_0067.jpg 1 61 26 47 67
0510_0040_0010_0040_0058.jpg 1 40 10 40 58
0511_0077_0018_0051_0074.jpg 1 77 18 51 74
0512_0123_0018_0044_0064.jpg 1 123 18 44 64
0513_0020_0024_0050_0071.jpg 1 20 24 50 71
0514_0025_0030_0047_0068.jpg 1 25 30 47 68
0515_0128_0013_0048_0069.jpg 1 128 13 48 69
0516_0040_0017_0038_0055.jpg 1 40 17 38 55
0517_0093_0029_0040_0058.jpg 1 93 29 40 58
0518_0087_0040_0037_0053.jpg 1 87 40 37 53
0519_0015_0046_0039_0056.jpg 1 15 46 39 56
0520_0136_0049_0037_0053.jpg 1 136 49 37 53
0521_0022_0016_0046_0066.jpg 1 22 16 46 66
0522_0124_0034_0035_0050.jpg 1 124 34 35 50
0523_0087_0013_0050_0072.jpg 1 87 13 50 72
0524_0015_0005_0045_0064.jpg 1 15 5 45 64
0525_0073_0043_0036_0052.jpg 1 73 43 36 52
0526_0098_0004_0046_0065.jpg 1 98 4 46 65
0527_0061_0018_0040_0058.jpg 1 61 18 40 58
0528_0017_0037_0040_0057.jpg 1 17 37 40 57
0529_0053_0005_0041_0059.jpg 1 53 5 41 59
0530_0079_0033_0044_0063.jpg 1 79 33 44 63
0531_0106_0035_0035_0050.jpg 1 106 35 35 50
0532_0140_0036_0035_0050.jpg 1 140 36 35 50
0533_0109_0010_0049_0071.jpg 1 109 10 49 71
0534_0029_0007_0047_0067.jpg 1 29 7 47 67
0535_0030_0018_0047_0067.jpg 1 30 18 47 67
0536_0025_0007_0049_0070.jpg 1 25 7 49 70
0537_0094_0013_0040_0057.jpg 1 94 13 40 57
0538_0074_0031_0045_0065.jpg 1 74 31 45 65
0539_0128_0028_0043_0061.jpg 1 128 28 43 61
0540_0074_0018_0048_0068.jpg 1 74 18 48 68
0541_0109_0047_0039_0055.jpg 1 109 47 39 55
0542_0029_0030_0038_0055.jpg 1 29 30 38 55
0543_0072_0035_0041_0059.jpg 1 72 35 41 59
0544_0105_0011_0043_0062.jpg 1 105 11 43 62
0545_0040_0031_0036_0052.jpg 1 40 31 36 52
0546_0100_0017_0041_0059.jpg 1 100 17 41 59
0547_0038_0011_0050_0071.jpg 1 38 11 50 71
0548_0100_0022_0048_0069.jpg 1 100 22 48 69
0549_0105_0023_0052_0075.jpg 1 105 23 52 75
0550_0093_0048_0036_0052.jpg 1 93 48 36 52
0551_0064_0018_0052_0074.jpg 1 64 18 52 74
0552_0098_0012_0044_0063.jpg 1 98 12 44 63
0553_0035_0029_0046_0066.jpg 1 35 29 46 66
0554_0096_0017_0036_0052.jpg 1 96 17 36 52
0555_0025_0018_0037_0053.jpg 1 25 18 37 53
0556_0037_0010_0035_0050.jpg 1 37 10 35 50
0557_0068_0022_0048_0068.jpg 1 68 22 48 68
0558_0092_0009_0041_0059.jpg 1 92 9 41 59
0559_0041_0018_0044_0063.jpg 1 41 18 44 63
0560_0090_0006_0042_0061.jpg 1 90 6 42 61
0561_0064_0017_0040_0057.jpg 1 64 17 40 57
0562_0073_0020_0045_0065.jpg 1 73 20 45 65
0563_0039_0024_0041_0058.jpg 1 39 24 41 58
0564_0108_0020_0035_0050.jpg 1 108 20 35 50
0565_0105_0043_0035_0050.jpg 1 105 43 35 50
0566_0085_0016_0047_0068.jpg 1 85 16 47 68
0567_0117_0013_0045_0064.jpg 1 117 13 45 64
0568_0059_0011_0051_0073.jpg 1 59 11 51 73
0569_0047_0028_0041_0059.jpg 1 47 28 41 59
0570_0120_0005_0038_0055.jpg 1 120 5 38 55
0571_0040_0011_0045_0064.jpg 1 40 11 45 64
0572_0105_0034_0041_0059.jpg 1 105 34 41 59
0573_0106_0011_0035_0050.jpg 1 106 11 35 50
0574_0049_0029_0036_0051.jpg 1 49 29 36 51
0575_0100_0033_0049_0070.jpg 1 100 33 49 70
0576_0135_0033_0036_0051.jpg 1 135 33 36 51
0577_0040_0024_0044_0063.jpg 1 40 24 44 63
0578_0061_0006_0050_0072.jpg 1 61 6 50 72
0579_0053_0008_0041_0058.jpg 1 53 8 41 58
0580_0069_0006_0047_0068.jpg 1 69 6 47 68
0581_0119_0005_0046_0066.jpg 1 119 5 46 66
0582_0077_0013_0048_0069.jpg 1 77 13 48 69
0583_0083_0034_0045_0064.jpg 1 83 34 45 64
0584_0085_0006_0051_0073.jpg 1 85 6 51 73
0585_0019_0017_0050_0071.jpg 1 19 17 50 71
0586_0033_0035_0043_0061.jpg 1 33 35 43 61
0587_0109_0019_0045_0065.jpg 1 109 19 45 65
0588_0114_0020_0037_0053.jpg 1 114 20 37 53
0589_0046_0047_0035_0051.jpg 1 46 47 35 51
0590_0063_0010_0048_0069.jpg 1 63 10 48 69
0591_0061_0018_0050_0072.jpg 1 61 18 50 72
0592_0132_0023_0042_0061.jpg 1 132 23 42 61
0593_0055_0006_0039_0056.jpg 1 55 6 39 56
0594_0073_0014_0047_0067.jpg 1 73 14 47 67
0595_0088_0029_0043_0062.jpg 1 88 29 43 62
0596_0101_0019_0049_0070.jpg 1 101 19 49 70
0597_0127_0013_0046_0066.jpg 1 127 13 46 66
0598_0027_0019_0043_0062.jpg 1 27 19 43 62
0599_0088_0025_0051_0073.jpg 1 88 25 51 73
0600_0061_0046_0039_0055.jpg 1 61 46 39 55
0601_0125_0028_0036_0052.jpg 1 125 28 36 52
0602_0042_0014_0040_0057.jpg 1 42 14 40 57
0603_0090_0022_0036_0052.jpg 1 90 22 36 52
0604_0049_0031_0039_0056.jpg 1 49 31 39 56
0605_0066_0021_0037_0054.jpg 1 66 21 37 54
0606_0033_0036_0038_0054.jpg 1 33 36 38 54
0607_0106_0017_0044_0063.jpg 1 106 17 44 63
0608_0130_0017_0042_0060.jpg 1 130 17 42 60
0609_0076_0025_0044_0063.jpg 1 76 25 44 63
0610_0078_0023_0041_0059.jpg 1 78 23 41 59
0611_0110_0029_0040_0057.jpg 1 110 29 40 57
0612_0024_0024_0046_0066.jpg 1 24 24 46 66
0613_0063_0042_0042_0060.jpg 1 63 42 42 60
0614_0046_0019_0050_0071.jpg 1 46 19 50 71
0615_0105_0018_0048_0068.jpg 1 105 18 48 68
0616_0036_0046_0035_0050.jpg 1 36 46 35 50
0617_0058_0023_0050_0071.jpg 1 58 23 50 71
0618_0113_0035_0046_0067.jpg 1 113 35 46 67
0619_0122_0042_0039_0056.jpg 1 122 42 39 56
0620_0104_0024_0043_0062.jpg 1 104 24 43 62
0621_0040_0030_0040_0057.jpg 1 40 30 40 57
0622_0057_0013_0042_0060.jpg 1 57 13 42 60
0623_0128_0004_0048_0069.jpg 1 128 4 48 69
0624_0077_0040_0039_0057.jpg 1 77 40 39 57
0625_0107_0014_0039_0056.jpg 1 107 14 39 56
0626_0036_0029_0050_0072.jpg 1 36 29 50 72
0627_0038_0021_0047_0068.jpg 1 38 21 47 68
0628_0067_0033_0048_0069.jpg 1 67 33 48 69
0629_0022_0026_0045_0064.jpg 1 22 26 45 64
0630_0047_0020_0045_0064.jpg 1 47 20 45 64
0631_0052_0044_0038_0054.jpg 1 52 44 38 54
0632_0114_0017_0045_0065.jpg 1 114 17 45 65
0633_0092_0022_0043_0062.jpg 1 92 22 43 62
0634_0115_0038_0038_0054.jpg 1 115 38 38 54
0635_0082_0008_0048_0069.jpg 1 82 8 48 69
0636_0075_0008_0052_0074.jpg 1 75 8 52 74
0637_0080_0027_0047_0067.jpg 1 80 27 47 67
0638_0086_0017_0039_0056.jpg 1 86 17 39 56
0639_0067_0027_0038_0055.jpg 1 67 27 38 55
0640_0016_0040_0036_0052.jpg 1 16 40 36 52
0641_0119_0025_0039_0056.jpg 1 119 25 39 56
0642_0029_0004_0045_0065.jpg 1 29 4 45 65
0643_0043_0017_0038_0054.jpg 1 43 17 38 54
0644_0132_0030_0043_0062.jpg 1 132 30 43 62
0645_0122_0035_0036_0051.jpg 1 122 35 36 51
0646_0088_0024_0045_0064.jpg 1 88 24 45 64
0647_0041_0021_0050_0071.jpg 1 41 21 50 71
0648_0019_0015_0037_0053.jpg 1 19 15 37 53
0649_0104_0041_0041_0058.jpg 1 104 41 41 58
0650_0038_0036_0036_0052.jpg 1 38 36 36 52
0651_0075_0025_0040_0057.jpg 1 75 25 40 57
0652_0016_0047_0035_0050.jpg 1 16 47 35 50
0653_0019_0043_0037_0053.jpg 1 19 43 37 53
0654_0048_0029_0052_0075.jpg 1 48 29 52 75
0655_0128_0034_0042_0061.jpg 1 128 34 42 61
0656_0115_0025_0044_0064.jpg 1 115 25 44 64
0657_0114_0022_0037_0054.jpg 1 114 22 37 54
0658_0053_0006_0035_0050.jpg 1 53 6 35 50
0659_0024_0026_0051_0073.jpg 1 24 26 51 73
0660_0121_0023_0040_0057.jpg 1 121 23 40 57
0661_0023_0036_0046_0066.jpg 1 23 36 46 66
0662_0016_0010_0039_0057.jpg 1 16 10 39 57
0663_0126_0020_0048_0069.jpg 1 126 20 48 69
0664_0116_0009_0042_0060.jpg 1 116 9 42 60
0665_0019_0008_0035_0050.jpg 1 19 8 35 50
0666_0095_0040_0039_0055.jpg 1 95 40 39 55
0667_0036_0010_0045_0065.jpg 1 36 10 45 65
0668_0052_0027_0040_0057.jpg 1 52 27 40 57
0669_0047_0023_0045_0064.jpg 1 47 23 45 64
0670_0071_0041_0035_0051.jpg 1 71 41 35 51
0671_0070_0025_0038_0055.jpg 1 70 25 38 55
0672_0036_0025_0046_0065.jpg 1 36 25 46 65
0673_0117_0013_0040_0057.jpg 1 117 13 40 57
0674_0092_0014_0048_0069.jpg 1 92 14 48 69
0675_0055_0033_0041_0058.jpg 1 55 33 41 58
0676_0049_0042_0039_0055.jpg 1 49 42 39 55
0677_0128_0040_0038_0055.jpg 1 128 40 38 55
0678_0116_0025_0045_0064.jpg 1 116 25 45 64
0679_0088_0014_0038_0054.jpg 1 88 14 38 54
0680_0041_0020_0047_0068.jpg 1 41 20 47 68
0681_0022_0007_0051_0072.jpg 1 22 7 51 72
0682_0087_0038_0045_0064.jpg 1 87 38 45 64
0683_0043_0027_0045_0065.jpg 1 43 27 45 65
0684_0063_0009_0051_0073.jpg 1 63 9 51 73
0685_0042_0019_0040_0057.jpg 1 42 19 40 57
0686_0081_0026_0044_0062.jpg 1 81 26 44 62
0687_0118_0024_0044_0064.jpg 1 118 24 44 64
0688_0062_0016_0040_0057.jpg 1 62 16 40 57
0689_0118_0025_0035_0050.jpg 1 118 25 35 50
0690_0087_0008_0045_0064.jpg 1 87 8 45 64
0691_0054_0034_0046_0066.jpg 1 54 34 46 66
0692_0036_0043_0040_0058.jpg 1 36 43 40 58
0693_0045_0030_0051_0073.jpg 1 45 30 51 73
0694_0046_0011_0038_0054.jpg 1 46 11 38 54
0695_0101_0041_0042_0060.jpg 1 101 41 42 60
0696_0042_0016_0051_0073.jpg 1 42 16 51 73
0697_0019_0009_0046_0067.jpg 1 19 9 46 67
0698_0033_0042_0035_0051.jpg 1 33 42 35 51
0699_0123_0014_0038_0055.jpg 1 123 14 38 55
0700_0024_0007_0048_0069.jpg 1 24 7 48 69
0701_0132_0032_0044_0064.jpg 1 132 32 44 64
0702_0037_0027_0051_0073.jpg 1 37 27 51 73
0703_0049_0012_0039_0056.jpg 1 49 12 39 56
0704_0021_0028_0049_0070.jpg 1 21 28 49 70
0705_0016_0007_0037_0053.jpg 1 16 7 37 53
0706_0113_0025_0036_0052.jpg 1 113 25 36 52
0707_0065_0030_0051_0073.jpg 1 65 30 51 73
0708_0038_0023_0046_0066.jpg 1 38 23 46 66
0709_0125_0005_0050_0072.jpg 1 125 5 50 72
0710_0063_0010_0038_0055.jpg 1 63 10 38 55
0711_0061_0032_0039_0055.jpg 1 61 32 39 55
0712_0069_0027_0043_0061.jpg 1 69 27 43 61
0713_0052_0012_0045_0065.jpg 1 52 12 45 65
0714_0016_0015_0046_0065.jpg 1 16 15 46 65
0715_0038_0031_0041_0059.jpg 1 38 31 41 59
0716_0137_0029_0038_0055.jpg 1 137 29 38 55
0717_0016_0015_0052_0074.jpg 1 16 15 52 74
0718_0086_0015_0051_0072.jpg 1 86 15 51 72
0719_0128_0009_0038_0054.jpg 1 128 9 38 54
0720_0088_0028_0051_0074.jpg 1 88 28 51 74
0721_0124_0017_0044_0063.jpg 1 124 17 44 63
0722_0102_0044_0037_0053.jpg 1 102 44 37 53
0723_0044_0013_0038_0054.jpg 1 44 13 38 54
0724_0124_0017_0048_0068.jpg 1 124 17 48 68
0725_0051_0019_0037_0053.jpg 1 51 19 37 53
0726_0117_0009_0044_0063.jpg 1 117 9 44 63
0727_0027_0023_0038_0054.jpg 1 27 23 38 54
0728_0091_0025_0036_0052.jpg 1 91 25 36 52
0729_0121_0023_0051_0073.jpg 1 121 23 51 73
0730_0136_0011_0038_0055.jpg 1 136 11 38 55
0731_0050_0028_0052_0074.jpg 1 50 28 52 74
0732_0124_0026_0045_0065.jpg 1 124 26 45 65
0733_0059_0006_0047_0068.jpg 1 59 6 47 68
0734_0056_0015_0047_0068.jpg 1 56 15 47 68
0735_0080_0008_0041_0059.jpg 1 80 8 41 59
0736_0021_0006_0048_0069.jpg 1 21 6 48 69
0737_0020_0029_0045_0065.jpg 1 20 29 45 65
0738_0049_0010_0043_0062.jpg 1 49 10 43 62
0739_0106_0025_0050_0071.jpg 1 106 25 50 71
0740_0017_0028_0035_0050.jpg 1 17 28 35 50
0741_0058_0026_0047_0067.jpg 1 58 26 47 67
0742_0086_0010_0037_0053.jpg 1 86 10 37 53
0743_0039_0013_0048_0069.jpg 1 39 13 48 69
0744_0111_0018_0042_0060.jpg 1 111 18 42 60
0745_0123_0024_0036_0052.jpg 1 123 24 36 52
0746_0082_0017_0043_0062.jpg 1 82 17 43 62
0747_0015_0029_0044_0063.jpg 1 15 29 44 63
0748_0049_0022_0044_0064.jpg 1 49 22 44 64
0749_0091_0027_0046_0066.jpg 1 91 27 46 66
0750_0053_0019_0040_0057.jpg 1 53 19 40 57
0751_0111_0029_0041_0058.jpg 1 111 29 41 58
0752_0034_0005_0048_0069.jpg 1 34 5 48 69
0753_0108_0009_0052_0074.jpg 1 108 9 52 74
0754_0036_0016_0048_0069.jpg 1 36 16 48 69
0755_0067_0014_0051_0074.jpg 1 67 14 51 74
0756_0032_0009_0037_0053.jpg 1 32 9 37 53
0757_0032_0029_0045_0065.jpg 1 32 29 45 65
0758_0121_0017_0036_0052.jpg 1 121 17 36 52
0759_0057_0014_0042_0060.jpg 1 57 14 42 60
0760_0096_0038_0044_0063.jpg 1 96 38 44 63
0761_0093_0025_0035_0050.jpg 1 93 25 35 50
0762_0079_0017_0051_0073.jpg 1 79 17 51 73
0763_0070_0027_0041_0058.jpg 1 70 27 41 58
0764_0135_0024_0035_0050.jpg 1 135 24 35 50
0765_0021_0018_0036_0052.jpg 1 21 18 36 52
0766_0018_0019_0046_0066.jpg 1 18 19 46 66
0767_0036_0007_0035_0050.jpg 1 36 7 35 50
0768_0123_0030_0038_0054.jpg 1 123 30 38 54
0769_0090_0038_0035_0050.jpg 1 90 38 35 50
0770_0034_0012_0044_0064.jpg 1 34 12 44 64
0771_0088_0009_0048_0069.jpg 1 88 9 48 69
0772_0046_0028_0038_0055.jpg 1 46 28 38 55
0773_0083_0028_0050_0072.jpg 1 83 28 50 72
0774_0044_0039_0041_0059.jpg 1 44 39 41 59
0775_0051_0009_0040_0057.jpg 1 51 9 40 57
0776_0067_0009_0042_0060.jpg 1 67 9 42 60
0777_0033_0006_0049_0070.jpg 1 33 6 49 70
0778_0103_0038_0042_0060.jpg 1 103 38 42 60
0779_0128_0035_0048_0068.jpg 1 128 35 48 68
0780_0111_0004_0048_0068.jpg 1 111 4 48 68
0781_0054_0021_0052_0074.jpg 1 54 21 52 74
0782_0051_0021_0046_0066.jpg 1 51 21 46 66
0783_0036_0038_0038_0055.jpg 1 36 38 38 55
0784_0130_0040_0038_0054.jpg 1 130 40 38 54
0785_0014_0021_0045_0064.jpg 1 14 21 45 64
0786_0077_0010_0052_0074.jpg 1 77 10 52 74
0787_0022_0006_0039_0056.jpg 1 22 6 39 56
0788_0049_0011_0050_0071.jpg 1 49 11 50 71
0789_0067_0014_0037_0054.jpg 1 67 14 37 54
0790_0085_0004_0050_0072.jpg 1 85 4 50 72
0791_0079_0018_0049_0071.jpg 1 79 18 49 71
0792_0116_0046_0037_0053.jpg 1 116 46 37 53
0793_0067_0021_0037_0053.jpg 1 67 21 37 53
0794_0025_0022_0044_0063.jpg 1 25 22 44 63
0795_0016_0031_0035_0050.jpg 1 16 31 35 50
0796_0094_0024_0044_0063.jpg 1 94 24 44 63
0797_0044_0010_0037_0054.jpg 1 44 10 37 54
0798_0065_0041_0036_0051.jpg 1 65 41 36 51
0799_0107_0044_0037_0054.jpg 1 107 44 37 54
0800_0082_0019_0037_0053.jpg 1 82 19 37 53
0801_0110_0029_0040_0058.jpg 1 110 29 40 58
0802_0097_0043_0039_0056.jpg 1 97 43 39 56
0803_0020_0038_0037_0053.jpg 1 20 38 37 53
0804_0074_0031_0043_0062.jpg 1 74 31 43 62
0805_0015_0006_0047_0068.jpg 1 15 6 47 68
0806_0072_0011_0035_0050.jpg 1 72 11 35 50
0807_0074_0005_0038_0054.jpg 1 74 5 38 54
0808_0078_0021_0035_0050.jpg 1 78 21 35 50
0809_0096_0031_0036_0051.jpg 1 96 31 36 51
0810_0098_0038_0041_0059.jpg 1 98 38 41 59
0811_0123_0026_0047_0068.jpg 1 123 26 47 68
0812_0081_0016_0042_0061.jpg 1 81 16 42 61
0813_0136_0009_0035_0050.jpg 1 136 9 35 50
